0.000000000000000000e+00
5.900802394583739077e-04
1.194189026667286232e-03
1.812659875848751483e-03
2.445834230180670560e-03
3.094061650299566313e-03
3.757700007284763173e-03
4.437115680230583822e-03
5.132683758515606959e-03
5.844788248880667010e-03
6.573822287429931417e-03
7.320188356672076464e-03
8.084298507721396354e-03
8.866574587781497416e-03
9.667448473037213927e-03
1.048736230708324779e-02
1.132676874502125744e-02
1.218613120336003129e-02
1.306592411585685322e-02
1.396663319544118147e-02
1.488875570236530485e-02
1.583280071873001751e-02
1.679928942953682475e-02
1.778875541042195668e-02
1.880174492223082167e-02
1.983881721259577249e-02
2.090054482468358538e-02
2.198751391328297722e-02
2.310032456840690682e-02
2.423959114658807285e-02
2.540594261005073989e-02
2.660002287394588188e-02
2.782249116184165941e-02
2.907402236966506390e-02
3.035530743829619252e-02
3.166705373502037846e-02
3.300998544404896290e-02
3.438484396632434520e-02
3.579238832882999932e-02
3.723339560363133488e-02
3.870866133687889121e-02
4.021899998801062304e-02
4.176524537939574344e-02
4.334825115666838397e-02
4.496889126000522263e-02
4.662806040660742030e-02
4.832667458465261107e-02
5.006567155899059596e-02
5.184601138886116983e-02
5.366867695792006815e-02
5.553467451686610462e-02
5.744503423896827471e-02
5.940081078880021792e-02
6.140308390449557979e-02
6.345295899384616189e-02
6.555156774457129853e-02
6.770006874909616224e-02
6.989964814418316019e-02
7.215152026577016653e-02
7.445692831937686385e-02
7.681714506644897467e-02
7.923347352702014845e-02
8.170724769907827811e-02
8.423983329503466344e-02
8.683262849570154429e-02
8.948706472219443431e-02
9.220460742618652450e-02
9.498675689894971186e-02
9.783504909963004759e-02
1.007510565032146976e-01
1.037363889686581248e-01
1.067926946276474692e-01
1.099216607944971391e-01
1.131250148976751940e-01
1.164045254334759444e-01
1.197620029423651505e-01
1.231993010085366130e-01
1.267183172832323235e-01
1.303209945323911267e-01
1.340093217092038214e-01
1.377853350521674181e-01
1.416511192092445026e-01
1.456088083887479845e-01
1.496605875375875694e-01
1.538086935475270756e-01
1.580554164901198655e-01
1.624031008810034871e-01
1.668541469742510497e-01
1.714110120874952348e-01
1.760762119585559393e-01
1.808523221343186493e-01
1.857419793926341489e-01
1.907478831980208844e-01
1.958727971919761446e-01
2.011195507187168163e-01
2.064910403871944855e-01
2.119902316702441114e-01
2.176201605417517337e-01
2.233839351527447670e-01
2.292847375473285321e-01
2.351855399419111037e-01
2.410411753754780617e-01
2.468519895729367197e-01
2.526183256128868848e-01
2.583405239478759885e-01
2.640189224244994248e-01
2.696538563033476499e-01
2.752456582788004869e-01
2.807946584986700245e-01
2.863011845836925806e-01
2.917655616468722291e-01
2.971881123126757784e-01
3.025691567360810907e-01
3.079090126214792389e-01
3.132079952414326129e-01
3.184664174552888083e-01
3.236845897276521278e-01
3.288628201467141965e-01
3.340014144424434117e-01
3.391006760046364477e-01
3.441609059008300942e-01
3.491824028940769264e-01
3.541654634605849727e-01
3.591103818072217679e-01
3.640174498888844590e-01
3.688869574257381823e-01
3.737191919203205481e-01
3.785144386745167844e-01
3.832729808064040955e-01
3.879950992669675136e-01
3.926810728566875186e-01
3.973311782420009264e-01
4.019456899716352116e-01
4.065248804928191517e-01
4.110690201673676825e-01
4.155783772876446291e-01
4.200532180924033687e-01
4.244938067825055894e-01
4.289004055365202017e-01
4.332732745262027896e-01
4.376126719318565450e-01
4.419188539575751862e-01
4.461920748463702457e-01
4.504325868951816192e-01
4.546406404697733161e-01
4.588164840195156913e-01
4.629603640920543772e-01
4.670725253478664185e-01
4.711532105747052723e-01
4.752026607019360083e-01
4.792211148147596522e-01
4.832088101683292836e-01
4.871659822017573305e-01
4.910928645520170055e-01
4.949896890677363825e-01
4.988566858228866696e-01
5.026940831303666757e-01
5.065021075554820840e-01
5.102809839293226402e-01
5.140309353620361454e-01
5.177521832560020298e-01
5.214449473189020079e-01
5.251094455766928126e-01
5.287458943864785654e-01
5.323545084492843360e-01
5.359355008227333350e-01
5.394890829336252969e-01
5.430154645904194943e-01
5.465148539956230511e-01
5.499874577580818880e-01
5.534334809051809634e-01
5.568531268949478141e-01
5.602465976280660565e-01
5.636140934597952956e-01
5.669558132118011073e-01
5.702719541838927597e-01
5.735627121656727834e-01
5.768282814480965026e-01
5.800688548349428597e-01
5.832846236541986418e-01
5.864757777693537788e-01
5.896425055906121537e-01
5.927849940860144828e-01
5.959034287924782625e-01
5.989979938267516735e-01
6.020688718962835528e-01
6.051162443100113197e-01
6.081402909890661901e-01
6.111411904773947912e-01
6.141191199523010624e-01
6.170742552349077759e-01
6.200067708005365663e-01
6.229168397890091358e-01
6.258046340148698539e-01
6.286703239775301988e-01
6.315140788713349274e-01
6.343360665955511957e-01
6.371364537642826287e-01
6.399154057163054521e-01
6.426730865248307945e-01
6.454096590071920492e-01
6.481252847344572965e-01
6.508201240409684507e-01
6.534943360338087981e-01
6.561480786021953726e-01
6.587815084268026089e-01
6.613947809890113883e-01
6.639880505800899169e-01
6.665614703103032168e-01
6.691151921179524509e-01
6.716493667783459687e-01
6.741641439127010749e-01
6.766596719969785179e-01
6.791360983706474785e-01
6.815935692453856110e-01
6.840322297137119145e-01
6.864522237575521046e-01
6.888536942567401455e-01
6.912367829974543909e-01
6.936016306805876663e-01
6.959483769300562894e-01
6.982771603010419215e-01
7.005881182881731339e-01
7.028813873336422491e-01
7.051571028352624504e-01
7.074153991544608333e-01
7.096564096242112818e-01
7.118802665569078370e-01
7.140871012521744499e-01
7.162770440046194453e-01
7.184502241115264809e-01
7.206067698804899946e-01
7.227468086369889244e-01
7.248704667319055828e-01
7.269778695489851339e-01
7.290691415122383390e-01
7.311444060932874578e-01
7.332037858186571944e-01
7.352474022770076889e-01
7.372753761263132199e-01
7.392878271009877267e-01
7.412848740189521557e-01
7.432666347886506264e-01
7.452332264160113073e-01
7.471847650113555561e-01
7.491213657962523254e-01
7.510431431103211652e-01
7.529502104179837119e-01
7.548426803151616626e-01
7.567206645359256800e-01
7.585842739590914485e-01
7.604336186147664378e-01
7.622688076908467059e-01
7.640899495394629648e-01
7.658971516833775750e-01
7.676905208223337995e-01
7.694701628393545434e-01
7.712361828069939085e-01
7.729886849935423410e-01
7.747277728691802645e-01
7.764535491120890809e-01
7.781661156145127656e-01
7.798655734887732782e-01
7.815520230732415641e-01
7.832255639382603718e-01
7.848862948920237725e-01
7.865343139864108268e-01
7.881697185227741764e-01
7.897926050576861146e-01
7.914030694086381379e-01
7.930012066596986431e-01
7.945871111671268805e-01
7.961608765649436092e-01
7.977225957704596748e-01
7.992723609897621762e-01
8.008102637231576670e-01
8.023363947705751675e-01
8.038508442369272089e-01
8.053537015374285790e-01
8.068450554028769872e-01
8.083249938848914296e-01
8.097936043611103640e-01
8.112509735403509170e-01
8.126971874677285657e-01
8.141323315297364083e-01
8.155564904592882414e-01
8.169697483407196703e-01
8.183721886147532487e-01
8.197638940834246490e-01
8.211449469149720848e-01
8.225154286486868749e-01
8.238754201997279258e-01
8.252250018638991325e-01
8.265642533223899191e-01
8.278932536464803649e-01
8.292120813022085812e-01
8.305208141550050049e-01
8.318195294742880552e-01
8.331083039380272615e-01
8.343872136372697534e-01
8.356563340806336670e-01
8.369157401987656897e-01
8.381655063487646329e-01
8.394057063185729195e-01
8.406364133313315445e-01
8.418577000497045049e-01
8.430696385801688120e-01
8.442723004772700879e-01
8.454657567478498503e-01
8.466500778552357165e-01
8.478253337234030740e-01
8.489915937411025570e-01
8.501489267659571025e-01
8.512974011285281417e-01
8.524370846363483745e-01
8.535680445779265657e-01
8.546903477267203675e-01
8.558040603450776107e-01
8.569092481881493972e-01
8.580059765077725498e-01
8.590943100563208645e-01
8.601743130905303847e-01
8.612460493752904789e-01
8.623095821874113831e-01
8.633649743193582138e-01
8.644122880829591127e-01
8.654515853130835268e-01
8.664829273712942870e-01
8.675063751494693776e-01
8.685219890733975046e-01
8.695298291063454643e-01
8.705299547525993109e-01
8.715224250609757695e-01
8.725072986283108900e-01
8.734846336029177261e-01
8.744544876880206985e-01
8.754169181451617598e-01
8.763719817975816895e-01
8.773197350335747435e-01
8.782602338098175476e-01
8.791935336546744528e-01
8.801196896714734708e-01
8.810387565417617806e-01
8.819507885285331472e-01
8.828558394794321362e-01
8.837539628299330152e-01
8.846452116064951188e-01
8.855296384296929002e-01
8.864072955173235568e-01
8.872782346874894532e-01
8.881425073616576737e-01
8.890001645676958164e-01
8.898512569428854713e-01
8.906958347369112738e-01
8.915339478148277541e-01
8.923656456600036480e-01
8.931909773770432270e-01
8.940099916946857572e-01
8.948227369686824195e-01
8.956292611846513596e-01
8.964296119609105329e-01
8.972238365512893443e-01
8.980119818479195271e-01
8.987940943840012631e-01
8.995702203365533167e-01
9.003404055291376329e-01
9.011046954345655058e-01
9.018631351775823202e-01
9.026157695375317536e-01
9.033626429509991063e-01
9.041037995144358685e-01
9.048392829867623055e-01
9.055691367919515011e-01
9.062934040215935294e-01
9.070121274374389753e-01
9.077253494739236928e-01
9.084331122406743564e-01
9.091354575249951386e-01
9.098324267943345145e-01
9.105240611987325261e-01
9.112104015732529483e-01
9.118914884403911403e-01
9.125673620124686858e-01
9.132380621940070498e-01
9.139036285840829166e-01
9.145641004786677630e-01
9.152195168729456709e-01
9.158699164636180390e-01
9.165153376511864236e-01
9.171558185422206133e-01
9.177913969516086068e-01
9.184221104047888273e-01
9.190479961399662390e-01
9.196690911103100330e-01
9.202854319861359933e-01
9.208970551570724306e-01
9.215039967342064653e-01
9.221062925522179876e-01
9.227039781714950761e-01
9.232970888802327636e-01
9.238856596965168144e-01
9.244697253703921813e-01
9.250493203859131430e-01
9.256244789631800085e-01
9.261952350603602779e-01
9.267616223756922622e-01
9.273236743494757128e-01
9.278814241660451323e-01
9.284349047557303169e-01
9.289841487967994693e-01
9.295291887173892098e-01
9.300700566974193784e-01
9.306067846704916269e-01
9.311394043257769093e-01
9.316679471098843202e-01
9.321924442287198298e-01
9.327129266493268123e-01
9.332294251017158038e-01
9.337419700806777190e-01
9.342505918475854099e-01
9.347553204321797926e-01
9.352561856343422075e-01
9.357532170258551218e-01
9.362464439521475112e-01
9.367358955340266968e-01
9.372216006693993018e-01
9.377035880349758878e-01
9.381818860879649336e-01
9.386565230677521576e-01
9.391275269975695172e-01
9.395949256861477750e-01
9.400587467293596289e-01
9.405190175118477436e-01
9.409757652086437885e-01
9.414290167867702674e-01
9.418787990068349103e-01
9.423251384246089657e-01
9.427680613925966124e-01
9.432075940615887166e-01
9.436437623822095944e-01
9.440765921064470101e-01
9.445061087891734042e-01
9.449323377896547971e-01
9.453553042730473699e-01
9.457750332118843861e-01
9.461915493875492356e-01
9.466048773917402626e-01
9.470150416279204952e-01
9.474220663127606024e-01
9.478259754775675283e-01
9.482267929697031361e-01
9.486245424539931914e-01
9.490192474141236900e-01
9.494109311540276375e-01
9.497996167992609484e-01
9.501853272983680210e-01
9.505680854242363198e-01
9.509479137754411893e-01
9.513248347775796754e-01
9.516988706845954660e-01
9.520700435800915074e-01
9.524383753786349605e-01
9.528038878270502776e-01
9.531666025057041747e-01
9.535265408297785017e-01
9.538837240505354531e-01
9.542381732565724528e-01
9.545899093750659370e-01
9.549389531730091418e-01
9.552853252584357913e-01
9.556290460816383447e-01
9.559701359363752537e-01
9.563086149610688924e-01
9.566445031399941623e-01
9.569778203044591036e-01
9.573085861339757363e-01
9.576368201574207983e-01
9.579625417541911547e-01
9.582857701553447738e-01
9.586065244447389277e-01
9.589248235601557369e-01
9.592406862944202750e-01
9.595541312965102376e-01
9.598651770726573940e-01
9.601738419874388253e-01
9.604801442648635001e-01
9.607841019894460821e-01
9.610857331072762966e-01
9.613850554270770843e-01
9.616820866212567598e-01
9.619768442269529540e-01
9.622693456470670093e-01
9.625596081512920454e-01
9.628476488771322561e-01
9.631334848309150987e-01
9.634171328887952690e-01
9.636986097977511267e-01
9.639779321765727937e-01
9.642551165168445904e-01
9.645301791839175909e-01
9.648031364178767388e-01
9.650740043344986363e-01
9.653427989262044484e-01
9.656095360630024826e-01
9.658742314934267714e-01
9.661369008454659957e-01
9.663975596274857471e-01
9.666562232291456835e-01
9.669129069223064699e-01
9.671676258619326116e-01
9.674203950869862956e-01
9.676712295213166781e-01
9.679201439745394042e-01
9.681671531429120181e-01
9.684122716102016026e-01
9.686555138485455352e-01
9.688968942193055822e-01
9.691364269739164428e-01
9.693741262547274085e-01
9.696100060958363631e-01
9.698440804239190083e-01
9.700763630590516495e-01
9.703068677155255450e-01
9.705356080026585897e-01
9.707625974255966739e-01
9.709878493861135995e-01
9.712113771833996712e-01
9.714331940148491773e-01
9.716533129768381016e-01
9.718717470654978374e-01
9.720885091774826847e-01
9.723036121107310192e-01
9.725170685652204661e-01
9.727288911437196317e-01
9.729390923525291779e-01
9.731476846022228955e-01
9.733546802083787863e-01
9.735600913923074806e-01
9.737639302817723275e-01
9.739662089117064880e-01
9.741669392249234782e-01
9.743661330728217163e-01
9.745638022160846292e-01
9.747599583253749866e-01
9.749546129820241269e-01
9.751477776787150775e-01
9.753394638201619005e-01
9.755296827237825985e-01
9.757184456203672474e-01
9.759057636547413539e-01
9.760916478864239965e-01
9.762761092902798588e-01
9.764591587571688214e-01
9.766408070945867825e-01
9.768210650273064788e-01
9.769999431980079807e-01
9.771774521679090775e-01
9.773536024173873349e-01
9.775284043465998218e-01
9.777018682760978407e-01
9.778740044474335535e-01
9.780448230237678287e-01
9.782143340904682072e-01
9.783825476557053147e-01
9.785494736510433889e-01
9.787151219320266993e-01
9.788795022787614153e-01
9.790426243964933661e-01
9.792044979161806939e-01
9.793651323950620657e-01
9.795245373172222214e-01
9.796827220941506376e-01
9.798396960652977494e-01
9.799954684986267317e-01
9.801500485911596172e-01
9.803034454695216393e-01
9.804556681904790238e-01
9.806067257414742278e-01
9.807566270411561815e-01
9.809053809399075341e-01
9.810529962203665688e-01
9.811994815979460105e-01
9.813448457213471698e-01
9.814890971730716451e-01
9.816322444699268068e-01
9.817742960635296168e-01
9.819152603408043412e-01
9.820551456244795974e-01
9.821939601735779624e-01
9.823317121839048038e-01
9.824684097885315603e-01
9.826040610582760237e-01
9.827386740021787359e-01
9.828722565679763878e-01
9.830048166425706668e-01
9.831363620524935509e-01
9.832669005643703830e-01
9.833964398853776157e-01
9.835249876636976696e-01
9.836525514889712385e-01
9.837791388927452640e-01
9.839047573489170251e-01
9.840294142741757843e-01
9.841531170284413266e-01
9.842758729152967234e-01
9.843976891824216535e-01
9.845185730220189502e-01
9.846385315712394837e-01
9.847575719126036020e-01
9.848757010744201290e-01
9.849929260311995893e-01
9.851092537040678776e-01
9.852246909611732661e-01
9.853392446180929687e-01
9.854529214382349300e-01
9.855657281332381725e-01
9.856776713633672582e-01
9.857887577379076394e-01
9.858989938155539035e-01
9.860083861047983511e-01
9.861169410643146893e-01
9.862246651033399480e-01
9.863315645820516231e-01
9.864376458119451518e-01
9.865429150562041727e-01
9.866473785300724497e-01
9.867510424012193582e-01
9.868539127901052588e-01
9.869559957703416542e-01
9.870572973690504570e-01
9.871578235672195945e-01
9.872575803000569472e-01
9.873565734573392927e-01
9.874548088837611370e-01
9.875522923792796615e-01
9.876490296994565599e-01
9.877450265557988773e-01
9.878402886160948526e-01
9.879348215047503157e-01
9.880286308031187570e-01
9.881217220498329512e-01
9.882141007411299194e-01
9.883057723311772236e-01
9.883967422323931551e-01
9.884870158157688103e-01
9.885765984111820615e-01
9.886654953077151919e-01
9.887537117539648701e-01
9.888412529583540111e-01
9.889281240894377545e-01
9.890143302762088862e-01
9.890998766084015958e-01
9.891847681367909040e-01
9.892690098734912008e-01
9.893526067922526757e-01
9.894355638287545274e-01
9.895178858808958422e-01
9.895995778090860284e-01
9.896806444365306987e-01
9.897610905495174416e-01
9.898409208976967077e-01
9.899201401943640288e-01
9.899987531167377952e-01
9.900767643062347023e-01
9.901541783687445308e-01
9.902309998749019293e-01
9.903072333603563093e-01
9.903828833260388542e-01
9.904579542384296387e-01
9.905324505298203075e-01
9.906063765985758662e-01
9.906797368093953615e-01
9.907525354935681206e-01
9.908247769492299906e-01
9.908964654416180240e-01
9.909676052033207228e-01
9.910382004345293927e-01
9.911082553032850573e-01
9.911777739457253711e-01
9.912467604663282028e-01
9.913152189381541080e-01
9.913831534030871362e-01
9.914505678720731963e-01
9.915174663253569776e-01
9.915838527127164292e-01
9.916497309536966842e-01
9.917151049378417627e-01
9.917799785249229449e-01
9.918443555451671445e-01
9.919082397994843925e-01
9.919716350596898824e-01
9.920345450687286792e-01
9.920969735408958767e-01
9.921589241620555333e-01
9.922204005898592749e-01
9.922814064539612344e-01
9.923419453562328796e-01
9.924020208709760649e-01
9.924616365451328637e-01
9.925207958984961776e-01
9.925795024239171260e-01
9.926377595875107707e-01
9.926955708288620617e-01
9.927529395612273433e-01
9.928098691717367474e-01
9.928663630215943670e-01
9.929224244462756532e-01
9.929780567557259241e-01
9.930332632345545418e-01
9.930880471422290912e-01
9.931424117132684470e-01
9.931963601574326228e-01
9.932498956599135065e-01
9.933030213815218223e-01
9.933557404588746476e-01
9.934080560045795982e-01
9.934599711074206807e-01
9.935114888325371485e-01
9.935626122216083544e-01
9.936133442930302762e-01
9.936636880420955942e-01
9.937136464411696624e-01
9.937632224398659231e-01
9.938124189652211005e-01
9.938612389218668408e-01
9.939096851922015752e-01
9.939577606365609386e-01
9.940054680933864129e-01
9.940528103793927484e-01
9.940997902897351635e-01
9.941464105981729915e-01
9.941926740572345489e-01
9.942385833983795607e-01
9.942841413321590327e-01
9.943293505483778993e-01
9.943742137162507877e-01
9.944187334845623338e-01
9.944629124818218369e-01
9.945067533164192453e-01
9.945502585767783676e-01
9.945934308315111938e-01
9.946362726295676637e-01
9.946787865003874352e-01
9.947209749540493195e-01
9.947628404814183867e-01
9.948043855542939573e-01
9.948456126255549314e-01
9.948865241293058936e-01
9.949271224810188885e-01
9.949674100776774166e-01
9.950073892979176549e-01
9.950470625021687887e-01
9.950864320327921231e-01
9.951255002142196382e-01
9.951642693530918793e-01
9.952027417383928487e-01
9.952409196415857862e-01
9.952788053167479498e-01
9.953164010007021778e-01
9.953537089131504478e-01
9.953907312568042176e-01
9.954274702175142098e-01
9.954639279644001970e-01
9.955001066499783446e-01
9.955360084102894414e-01
9.955716353650230221e-01
9.956069896176445999e-01
9.956420732555187891e-01
9.956768883500325407e-01
9.957114369567178214e-01
9.957457211153725174e-01
9.957797428501813375e-01
9.958135041698357171e-01
9.958470070676501695e-01
9.958802535216835228e-01
9.959132454948523838e-01
9.959459849350493776e-01
9.959784737752565009e-01
9.960107139336606963e-01
9.960427073137660958e-01
9.960744558045060426e-01
9.961059612803562224e-01
9.961372256014442428e-01
9.961682506136586568e-01
9.961990381487606516e-01
9.962295900244885205e-01
9.962599080446676858e-01
9.962899939993170584e-01
9.963198496647530655e-01
9.963494768036963434e-01
9.963788771653742105e-01
9.964080524856253618e-01
9.964370044870014542e-01
9.964657348788692470e-01
9.964942453575112991e-01
9.965225376062261109e-01
9.965506132954274898e-01
9.965784740827434707e-01
9.966061216131139044e-01
9.966335575188880469e-01
9.966607834199194826e-01
9.966878009236639357e-01
9.967146116252727506e-01
9.967412171076870386e-01
9.967676189417314925e-01
9.967938186862077554e-01
9.968198178879850158e-01
9.968456180820927104e-01
9.968712207918105639e-01
9.968966275287581835e-01
9.969218397929847653e-01
9.969468590730578006e-01
9.969716868461506731e-01
9.969963245781298111e-01
9.970207737236410628e-01
9.970450357261965157e-01
9.970691120182587630e-01
9.970930040213255019e-01
9.971167131460143551e-01
9.971402407921448052e-01
9.971635883488225716e-01
9.971867571945197684e-01
9.972097486971569502e-01
9.972325642141853796e-01
9.972552050926649647e-01
9.972776726693444171e-01
9.972999682707411884e-01
9.973220932132187411e-01
9.973440488030647089e-01
9.973658363365675017e-01
9.973874571000942435e-01
9.974089123701644910e-01
9.974302034135276163e-01
9.974513314872366365e-01
9.974722978387223771e-01
9.974931037058677452e-01
9.975137503170801168e-01
9.975342388913647218e-01
9.975545706383949218e-01
9.975747467585860395e-01
9.975947684431641926e-01
9.976146368742380144e-01
9.976343532248670432e-01
9.976539186591324437e-01
9.976733343322047309e-01
9.976926013904123813e-01
9.977117209713095569e-01
9.977306942037431625e-01
9.977495222079192372e-01
9.977682060954693455e-01
9.977867469695166358e-01
9.978051459247401223e-01
9.978234040474398547e-01
9.978415224156008678e-01
9.978595020989571296e-01
9.978773441590542692e-01
9.978950496493126376e-01
9.979126196150884809e-01
9.979300550937377778e-01
9.979473571146754152e-01
9.979645266994371378e-01
9.979815648617388346e-01
9.979984726075377122e-01
9.980152509350908030e-01
9.980319008350136967e-01
9.980484232903401587e-01
9.980648192765787519e-01
9.980810897617715671e-01
9.980972357065511780e-01
9.981132580641962626e-01
9.981291577806891135e-01
9.981449357947719259e-01
9.981605930380000880e-01
9.981761304347993580e-01
9.981915489025193766e-01
9.982068493514881791e-01
9.982220326850654857e-01
9.982370997996965478e-01
9.982520515849651055e-01
9.982668889236453458e-01
9.982816126917545274e-01
9.982962237586044951e-01
9.983107229868530830e-01
9.983251112325550736e-01
9.983393893452124912e-01
9.983535581678250059e-01
9.983676185369402267e-01
9.983815712827011080e-01
9.983954172288984630e-01
9.984091571930153730e-01
9.984227919862790346e-01
9.984363224137065007e-01
9.984497492741528646e-01
9.984630733603593322e-01
9.984762954589985195e-01
9.984894163507210818e-01
9.985024368102034531e-01
9.985153576061915892e-01
9.985281795015471529e-01
9.985409032532929219e-01
9.985535296126571980e-01
9.985660593251173278e-01
9.985784931304457768e-01
9.985908317627512076e-01
9.986030759505242216e-01
9.986152264166784365e-01
9.986272838785946737e-01
9.986392490481620365e-01
9.986511226318209866e-01
9.986629053306047554e-01
9.986745978401799784e-01
9.986862008508889943e-01
9.986977150477897025e-01
9.987091411106967520e-01
9.987204797142205104e-01
9.987317315278078089e-01
9.987428972157819107e-01
9.987539774373805912e-01
9.987649728467952182e-01
9.987758840932106086e-01
9.987867118208417772e-01
9.987974566689733491e-01
9.988081192719953094e-01
9.988187002594435260e-01
9.988292002560337224e-01
9.988396198817007798e-01
9.988499597516337092e-01
9.988602204763131764e-01
9.988704026615463638e-01
9.988805069085040511e-01
9.988905338137549217e-01
9.989004839693015336e-01
9.989103579626148477e-01
9.989201563766696434e-01
9.989298797899777149e-01
9.989395287766228426e-01
9.989491039062952105e-01
9.989586057443231581e-01
9.989680348517090414e-01
9.989773917851605400e-01
9.989866770971237431e-01
9.989958913358167880e-01
9.990050350452611694e-01
9.990141087653140461e-01
9.990231130317006603e-01
9.990320483760457559e-01
9.990409153259041108e-01
9.990497144047933986e-01
9.990584461322231657e-01
9.990671110237265840e-01
9.990757095908914254e-01
9.990842423413891504e-01
9.990927097790049949e-01
9.991011124036685009e-01
9.991094507114820500e-01
9.991177251947517268e-01
9.991259363420139650e-01
9.991340846380664109e-01
9.991421705639963458e-01
9.991501945972074417e-01
9.991581572114504040e-01
9.991660588768489504e-01
9.991739000599285658e-01
9.991816812236433698e-01
9.991894028274044270e-01
9.991970653271060598e-01
9.992046691751527154e-01
9.992122148204864995e-01
9.992197027086123784e-01
9.992271332816264895e-01
9.992345069782397893e-01
9.992418242338055867e-01
9.992490854803449674e-01
9.992562911465722175e-01
9.992634416579199153e-01
9.992705374365642434e-01
9.992775789014497478e-01
9.992845664683146500e-01
9.992915005497143843e-01
9.992983815550471327e-01
9.993052098905768066e-01
9.993119859594578047e-01
9.993187101617589940e-01
9.993253828944864692e-01
9.993320045516079775e-01
9.993385755240750123e-01
9.993450961998476823e-01
9.993515669639150278e-01
9.993579881983202240e-01
9.993643602821822292e-01
9.993706835917175457e-01
9.993769585002633127e-01
9.993831853782989549e-01
9.993893645934677217e-01
9.993954965105994459e-01
9.994015814917309726e-01
9.994076198961284740e-01
9.994136120803072121e-01
9.994195583980544084e-01
9.994254592004490068e-01
9.994344363364646711e-01
9.994446243751418102e-01
9.994547344307389558e-01
9.994647671001677391e-01
9.994747229757710016e-01
9.994846026453576560e-01
9.994944066922373249e-01
9.995041356952545364e-01
9.995137902288231402e-01
9.995233708629607250e-01
9.995328781633205928e-01
9.995423126912277301e-01
9.995516750037096720e-01
9.995609656535302534e-01
9.995701851892226930e-01
9.995793341551213462e-01
9.995884130913934573e-01
9.995974225340724661e-01
9.996063630150886503e-01
9.996152350623002114e-01
9.996240391995254715e-01
9.996327759465728491e-01
9.996414458192719454e-01
9.996500493295044087e-01
9.996585869852336881e-01
9.996670592905345654e-01
9.996754667456240195e-01
9.996838098468896483e-01
9.996920890869205323e-01
9.997003049545338804e-01
9.997084579348061162e-01
9.997165485091010773e-01
9.997245771550968829e-01
9.997325443468165762e-01
9.997404505546541031e-01
9.997482962454031785e-01
9.997560818822839313e-01
9.997638079249717702e-01
9.997714748296229192e-01
9.997790830489019509e-01
9.997866330320090977e-01
9.997941252247053434e-01
9.998015600693410665e-01
9.998089380048793551e-01
9.998162594669237624e-01
9.998235248877438419e-01
9.998307346963002384e-01
9.998378893182702232e-01
9.998449891760725627e-01
9.998520346888926102e-01
9.998590262727076183e-01
9.998659643403102759e-01
9.998728493013340213e-01
9.998796815622763567e-01
9.998864615265234956e-01
9.998931895943741210e-01
9.998998661630627005e-01
9.999064916267834668e-01
9.999130663767126226e-01
9.999195908010332090e-01
9.999260652849557562e-01
9.999324902107429303e-01
9.999388659577317373e-01
9.999451929023548402e-01
9.999514714181640951e-01
9.999577018758518676e-01
9.999638846432727934e-01
9.999700200854664267e-01
9.999761085646776682e-01
9.999821504403791916e-01
9.999881460692914281e-01
9.999940958054047702e-01
1.000000000000000000e+00
