,37.46044,I.180207_1103.A,146.1233679,-31.7282500,-2.686441,-1.1471,-99.999,-99.999,21.922,MOON_BRIGHT
,37.51183,I.180207_1217.A,146.1233891,-31.7282763,-1.366154,-0.8576,-99.999,-99.999,22.332,MOON_BRIGHT
,37.80334,I.180207_1916.S,-99.9999999,-99.9999999,-99.99999,-99.99,-99.999,-99.999,-99.999,PSF_ERROR_BAD_IMAGE
,38.03954,I.180208_0056.C,146.1233807,-31.7283104,-5.742589,-1.7100,-99.999,-99.999,21.531,MOON_BRIGHT
,38.07049,I.180208_0141.C,146.1233649,-31.7282778,-2.164443,-0.7424,-99.999,-99.999,21.723,MOON_BRIGHT
,38.10147,I.180208_0226.C,146.1234088,-31.7283409,-2.860420,-1.4131,-99.999,-99.999,22.130,MOON_BRIGHT
,38.45677,I.180208_1057.A,146.1233337,-31.7282968,-99.99999,-99.99,-99.999,-99.999,18.823,MOON_BRIGHT
,38.47969,I.180208_1130.A,-99.9999999,-99.9999999,-99.99999,-99.99,-99.999,-99.999,-99.999,PSF_ERROR_BAD_IMAGE
,38.80969,I.180208_1925.S,146.1234159,-31.7282891,-0.398846,-0.2709,-99.999,-99.999,22.426,_
,39.84104,I.180209_2011.S,146.1233995,-31.7283433,-4.028036,-1.5969,-99.999,-99.999,21.847,_
,39.89675,I.180209_2131.S,146.1233192,-31.7282857,-2.142662,-0.4645,-99.999,-99.999,21.192,_
,40.79208,I.180210_1900.S,146.1233927,-31.7283353,-5.073727,-2.0993,-99.999,-99.999,21.891,_
,40.87858,I.180210_2105.S,146.1233815,-31.7282942,-1.794089,-1.2631,-99.999,-99.999,22.522,_
,41.60600,I.180211_1432.A,146.1234248,-31.7283422,0.1240299,0.06912,25.906,15.783,22.193,MOON_BRIGHT
,41.66684,I.180211_1600.A,146.1233153,-31.7282705,-1.336268,-0.8085,-99.999,-99.999,22.357,MOON_BRIGHT
,41.72709,I.180211_1727.A,-99.9999999,-99.9999999,-99.99999,-99.99,-99.999,-99.999,-99.999,PSF_ERROR_BAD_IMAGE
,43.60623,I.180213_1432.A,146.1233995,-31.7283449,-2.709455,-1.0959,-99.999,-99.999,21.873,_
,43.67752,I.180213_1615.A,146.1234262,-31.7283096,-5.458766,-1.8759,-99.999,-99.999,21.693,MOON_BRIGHT
,43.74204,I.180213_1748.A,146.1233680,-31.7283125,-2.369611,-1.0490,-99.999,-99.999,21.983,MOON_BRIGHT
,46.43954,I.180216_1032.A,146.1234204,-31.7282553,-2.609250,-0.9058,-99.999,-99.999,21.692,_
,46.48230,I.180216_1134.A,146.1234030,-31.7283326,-3.633874,-1.5013,-99.999,-99.999,21.901,_
,46.53323,I.180216_1247.A,146.1233235,-31.7283534,-1.361013,-0.5435,-99.999,-99.999,21.884,_
,47.44495,I.180217_1040.A,146.1234321,-31.7283205,-6.954029,-1.9013,-99.999,-99.999,21.443,_
,47.49216,I.180217_1148.A,146.1234285,-31.7283111,-3.657596,-1.2465,-99.999,-99.999,21.710,_
,48.43516,I.180218_1026.A,146.1233431,-31.7283136,-3.279742,-0.8800,-99.999,-99.999,21.452,_
,48.43661,I.180218_1028.A,146.1233554,-31.7283397,-3.464477,-0.9910,-99.999,-99.999,21.454,_
,48.48655,I.180218_1140.A,146.1233978,-31.7282981,-2.213567,-0.5744,-99.999,-99.999,21.385,_
,48.53730,I.180218_1253.A,146.1233978,-31.7283369,1.0245225,0.46222,23.603,2.360,22.005,_
,48.56177,I.180218_1328.A,146.1234231,-31.7283533,8.9351898,0.82157,21.240,1.328,20.231,_
,48.80425,I.180218_1918.S,146.1233754,-31.7283041,-3.006893,-1.1208,-99.999,-99.999,21.787,MOON_BRIGHT
,48.83601,I.180218_2003.S,146.1234106,-31.7282710,-4.188222,-2.0045,-99.999,-99.999,22.038,MOON_BRIGHT
,48.89492,I.180218_2128.S,146.1233611,-31.7283213,-2.273668,-1.0658,-99.999,-99.999,22.039,_
,49.04366,I.180219_0102.C,146.1233806,-31.7282507,-0.121578,-0.0388,-99.999,-99.999,21.592,_
,49.10359,I.180219_0229.C,146.1233538,-31.7283412,-2.190095,-1.0446,-99.999,-99.999,22.065,_
,49.20731,I.180219_0458.C,146.1233771,-31.7282594,-2.461249,-1.3762,-99.999,-99.999,22.208,_
,49.80008,I.180219_1912.S,146.1234103,-31.7283033,-10.68810,-1.5604,-99.999,-99.999,20.768,MOON_BRIGHT
,49.83358,I.180219_2000.S,146.1233383,-31.7282778,-1.574937,-1.0657,-99.999,-99.999,22.468,MOON_BRIGHT
,49.89115,I.180219_2123.S,146.1233123,-31.7283485,-0.968370,-0.6773,-99.999,-99.999,22.489,_
,49.96763,I.180219_2313.S,-99.9999999,-99.9999999,-99.99999,-99.99,-99.999,-99.999,-99.999,PSF_ERROR_BAD_IMAGE
,50.03797,I.180220_0054.C,146.1234290,-31.7283318,-4.116885,-1.4076,-99.999,-99.999,21.700,_
,50.06541,I.180220_0134.C,146.1234121,-31.7282927,-2.688834,-0.9436,-99.999,-99.999,21.705,_
,50.12022,I.180220_0253.C,146.1233780,-31.7282988,-3.115059,-1.2847,-99.999,-99.999,21.880,_
,50.23997,I.180220_0545.C,146.1233389,-31.7283472,-1.971118,-1.1091,-99.999,-99.999,22.282,_
,50.78619,I.180220_1852.S,146.1234232,-31.7283121,-1.008864,-0.5422,-99.999,-99.999,22.217,MOON_BRIGHT
,50.81304,I.180220_1930.S,146.1233112,-31.7283178,-1.797724,-1.1166,-99.999,-99.999,22.364,MOON_BRIGHT
,50.86350,I.180220_2043.S,146.1233209,-31.7283458,-1.425176,-0.7317,-99.999,-99.999,22.113,MOON_BRIGHT
,50.93524,I.180220_2226.S,146.1234210,-31.7283136,98.409154,1.55248,18.623,0.703,18.332,_
,51.04524,I.180221_0105.C,146.1233452,-31.7282588,-2.196596,-0.8896,-99.999,-99.999,21.881,_
,51.11497,I.180221_0245.C,146.1233615,-31.7282983,-2.217850,-1.2273,-99.999,-99.999,22.238,_
,51.19660,I.180221_0443.C,146.1233130,-31.7283114,-1.700499,-1.1260,-99.999,-99.999,22.452,_
,51.26615,I.180221_0623.C,146.1233162,-31.7283090,-1.574193,-1.2994,-99.999,-99.999,22.654,_
,51.43778,I.180221_1030.A,146.1233474,-31.7282915,-1.724908,-0.5828,-99.999,-99.999,21.681,_
,51.46888,I.180221_1115.A,146.1233354,-31.7283353,-1.529995,-0.3386,-99.999,-99.999,21.219,_
,51.52637,I.180221_1237.A,146.1233642,-31.7282820,-3.358767,-1.2498,-99.999,-99.999,21.767,_
,51.57615,I.180221_1349.A,146.1234286,-31.7283150,-2.757607,-1.5646,-99.999,-99.999,22.229,_
,51.63774,I.180221_1518.A,146.1233770,-31.7283084,-1.877253,-0.4481,-99.999,-99.999,21.292,_
,51.79156,I.180221_1859.S,146.1234249,-31.7283066,-0.938304,-0.4620,-99.999,-99.999,22.107,MOON_BRIGHT
,51.79516,I.180221_1905.S,146.1234140,-31.7283333,-2.281897,-1.4027,-99.999,-99.999,22.297,MOON_BRIGHT
,51.82594,I.180221_1949.S,146.1234197,-31.7283408,-0.323192,-0.1728,-99.999,-99.999,22.177,MOON_BRIGHT
,53.04594,I.180223_0106.C,146.1233410,-31.7283393,-3.377929,-1.0753,-99.999,-99.999,21.607,_
,53.09837,I.180223_0221.C,146.1234044,-31.7282799,-0.469032,-0.1853,-99.999,-99.999,21.905,_
,53.18498,I.180223_0426.C,146.1234011,-31.7282625,-2.644855,-1.7064,-99.999,-99.999,22.405,_
,53.24750,I.180223_0556.C,146.1233597,-31.7282848,-0.461944,-0.3605,-99.999,-99.999,22.637,_
,53.82656,I.180223_1950.S,146.1233704,-31.7283306,-2.352956,-1.0315,-99.999,-99.999,21.955,MOON_BRIGHT
,53.88609,I.180223_2115.S,146.1234398,-31.7283249,-5.019187,-0.4430,-99.999,-99.999,20.215,MOON_BRIGHT
,53.96771,I.180223_2313.S,146.1234320,-31.7282730,-6.239507,-2.4127,-99.999,-99.999,21.843,MOON_BRIGHT
,54.04028,I.180224_0058.S,146.1234319,-31.7283222,-4.456390,-1.1060,-99.999,-99.999,21.330,MOON_BRIGHT
,55.05976,I.180225_0126.C,146.1233550,-31.7283429,0.5409507,0.39762,24.300,2.744,22.485,_
,55.11172,I.180225_0240.C,146.1233718,-31.7283278,-1.960532,-1.4783,-99.999,-99.999,22.578,_
,55.19809,I.180225_0445.C,146.1233754,-31.7283119,-1.051750,-0.9904,-99.999,-99.999,22.798,_
,55.26642,I.180225_0623.C,146.1233607,-31.7282819,0.6985196,0.52174,24.021,2.091,22.549,_
,55.78316,I.180225_1847.S,146.1233744,-31.7282989,0.2746603,0.13355,25.039,8.168,22.047,MOON_BRIGHT
,55.81471,I.180225_1933.S,146.1233211,-31.7283349,-0.106084,-0.0433,-99.999,-99.999,21.873,MOON_BRIGHT
,55.86957,I.180225_2052.S,146.1234291,-31.7282952,-2.234360,-1.3259,-99.999,-99.999,22.299,MOON_BRIGHT
,55.94465,I.180225_2240.S,146.1233918,-31.7283115,-2.669379,-1.1107,-99.999,-99.999,21.917,MOON_BRIGHT
,56.01722,I.180226_0024.S,146.1233591,-31.7282900,-1.319549,-0.4587,-99.999,-99.999,21.744,MOON_BRIGHT
,57.04773,I.180227_0108.C,146.1233654,-31.7283414,-1.299557,-0.5178,-99.999,-99.999,21.834,_
,57.10403,I.180227_0229.C,146.1234366,-31.7283232,-1.431057,-0.6508,-99.999,-99.999,21.986,_
,57.18135,I.180227_0421.C,146.1233232,-31.7283533,-1.609545,-0.8253,-99.999,-99.999,22.115,_
,57.24961,I.180227_0559.C,146.1233719,-31.7282944,-1.069232,-0.5690,-99.999,-99.999,22.158,_
,57.43161,I.180227_1021.A,146.1233784,-31.7283441,-1.946030,-0.6596,-99.999,-99.999,21.711,MOON_BRIGHT
,57.50106,I.180227_1201.A,146.1233920,-31.7282549,-3.482631,-0.9982,-99.999,-99.999,21.539,MOON_BRIGHT
,57.58821,I.180227_1407.A,146.1233862,-31.7282625,-2.772841,-0.8343,-99.999,-99.999,21.545,_
,57.66213,I.180227_1553.A,146.1233164,-31.7282759,-10.87145,-1.9614,-99.999,-99.999,20.976,_
,57.78742,I.180227_1853.S,146.1233620,-31.7283487,-0.810736,-0.4910,-99.999,-99.999,22.339,MOON_BRIGHT
,57.81522,I.180227_1933.S,146.1234179,-31.7283059,-1.638640,-1.0086,-99.999,-99.999,22.342,MOON_BRIGHT
,57.86940,I.180227_2051.S,146.1234398,-31.7282731,-2.137909,-1.2862,-99.999,-99.999,22.285,MOON_BRIGHT
,57.94992,I.180227_2247.S,146.1233297,-31.7282794,-1.122758,-0.6797,-99.999,-99.999,22.334,MOON_BRIGHT
,58.02462,I.180228_0035.S,146.1233876,-31.7283341,-5.377330,-1.5648,-99.999,-99.999,21.519,MOON_BRIGHT
,59.44817,I.180301_1045.A,146.1233309,-31.7283398,-3.059440,-0.8323,-99.999,-99.999,21.439,MOON_BRIGHT
,59.51029,I.180301_1214.A,146.1233465,-31.7282865,-7.626984,-2.1213,-99.999,-99.999,21.475,MOON_BRIGHT
,59.58744,I.180301_1405.A,146.1233581,-31.7283496,-5.564376,-1.1325,-99.999,-99.999,21.133,MOON_BRIGHT
,59.65994,I.180301_1550.A,146.1233929,-31.7283134,-3.480720,-0.6317,-99.999,-99.999,20.964,_
,59.77646,I.180301_1838.S,146.1233661,-31.7283307,-6.009960,-1.1754,-99.999,-99.999,21.131,_
,59.82806,I.180301_1952.S,146.1233474,-31.7282905,-3.158752,-0.7599,-99.999,-99.999,21.313,_
,61.03469,I.180303_0049.C,146.1233552,-31.7283205,-0.423011,-0.1813,-99.999,-99.999,21.931,MOON_BRIGHT
,61.09194,I.180303_0212.C,146.1233878,-31.7282875,-2.632158,-1.2053,-99.999,-99.999,22.002,_
,61.16089,I.180303_0351.C,146.1233855,-31.7282880,-2.173340,-1.1632,-99.999,-99.999,22.204,_
,61.23326,I.180303_0535.C,146.1233539,-31.7283221,0.8902457,0.44199,23.756,2.468,22.120,_
,61.77703,I.180303_1838.S,146.1233222,-31.7282610,-2.963792,-1.5124,-99.999,-99.999,22.095,_
,61.81515,I.180303_1933.S,146.1234180,-31.7282753,-0.330660,-0.1803,-99.999,-99.999,22.158,_
,61.86729,I.180303_2048.S,146.1234111,-31.7282772,-3.075204,-1.3800,-99.999,-99.999,22.012,_
,61.94243,I.180303_2237.S,146.1234386,-31.7283464,0.3869078,0.19527,24.665,5.587,22.169,MOON_BRIGHT
,62.02962,I.180304_0042.S,146.1233275,-31.7283316,-1.936454,-0.7833,-99.999,-99.999,21.888,MOON_BRIGHT
,63.04073,I.180305_0058.C,146.1233659,-31.7283371,0.0267430,0.01882,27.580,57.939,22.429,MOON_BRIGHT
,63.10831,I.180305_0235.C,146.1233487,-31.7283254,-1.400139,-0.9666,-99.999,-99.999,22.488,MOON_BRIGHT
,63.17895,I.180305_0417.C,146.1233790,-31.7282931,-2.292040,-1.4858,-99.999,-99.999,22.367,_
,63.25439,I.180305_0606.C,146.1234199,-31.7283312,-1.499134,-0.6294,-99.999,-99.999,21.907,_
,63.78750,I.180305_1854.S,146.1234055,-31.7282925,-3.569800,-1.6441,-99.999,-99.999,22.016,_
,63.81709,I.180305_1936.S,146.1233817,-31.7283418,-0.418327,-0.2403,-99.999,-99.999,22.288,_
,63.87258,I.180305_2056.S,146.1233625,-31.7283311,-1.660206,-1.0081,-99.999,-99.999,22.314,_
,63.94794,I.180305_2245.S,146.1234371,-31.7282808,-4.141720,-2.3472,-99.999,-99.999,22.278,MOON_BRIGHT
,64.01979,I.180306_0028.S,146.1234360,-31.7282731,0.4739920,0.14091,24.444,7.742,21.546,MOON_BRIGHT
,65.03171,I.180307_0045.C,-99.9999999,-99.9999999,-99.99999,-99.99,-99.999,-99.999,-99.999,PSF_ERROR_BAD_IMAGE
,65.08079,I.180307_0156.C,146.1234213,-31.7282859,-2.242652,-1.3101,-99.999,-99.999,22.279,MOON_BRIGHT
,65.17542,I.180307_0412.C,146.1234156,-31.7283519,-1.911155,-1.3590,-99.999,-99.999,22.453,MOON_BRIGHT
,65.24186,I.180307_0548.C,146.1233630,-31.7283501,1.1865543,0.69849,23.443,1.562,22.248,MOON_BRIGHT
,65.77046,I.180307_1829.S,146.1234357,-31.7283399,-0.321213,-0.1565,-99.999,-99.999,22.080,_
,65.80269,I.180307_1915.S,146.1233717,-31.7282549,0.8836425,0.48251,23.764,2.261,22.160,_
,65.85681,I.180307_2033.S,146.1234387,-31.7282920,1.6975479,1.09350,23.052,0.998,22.368,_
,67.65347,I.180309_1541.A,146.1233470,-31.7283005,7.3746373,2.92015,21.449,0.374,21.851,MOON_BRIGHT
,69.02450,I.180311_0035.C,146.1233246,-31.7283333,16.278227,9.17064,20.586,0.119,22.250,MOON_BRIGHT
,69.07741,I.180311_0151.C,146.1234197,-31.7283421,9.9595018,5.57484,21.122,0.196,22.221,MOON_BRIGHT
,69.15093,I.180311_0337.C,146.1233910,-31.7282673,13.950602,10.3068,20.754,0.106,22.607,MOON_BRIGHT
,69.22334,I.180311_0521.C,146.1233144,-31.7282734,16.715341,11.4414,20.557,0.095,22.488,MOON_BRIGHT
,69.42220,I.180311_1007.A,146.1233271,-31.7283574,17.398484,8.97194,20.513,0.122,22.175,_
,69.47234,I.180311_1120.A,146.1233106,-31.7283136,19.860251,12.7151,20.369,0.086,22.407,_
,69.52257,I.180311_1232.A,146.1234350,-31.7283375,15.984503,8.99523,20.606,0.121,22.247,MOON_BRIGHT
,69.57311,I.180311_1345.A,146.1233124,-31.7282766,21.843983,15.1354,20.265,0.072,22.546,MOON_BRIGHT
,69.63681,I.180311_1517.A,146.1233847,-31.7283227,20.684608,13.7213,20.324,0.080,22.454,MOON_BRIGHT
,69.77181,I.180311_1831.S,146.1233998,-31.7283208,19.454033,10.5374,20.391,0.104,22.197,_
,69.81705,I.180311_1936.S,146.1233182,-31.7282722,20.838987,10.4181,20.316,0.105,22.158,_
,69.88015,I.180311_2107.S,146.1234164,-31.7282996,20.758425,4.15513,20.320,0.263,21.128,_
,69.94706,I.180311_2243.S,146.1233623,-31.7283406,16.062854,8.45140,20.600,0.129,22.185,_
,69.95012,I.180311_2248.S,146.1233881,-31.7283260,17.357867,13.3412,20.516,0.082,22.635,_
,71.02716,I.180313_0039.C,146.1233305,-31.7283102,24.409256,16.3490,20.144,0.067,22.453,MOON_BRIGHT
,71.07683,I.180313_0150.C,146.1233335,-31.7282677,30.291353,18.1115,19.908,0.060,22.408,MOON_BRIGHT
,71.14553,I.180313_0329.C,146.1233886,-31.7282796,29.747030,18.4790,19.928,0.059,22.449,MOON_BRIGHT
,71.21046,I.180313_0503.C,146.1233337,-31.7283145,30.488639,19.9524,19.901,0.055,22.446,MOON_BRIGHT
,73.02670,I.180315_0038.C,146.1233298,-31.7283045,42.517072,26.5289,19.538,0.041,22.456,MOON_BRIGHT
,73.07650,I.180315_0150.C,146.1234342,-31.7283527,19.170938,14.4797,20.407,0.075,22.599,MOON_BRIGHT
,73.14493,I.180315_0328.C,146.1234108,-31.7283293,27.118766,20.6384,20.029,0.053,22.669,MOON_BRIGHT
,73.20774,I.180315_0459.C,146.1233188,-31.7283169,44.979138,29.2736,19.477,0.037,22.576,MOON_BRIGHT
,73.43215,I.180315_1022.A,146.1233611,-31.7283576,43.982899,22.8512,19.501,0.048,22.216,_
,73.48568,I.180315_1139.A,146.1233458,-31.7283007,47.136618,17.9286,19.426,0.061,21.877,_
,73.53469,I.180315_1249.A,146.1233551,-31.7282513,50.235744,28.6965,19.356,0.038,22.336,_
,73.60300,I.180315_1428.A,146.1233166,-31.7282930,48.844033,24.7641,19.387,0.044,22.248,_
,73.77824,I.180315_1840.S,146.1233848,-31.7282994,-34.50375,-0.4285,-99.999,-99.999,18.046,_
,75.02072,I.180317_0029.C,146.1234278,-31.7282943,47.457467,25.7970,19.418,0.042,22.269,_
,75.07258,I.180317_0144.C,146.1234051,-31.7283317,30.866652,20.4464,19.888,0.053,22.459,_
,75.14360,I.180317_0326.C,146.1233347,-31.7282660,57.742929,40.5014,19.204,0.027,22.685,MOON_BRIGHT
,75.21039,I.180317_0502.C,146.1233522,-31.7282708,59.977554,43.3431,19.163,0.025,22.724,MOON_BRIGHT
,75.41549,I.180317_0958.A,146.1234146,-31.7283052,61.445694,24.4803,19.137,0.045,21.902,_
,75.46576,I.180317_1110.A,146.1233133,-31.7283188,60.663151,28.7616,19.151,0.038,22.179,_
,75.51970,I.180317_1228.A,146.1233393,-31.7282839,67.530480,34.0172,19.034,0.032,22.226,_
,75.58837,I.180317_1407.A,146.1233354,-31.7283018,57.716732,33.8477,19.205,0.032,22.452,_
,75.76890,I.180317_1827.S,146.1233440,-31.7283240,51.108707,32.8158,19.337,0.033,22.495,MOON_BRIGHT
,75.83707,I.180317_2005.S,146.1233854,-31.7283174,47.913759,35.2607,19.408,0.031,22.665,_
,75.90714,I.180317_2146.S,146.1233349,-31.7282671,55.823120,29.9678,19.241,0.036,22.294,_
,75.97568,I.180317_2324.S,146.1233201,-31.7282884,57.616205,23.1969,19.207,0.047,21.924,_
,76.40822,I.180318_0947.A,146.1234337,-31.7283479,49.888812,21.4279,19.364,0.051,22.029,_
,76.46154,I.180318_1104.A,146.1233170,-31.7283088,61.632195,28.5487,19.133,0.038,22.100,_
,76.51090,I.180318_1215.A,146.1233708,-31.7283342,59.095976,25.6878,19.179,0.042,22.012,_
,76.58264,I.180318_1359.A,146.1233126,-31.7283213,63.054525,34.4525,19.108,0.032,22.385,_
,76.76696,I.180318_1824.S,146.1234074,-31.7282901,37.204065,28.3568,19.684,0.038,22.666,MOON_BRIGHT
,76.82735,I.180318_1951.S,146.1233795,-31.7283177,32.891174,28.6821,19.818,0.038,22.805,_
,76.89203,I.180318_2124.S,146.1233559,-31.7282806,51.185259,39.4506,19.336,0.028,22.805,_
,76.96273,I.180318_2306.S,146.1234379,-31.7282599,36.024522,29.1672,19.719,0.037,22.801,_
,76.96587,I.180318_2310.S,146.1233311,-31.7282541,57.847310,45.0975,19.202,0.024,22.805,_
,77.15853,I.180319_0348.C,146.1234112,-31.7282677,48.687847,33.0774,19.390,0.033,22.572,_
,77.22672,I.180319_0526.C,146.1233548,-31.7282584,64.731248,41.5979,19.080,0.026,22.560,MOON_BRIGHT
,77.41887,I.180319_1003.A,146.1233255,-31.7282827,61.866737,25.7012,19.129,0.042,21.956,_
,77.47322,I.180319_1121.A,146.1234365,-31.7283464,50.368830,25.4008,19.353,0.043,22.180,_
,77.52417,I.180319_1234.A,146.1233499,-31.7283141,60.132807,18.2961,19.160,0.060,21.589,_
,77.59492,I.180319_1416.A,146.1233585,-31.7282674,64.758242,25.5457,19.079,0.043,21.894,_
,77.76491,I.180319_1821.S,146.1233500,-31.7283190,41.692741,27.9200,19.560,0.039,22.509,MOON_BRIGHT
,77.83122,I.180319_1956.S,146.1234336,-31.7283398,29.077278,22.8178,19.953,0.048,22.720,_
,77.90615,I.180319_2144.S,146.1233392,-31.7283053,44.130421,36.2309,19.498,0.030,22.796,_
,77.97028,I.180319_2317.S,146.1233245,-31.7283244,39.580921,28.8498,19.616,0.038,22.609,_
,78.15174,I.180320_0338.C,146.1234363,-31.7283072,35.266330,24.3562,19.742,0.045,22.575,_
,78.22421,I.180320_0522.C,146.1233853,-31.7283449,41.847759,25.7550,19.556,0.042,22.449,MOON_BRIGHT
,78.41867,I.180320_1002.A,146.1233149,-31.7282821,56.556512,11.2417,19.227,0.097,21.122,_
,78.42419,I.180320_1010.A,146.1233215,-31.7283433,64.727472,11.8234,19.080,0.092,21.044,_
,78.47330,I.180320_1121.A,146.1233676,-31.7282670,66.238349,26.8125,19.055,0.041,21.939,_
,78.52251,I.180320_1232.A,146.1233961,-31.7282733,55.436085,25.6871,19.249,0.042,22.097,_
,78.76340,I.180320_1819.S,-99.9999999,-99.9999999,-99.99999,-99.99,-99.999,-99.999,-99.999,PSF_ERROR_BAD_IMAGE
,78.82112,I.180320_1942.S,-99.9999999,-99.9999999,-99.99999,-99.99,-99.999,-99.999,-99.999,PSF_ERROR_BAD_IMAGE
,79.14208,I.180321_0324.C,146.1234268,-31.7282845,41.922055,26.9960,19.554,0.040,22.504,_
,79.21968,I.180321_0516.C,146.1233533,-31.7282971,57.019815,32.2526,19.218,0.034,22.387,_
,79.76309,I.180321_1818.S,146.1233303,-31.7283006,52.634802,29.7529,19.305,0.037,22.343,MOON_BRIGHT
,79.82043,I.180321_1941.S,146.1233990,-31.7283367,52.433398,26.8855,19.310,0.041,22.196,MOON_BRIGHT
,79.87860,I.180321_2105.S,146.1233974,-31.7282899,49.475287,23.6394,19.373,0.046,22.162,_
,80.12862,I.180322_0305.C,146.1233881,-31.7282784,48.545038,32.3658,19.394,0.034,22.594,_
,80.19148,I.180322_0435.C,146.1234142,-31.7283543,33.226329,22.9029,19.807,0.048,22.614,_
,81.11997,I.180323_0252.C,146.1233295,-31.7283561,27.863372,19.0740,19.999,0.057,22.492,_
,81.18488,I.180323_0426.C,146.1234039,-31.7283083,34.432669,27.4576,19.768,0.040,22.781,_
,81.40958,I.180323_0949.A,146.1233255,-31.7282988,57.631448,24.1047,19.206,0.045,21.971,_
,81.46175,I.180323_1104.A,146.1234298,-31.7283257,49.017589,21.5822,19.383,0.051,22.040,_
,81.51186,I.180323_1217.A,146.1233404,-31.7282950,54.009713,19.2025,19.277,0.057,21.809,_
,81.60918,I.180323_1437.A,146.1233901,-31.7282924,51.899230,12.8893,19.321,0.085,21.370,_
,81.76556,I.180323_1822.S,146.1233401,-31.7283360,27.786531,20.8549,20.002,0.052,22.657,MOON_BRIGHT
,81.82414,I.180323_1946.S,146.1233739,-31.7283004,35.731731,27.2759,19.728,0.040,22.693,MOON_BRIGHT
,83.02270,I.180325_0032.C,146.1234312,-31.7282954,27.160205,17.3944,20.027,0.063,22.460,_
,83.07492,I.180325_0147.C,146.1233126,-31.7283072,36.306813,23.1471,19.711,0.047,22.507,_
,83.14469,I.180325_0328.C,146.1233429,-31.7283247,52.180796,31.6851,19.315,0.034,22.449,_
,83.21641,I.180325_0511.C,146.1234203,-31.7283264,48.104900,25.8061,19.404,0.042,22.273,_
,83.76303,I.180325_1818.S,146.1233229,-31.7283217,43.535210,20.0063,19.512,0.055,22.066,MOON_BRIGHT
,83.81656,I.180325_1935.S,146.1234380,-31.7283206,44.766972,19.8907,19.482,0.055,22.005,MOON_BRIGHT
,83.88465,I.180325_2113.S,146.1233766,-31.7283504,43.475721,18.1094,19.514,0.060,21.956,MOON_BRIGHT
,83.95075,I.180325_2249.S,146.1233294,-31.7283251,41.161741,22.2763,19.574,0.049,22.241,MOON_BRIGHT
,85.45312,I.180327_1052.A,146.1233873,-31.7283058,42.850450,16.4813,19.530,0.066,21.879,MOON_BRIGHT
,85.50780,I.180327_1211.A,146.1233527,-31.7283073,45.646911,14.5065,19.461,0.075,21.655,_
,85.76317,I.180327_1818.S,146.1233780,-31.7282795,45.209546,18.4035,19.471,0.059,21.908,MOON_BRIGHT
,85.83697,I.180327_2005.S,146.1233655,-31.7282562,40.439060,26.2573,19.593,0.042,22.519,MOON_BRIGHT
,85.92402,I.180327_2210.S,146.1233497,-31.7283358,36.525671,23.4167,19.704,0.047,22.458,MOON_BRIGHT
,87.00539,I.180329_0007.C,146.1233517,-31.7282931,33.093390,17.2219,19.812,0.063,22.226,_
,87.07632,I.180329_0149.C,146.1234088,-31.7283511,17.117603,9.10184,20.531,0.120,22.173,_
,87.14295,I.180329_0325.C,146.1234157,-31.7283369,25.030380,13.4088,20.116,0.081,22.258,_
,87.20856,I.180329_0500.C,146.1233699,-31.7282945,53.449126,16.8948,19.289,0.065,21.652,_
,87.39797,I.180329_0933.A,146.1233935,-31.7282945,35.951091,10.6318,19.721,0.103,21.538,MOON_BRIGHT
,87.45351,I.180329_1053.A,146.1233551,-31.7283214,39.013399,12.8709,19.632,0.085,21.677,MOON_BRIGHT
,87.50753,I.180329_1210.A,146.1233502,-31.7283315,37.732363,14.2513,19.669,0.077,21.820,MOON_BRIGHT
,87.58059,I.180329_1356.A,146.1234023,-31.7283040,36.423859,13.7516,19.707,0.079,21.787,MOON_BRIGHT
,89.01236,I.180331_0017.C,146.1233698,-31.7282513,33.317115,13.1559,19.804,0.083,21.878,MOON_BRIGHT
,89.08034,I.180331_0155.C,146.1233696,-31.7283260,21.758362,10.9082,20.269,0.100,22.177,_
,89.16172,I.180331_0352.C,-99.9999999,-99.9999999,-99.99999,-99.99,-99.999,-99.999,-99.999,PSF_ERROR_BAD_IMAGE
,89.16804,I.180331_0401.C,146.1233188,-31.7282931,33.795931,15.4016,19.789,0.071,22.044,_
,89.41193,I.180331_0953.A,146.1234008,-31.7283182,30.408964,6.14443,19.904,0.178,21.133,MOON_BRIGHT
,89.46992,I.180331_1116.A,146.1234316,-31.7283128,30.051052,8.50137,19.917,0.128,21.510,MOON_BRIGHT
,89.52021,I.180331_1229.A,146.1233591,-31.7283091,34.080491,10.3962,19.780,0.105,21.584,MOON_BRIGHT
,89.59464,I.180331_1416.A,146.1233380,-31.7283139,25.968286,4.39929,20.076,0.248,20.947,MOON_BRIGHT
,89.85365,I.180331_2029.S,146.1233814,-31.7282697,31.461483,12.0690,19.867,0.090,21.859,MOON_BRIGHT
,91.00125,I.180402_0001.C,146.1234333,-31.7282937,27.084423,13.1471,20.030,0.083,22.120,MOON_BRIGHT
,91.07334,I.180402_0145.C,146.1233918,-31.7282956,23.707048,12.5660,20.176,0.087,22.177,MOON_BRIGHT
,91.14071,I.180402_0322.C,146.1233166,-31.7283321,25.461003,12.9041,20.098,0.085,22.156,_
,91.19461,I.180402_0440.C,146.1234195,-31.7283036,31.845453,14.9031,19.854,0.073,22.117,_
,91.40212,I.180402_0939.A,146.1234284,-31.7282793,31.448285,12.8764,19.867,0.085,21.931,MOON_BRIGHT
,91.83975,I.180402_2009.S,146.1233216,-31.7282825,28.354289,16.6282,19.980,0.066,22.309,_
,91.90436,I.180402_2142.S,146.1233260,-31.7283041,27.014273,11.2833,20.033,0.097,21.915,MOON_BRIGHT
,93.00497,I.180404_0007.C,146.1234330,-31.7282992,24.179920,13.3859,20.154,0.082,22.273,MOON_BRIGHT
,93.08041,I.180404_0155.C,146.1234285,-31.7282941,19.812839,12.6225,20.371,0.086,22.456,MOON_BRIGHT
,93.16502,I.180404_0357.C,146.1234022,-31.7282524,34.764811,24.5236,19.758,0.045,22.613,MOON_BRIGHT
,93.39743,I.180404_0932.A,146.1234364,-31.7282586,31.633353,15.0140,19.861,0.073,22.108,MOON_BRIGHT
,93.44834,I.180404_1045.A,146.1234288,-31.7283238,26.305185,14.2222,20.062,0.077,22.282,MOON_BRIGHT
,93.47834,I.180404_1128.A,146.1233714,-31.7282551,34.848166,20.5325,19.755,0.053,22.416,MOON_BRIGHT
,93.54266,I.180404_1301.A,146.1234124,-31.7282773,32.916771,15.0723,19.817,0.072,22.040,MOON_BRIGHT
,93.59797,I.180404_1421.A,146.1233503,-31.7283305,30.935553,14.4968,19.885,0.075,22.097,MOON_BRIGHT
,93.82521,I.180404_1948.S,146.1233109,-31.7283004,23.550748,21.9292,20.183,0.050,22.903,_
,93.89961,I.180404_2135.S,146.1233799,-31.7283511,26.190158,15.9126,20.067,0.069,22.369,_
,94.99604,I.180405_2354.C,146.1234158,-31.7283198,30.463480,11.7465,19.902,0.093,21.881,MOON_BRIGHT
,95.06850,I.180406_0138.C,146.1233424,-31.7283131,35.167724,15.6748,19.745,0.070,22.017,MOON_BRIGHT
,95.39574,I.180406_0929.A,146.1233316,-31.7282796,38.900022,15.1962,19.635,0.072,21.884,MOON_BRIGHT
,95.47179,I.180406_1119.A,146.1234111,-31.7283381,31.152108,18.9722,19.878,0.058,22.429,MOON_BRIGHT
,95.53450,I.180406_1249.A,146.1233479,-31.7282780,34.112942,15.7735,19.779,0.069,22.093,MOON_BRIGHT
,95.75398,I.180406_1805.S,146.1233911,-31.7283224,27.731366,14.9463,20.004,0.073,22.185,_
,95.82314,I.180406_1945.S,146.1233312,-31.7283144,30.316961,21.2765,19.907,0.051,22.571,_
,95.89583,I.180406_2130.S,146.1233555,-31.7282871,29.846123,22.9792,19.924,0.047,22.692,_
,96.99671,I.180407_2355.C,146.1234299,-31.7282727,32.794645,16.5822,19.822,0.066,22.138,MOON_BRIGHT
,97.07418,I.180408_0146.C,146.1234037,-31.7283466,21.684511,12.7275,20.273,0.086,22.367,MOON_BRIGHT
,97.14017,I.180408_0321.C,146.1233323,-31.7283327,32.680124,19.8155,19.825,0.055,22.399,MOON_BRIGHT
,97.39318,I.180408_0926.A,146.1233843,-31.7283476,43.013587,4.26124,19.526,0.256,20.356,_
,97.47537,I.180408_1124.A,146.1233344,-31.7282508,39.303379,19.8400,19.624,0.055,22.183,MOON_BRIGHT
,97.53826,I.180408_1255.A,146.1234028,-31.7282964,32.346638,18.9523,19.837,0.058,22.322,MOON_BRIGHT
,97.74344,I.180408_1750.S,146.1233411,-31.7282539,36.304026,19.1136,19.711,0.057,22.216,_
,97.81425,I.180408_1932.S,146.1234131,-31.7283447,29.410128,24.0359,19.940,0.045,22.740,_
,97.87862,I.180408_2105.S,146.1233539,-31.7282914,37.130656,21.9459,19.686,0.050,22.375,_
,98.99995,I.180409_2359.C,146.1233380,-31.7283177,35.091721,15.2450,19.748,0.072,21.982,MOON_BRIGHT
,99.07139,I.180410_0142.C,146.1233196,-31.7282511,38.049150,19.3608,19.659,0.056,22.168,MOON_BRIGHT
,99.13251,I.180410_0310.C,146.1233107,-31.7283260,38.489661,13.2610,19.647,0.082,21.729,MOON_BRIGHT
,99.75712,I.180410_1810.S,146.1233619,-31.7283375,29.084361,16.4332,19.953,0.066,22.274,_
,101.00214,I.180412_0003.C,146.1233374,-31.7283056,35.632198,17.7506,19.731,0.061,22.130,MOON_BRIGHT
,101.08016,I.180412_0155.C,-99.9999999,-99.9999999,-99.99999,-99.99,-99.999,-99.999,-99.999,PSF_ERROR_BAD_IMAGE
,101.14197,I.180412_0324.C,146.1233680,-31.7282716,50.346607,24.3091,19.354,0.045,22.168,MOON_BRIGHT
,101.39230,I.180412_0924.A,146.1234244,-31.7283130,34.118216,17.4424,19.778,0.063,22.194,_
,101.46493,I.180412_1109.A,146.1233169,-31.7282536,39.891475,21.4578,19.608,0.051,22.253,_
,101.52706,I.180412_1238.A,146.1233133,-31.7283400,35.564305,22.1050,19.733,0.049,22.453,_
,101.75788,I.180412_1811.S,146.1233591,-31.7282907,28.721561,20.2895,19.966,0.054,22.606,_
,103.01515,I.180414_0021.C,146.1234252,-31.7283502,28.673447,15.5524,19.968,0.070,22.284,_
,103.07903,I.180414_0153.C,146.1233953,-31.7283332,21.768231,14.8985,20.269,0.073,22.505,MOON_BRIGHT
,103.14196,I.180414_0324.C,146.1233905,-31.7282610,42.041242,22.7145,19.551,0.048,22.308,MOON_BRIGHT
,103.41003,I.180414_0950.A,146.1233197,-31.7283138,33.979222,13.6487,19.783,0.080,21.954,_
,103.47713,I.180414_1127.A,146.1234266,-31.7283176,26.501052,9.80918,20.054,0.111,21.811,_
,103.54185,I.180414_1300.A,146.1233449,-31.7283238,33.535881,15.2695,19.797,0.071,22.039,_
,103.75815,I.180414_1811.S,146.1233921,-31.7283118,30.318313,17.8978,19.907,0.061,22.338,_
,103.82248,I.180414_1944.S,146.1233240,-31.7283047,29.495198,22.5888,19.937,0.048,22.650,_
,103.88942,I.180414_2120.S,146.1233153,-31.7283401,23.825660,18.9589,20.170,0.058,22.744,_
,103.99351,I.180414_2350.C,146.1234101,-31.7283175,20.894514,14.2131,20.313,0.077,22.477,_
,104.06426,I.180415_0132.C,146.1233353,-31.7283079,30.092836,16.9708,19.915,0.064,22.296,_
,104.13278,I.180415_0311.C,146.1234169,-31.7282677,35.379357,17.1098,19.739,0.064,22.140,MOON_BRIGHT
,104.40958,I.180415_0949.A,146.1234202,-31.7282912,24.860375,17.2984,20.124,0.063,22.532,_
,104.47352,I.180415_1121.A,146.1234394,-31.7282883,28.202390,16.3416,19.986,0.067,22.338,_
,104.53950,I.180415_1256.A,146.1233854,-31.7282710,28.818095,20.2891,19.963,0.054,22.623,_
,104.75616,I.180415_1808.S,-99.9999999,-99.9999999,-99.99999,-99.99,-99.999,-99.999,-99.999,PSF_ERROR_BAD_IMAGE
,104.84066,I.180415_2010.S,146.1233104,-31.7282726,27.744226,22.8908,20.004,0.048,22.719,_
,104.90314,I.180415_2140.S,146.1233660,-31.7282855,27.526368,16.9154,20.013,0.065,22.431,_
,105.01610,I.180416_0023.C,146.1234389,-31.7283494,19.990496,10.7578,20.362,0.101,22.215,_
,105.09655,I.180416_0219.C,146.1233269,-31.7282586,32.123927,13.0841,19.844,0.083,21.906,_
,106.00647,I.180417_0009.C,146.1233788,-31.7282965,25.401684,10.7024,20.100,0.102,21.944,_
,106.07098,I.180417_0142.C,146.1234299,-31.7282985,22.919950,12.3491,20.212,0.088,22.212,_
,106.13777,I.180417_0318.C,146.1234280,-31.7282606,27.890252,15.4985,19.998,0.070,22.252,_
,106.40514,I.180417_0943.A,146.1234166,-31.7282532,24.046240,8.73860,20.160,0.125,21.768,_
,106.47194,I.180417_1119.A,146.1234389,-31.7283207,21.932549,13.5010,20.260,0.081,22.400,_
,106.53419,I.180417_1249.A,146.1233709,-31.7283126,23.522370,15.4548,20.184,0.071,22.464,_
,106.83525,I.180417_2002.S,146.1233476,-31.7282601,24.295924,13.9701,20.149,0.078,22.321,_
,106.90215,I.180417_2139.S,146.1233626,-31.7283379,18.195570,15.3273,20.464,0.071,22.710,_
,107.01830,I.180418_0026.C,146.1233209,-31.7283099,19.259481,6.85482,20.402,0.159,21.729,_
,107.08432,I.180418_0201.C,146.1233392,-31.7283473,22.108880,6.03778,20.252,0.181,21.515,_
,108.00840,I.180419_0012.C,146.1233928,-31.7283349,19.054642,10.3812,20.414,0.105,22.197,_
,108.07669,I.180419_0150.C,146.1234113,-31.7283542,15.682710,9.34800,20.626,0.117,22.350,_
,108.13756,I.180419_0318.C,146.1233219,-31.7282702,25.581560,12.1836,20.093,0.090,22.063,_
,108.75250,I.180419_1803.S,146.1234314,-31.7282593,17.419342,10.9680,20.512,0.099,22.368,MOON_BRIGHT
,108.81704,I.180419_1936.S,146.1233652,-31.7283257,16.758850,10.4359,20.554,0.105,22.359,MOON_BRIGHT
,108.89046,I.180419_2122.S,146.1233306,-31.7283518,16.313339,11.1185,20.583,0.098,22.511,MOON_BRIGHT
,109.01038,I.180420_0014.C,146.1233395,-31.7283280,16.642800,11.0109,20.562,0.099,22.489,_
,109.07743,I.180420_0151.C,146.1234239,-31.7282830,20.874809,11.7781,20.314,0.093,22.304,_
,109.14132,I.180420_0323.C,146.1233601,-31.7283352,26.306645,9.56625,20.062,0.114,21.821,_
,109.40529,I.180420_0943.A,146.1233918,-31.7283448,19.365719,10.4628,20.396,0.104,22.269,_
,109.47534,I.180420_1124.A,146.1233697,-31.7283212,19.589048,13.4471,20.384,0.081,22.489,_
,109.53797,I.180420_1254.A,146.1233396,-31.7283463,17.060348,11.5872,20.534,0.094,22.512,_
,109.74968,I.180420_1759.S,146.1233235,-31.7282845,18.337062,15.9403,20.456,0.068,22.812,MOON_BRIGHT
,109.82995,I.180420_1955.S,146.1234362,-31.7282671,15.344041,11.9832,20.650,0.091,22.601,MOON_BRIGHT
,109.88830,I.180420_2119.S,146.1233283,-31.7283138,15.830080,13.4383,20.616,0.081,22.779,MOON_BRIGHT
,110.00484,I.180421_0006.C,146.1233207,-31.7282907,17.436324,12.4524,20.511,0.088,22.597,_
,110.07230,I.180421_0144.C,146.1233235,-31.7283579,14.253812,9.81088,20.731,0.111,22.545,_
,110.14265,I.180421_0325.C,146.1234068,-31.7283569,19.709292,9.89973,20.377,0.110,22.157,_
,110.41250,I.180421_0954.A,146.1233448,-31.7282974,20.223104,7.51859,20.349,0.145,21.795,_
,110.48147,I.180421_1133.A,146.1233569,-31.7283545,15.477710,7.78427,20.641,0.140,22.158,_
,110.75587,I.180421_1808.S,146.1233145,-31.7283341,14.216070,11.3922,20.733,0.096,22.678,MOON_BRIGHT
,110.82910,I.180421_1953.S,146.1233169,-31.7283446,9.6769036,10.1399,21.153,0.108,22.977,MOON_BRIGHT
,111.01561,I.180422_0022.C,146.1234068,-31.7282897,17.613523,12.2821,20.500,0.089,22.524,_
,111.08189,I.180422_0157.C,146.1233924,-31.7282493,19.688557,15.0485,20.378,0.073,22.651,_
,111.13861,I.180422_0319.C,146.1233186,-31.7283048,18.621695,9.86231,20.439,0.111,22.208,_
,111.39782,I.180422_0932.A,146.1233688,-31.7282934,16.636015,9.33516,20.562,0.117,22.282,_
,111.75164,I.180422_1802.S,146.1233245,-31.7282961,14.751365,10.8439,20.693,0.101,22.572,MOON_BRIGHT
,111.82394,I.180422_1946.S,146.1233102,-31.7282521,18.414728,17.2208,20.451,0.063,22.860,MOON_BRIGHT
,112.02259,I.180423_0032.C,146.1233677,-31.7282917,16.971826,8.89684,20.540,0.123,22.190,_
,112.13969,I.180423_0321.C,146.1234210,-31.7283082,18.071661,5.05520,20.472,0.216,21.442,_
,112.40606,I.180423_0944.A,146.1233935,-31.7283280,15.767461,8.06005,20.620,0.135,22.201,MOON_BRIGHT
,112.47520,I.180423_1124.A,146.1233529,-31.7282609,17.766362,10.0395,20.490,0.109,22.274,_
,112.77662,I.180423_1838.S,146.1233379,-31.7283533,12.578027,7.11334,20.867,0.153,22.292,MOON_BRIGHT
,112.85458,I.180423_2030.S,146.1233878,-31.7283296,14.652157,8.32322,20.700,0.131,22.267,MOON_BRIGHT
,113.03936,I.180424_0056.C,146.1234378,-31.7283064,12.891269,6.59728,20.840,0.165,22.127,_
,113.10285,I.180424_0228.C,146.1233288,-31.7282624,13.713892,3.32568,20.773,0.328,21.378,_
,113.39765,I.180424_0932.A,146.1233711,-31.7283314,15.046447,8.21156,20.672,0.133,22.201,MOON_BRIGHT
,113.46831,I.180424_1114.A,146.1234067,-31.7282592,16.164067,6.46488,20.593,0.169,21.898,_
,113.75468,I.180424_1806.S,146.1234036,-31.7282933,11.865043,7.89635,20.931,0.138,22.476,MOON_BRIGHT
,113.83203,I.180424_1958.S,146.1234119,-31.7282783,12.408489,9.40854,20.882,0.116,22.558,MOON_BRIGHT
,113.99894,I.180424_2358.C,146.1233469,-31.7282948,14.861225,7.35439,20.685,0.148,22.145,_
,114.05995,I.180425_0126.C,146.1233970,-31.7282950,13.551621,6.61695,20.786,0.165,22.071,_
,115.39234,I.180426_0924.A,146.1234378,-31.7282709,13.857970,6.16591,20.761,0.177,21.992,MOON_BRIGHT
,115.46388,I.180426_1107.A,146.1233944,-31.7283067,12.129801,4.98606,20.907,0.219,21.952,MOON_BRIGHT
,115.46547,I.180426_1110.A,146.1233730,-31.7282502,14.748511,5.41115,20.693,0.202,21.799,MOON_BRIGHT
,116.02198,I.180427_0031.C,146.1234185,-31.7283466,10.655295,4.74700,21.048,0.230,21.970,_
,116.08464,I.180427_0201.C,146.1233332,-31.7283359,15.985116,6.97044,20.605,0.157,21.952,_
,116.38892,I.180427_0920.A,146.1233779,-31.7283085,5.1544994,1.15660,21.840,0.943,21.235,MOON_BRIGHT
,116.45537,I.180427_1055.A,146.1233860,-31.7282815,13.460945,4.17949,20.793,0.261,21.608,MOON_BRIGHT
,116.74086,I.180427_1746.S,146.1233373,-31.7282612,12.129253,6.52755,20.907,0.167,22.195,MOON_BRIGHT
,116.80366,I.180427_1917.S,146.1233875,-31.7283035,11.846599,6.48097,20.932,0.168,22.214,MOON_BRIGHT
,116.86976,I.180427_2052.S,146.1233449,-31.7282951,9.2577226,3.58738,21.201,0.304,21.829,MOON_BRIGHT
,117.00274,I.180428_0003.C,146.1233178,-31.7283494,8.9345962,3.47078,21.240,0.314,21.860,_
,117.06569,I.180428_0134.C,146.1233122,-31.7283312,13.603609,5.67641,20.781,0.192,21.881,_
,117.38854,I.180428_0919.A,146.1233737,-31.7282783,12.521536,4.74089,20.872,0.230,21.814,MOON_BRIGHT
,117.45696,I.180428_1058.A,146.1233385,-31.7282508,14.386377,4.46931,20.720,0.244,21.595,MOON_BRIGHT
,117.73591,I.180428_1739.S,146.1233583,-31.7283551,8.3705249,1.11656,21.311,0.977,20.646,_
,117.80244,I.180428_1915.S,146.1233592,-31.7283538,4.7788472,0.47272,21.923,2.308,20.317,MOON_BRIGHT
,117.87021,I.180428_2053.S,146.1233866,-31.7282665,11.891755,2.41231,20.928,0.452,21.111,MOON_BRIGHT
,117.99337,I.180428_2350.C,146.1233872,-31.7282586,20.122340,1.53145,20.354,0.712,20.061,MOON_BRIGHT
,118.05601,I.180429_0120.C,146.1233211,-31.7283412,10.087720,0.74482,21.108,1.465,20.030,_
,118.11851,I.180429_0250.C,146.1234298,-31.7283548,38.716682,1.41476,19.640,0.771,19.260,_
,118.39880,I.180429_0934.A,146.1234282,-31.7282806,10.691725,4.65948,21.044,0.234,21.967,MOON_BRIGHT
,118.46752,I.180429_1113.A,146.1233848,-31.7282551,14.161677,4.82330,20.738,0.226,21.706,MOON_BRIGHT
,118.73773,I.180429_1742.S,146.1234011,-31.7282701,10.701950,4.11537,21.043,0.265,21.814,_
,118.80162,I.180429_1914.S,146.1233667,-31.7283012,12.232802,3.55645,20.897,0.307,21.531,MOON_BRIGHT
,118.86914,I.180429_2051.S,146.1233314,-31.7283221,11.210931,3.73180,20.993,0.292,21.713,MOON_BRIGHT
,118.99752,I.180429_2356.C,146.1234258,-31.7282501,10.636623,4.74470,21.050,0.230,21.969,MOON_BRIGHT
,119.05877,I.180430_0124.C,146.1233757,-31.7283491,8.4507621,3.46657,21.301,0.315,21.930,MOON_BRIGHT
,119.11800,I.180430_0249.C,146.1233521,-31.7282682,15.848383,5.01874,20.615,0.217,21.639,_
,119.38866,I.180430_0919.A,146.1233638,-31.7283318,8.6501751,2.57352,21.275,0.424,21.557,MOON_BRIGHT
,119.45192,I.180430_1050.A,146.1233591,-31.7282731,12.904052,3.36511,20.839,0.324,21.421,MOON_BRIGHT
,119.73179,I.180430_1733.S,146.1234361,-31.7282899,7.7980419,5.73264,21.389,0.190,22.530,_
,119.80488,I.180430_1919.S,146.1233626,-31.7283262,8.3129250,5.85974,21.319,0.186,22.484,_
,119.99959,I.180430_2359.C,146.1233498,-31.7282742,274.68820,1.80662,17.503,0.604,17.382,MOON_BRIGHT
,121.38912,I.180502_0920.A,146.1233832,-31.7282495,11.696376,6.48760,20.946,0.168,22.205,MOON_BRIGHT
,121.45039,I.180502_1048.A,146.1233767,-31.7283295,10.507127,5.36396,21.063,0.203,22.128,MOON_BRIGHT
,121.50917,I.180502_1213.A,146.1233339,-31.7282887,11.512080,3.36750,20.964,0.324,21.535,MOON_BRIGHT
,121.82999,I.180502_1955.S,146.1233642,-31.7283235,5.1970520,2.09025,21.831,0.522,21.887,_
,121.98757,I.180502_2342.C,146.1234164,-31.7283463,9.6912964,4.41273,21.151,0.247,22.032,MOON_BRIGHT
,122.05535,I.180503_0119.C,146.1233924,-31.7283299,5.5735380,1.10895,21.755,0.984,21.119,MOON_BRIGHT
,122.73407,I.180503_1737.S,146.1233688,-31.7282789,7.0732097,3.61210,21.495,0.302,22.171,_
,122.79889,I.180503_1910.S,146.1233702,-31.7283532,8.2410759,4.83470,21.328,0.226,22.311,_
,122.86065,I.180503_2039.S,146.1234277,-31.7283267,6.4136406,4.98147,21.602,0.219,22.581,_
,122.98863,I.180503_2343.C,146.1233329,-31.7283368,5.2376184,3.06009,21.823,0.357,22.289,MOON_BRIGHT
,123.06274,I.180504_0130.C,146.1233370,-31.7283332,9.9571115,6.06205,21.122,0.180,22.346,MOON_BRIGHT
,123.39677,I.180504_0931.A,146.1233270,-31.7283174,9.2682143,3.68731,21.200,0.296,21.874,MOON_BRIGHT
,123.45954,I.180504_1101.A,146.1234320,-31.7282759,1.2615393,0.37857,23.376,2.882,21.556,MOON_BRIGHT
,123.73583,I.180504_1739.S,146.1234113,-31.7283313,5.9598944,4.28498,21.682,0.255,22.527,_
,123.79904,I.180504_1910.S,146.1233589,-31.7283473,7.7851261,6.80522,21.390,0.160,22.713,_
,124.00046,I.180505_0000.C,146.1233829,-31.7282503,8.5208831,5.83334,21.292,0.187,22.499,MOON_BRIGHT
,124.07310,I.180505_0145.C,146.1233117,-31.7283040,9.7430933,6.21538,21.146,0.176,22.405,MOON_BRIGHT
,124.39189,I.180505_0924.A,146.1233429,-31.7283001,4.1492253,1.01906,22.077,1.071,21.326,MOON_BRIGHT
,124.45963,I.180505_1101.A,146.1233646,-31.7282893,8.9799072,3.47854,21.235,0.314,21.833,MOON_BRIGHT
,124.73234,I.180505_1734.S,146.1233702,-31.7282986,8.0975065,6.34870,21.347,0.172,22.606,_
,124.79485,I.180505_1904.S,146.1233244,-31.7282741,8.0456115,6.48818,21.354,0.168,22.672,_
,124.85470,I.180505_2030.S,146.1233572,-31.7282958,8.4363196,4.54664,21.303,0.240,22.197,_
,125.08917,I.180506_0208.C,146.1233608,-31.7282586,10.218672,4.76033,21.094,0.229,22.010,MOON_BRIGHT
,125.45946,I.180506_1101.A,146.1233351,-31.7283323,9.9061904,5.42045,21.128,0.201,22.241,MOON_BRIGHT
,125.72819,I.180506_1728.S,146.1234278,-31.7282621,5.3204039,2.46670,21.806,0.442,22.002,_
,125.79537,I.180506_1905.S,146.1233255,-31.7283242,8.1980146,5.88570,21.334,0.185,22.482,_
,126.03075,I.180507_0044.C,146.1233346,-31.7283232,3.7998776,0.88646,22.173,1.231,21.262,MOON_BRIGHT
,126.39698,I.180507_0931.A,146.1233450,-31.7283011,9.0772908,4.95739,21.223,0.220,22.217,_
,126.46252,I.180507_1106.A,-99.9999999,-99.9999999,-99.99999,-99.99,-99.999,-99.999,-99.999,PSF_ERROR_BAD_IMAGE
,126.99469,I.180507_2352.C,146.1233536,-31.7283176,11.541980,2.79875,20.961,0.390,21.341,MOON_BRIGHT
,127.05622,I.180508_0120.C,146.1233262,-31.7282963,1.7386690,0.47565,23.026,2.294,21.457,MOON_BRIGHT
,127.38711,I.180508_0917.A,146.1233490,-31.7283469,16.298915,1.02832,20.584,1.061,19.846,_
,127.99750,I.180508_2356.C,146.1233638,-31.7282892,10.553705,3.61156,21.058,0.302,21.691,MOON_BRIGHT
,128.06214,I.180509_0129.C,146.1233508,-31.7283300,5.9586916,1.86070,21.682,0.586,21.590,MOON_BRIGHT
,128.38889,I.180509_0919.A,146.1233965,-31.7283225,8.8978126,4.60069,21.245,0.237,22.148,_
,128.45336,I.180509_1052.A,146.1233600,-31.7283265,6.9648082,3.38538,21.512,0.322,22.082,_
,128.74852,I.180509_1757.S,146.1233559,-31.7282916,6.6905027,4.70031,21.556,0.232,22.531,_
,128.81252,I.180509_1930.S,146.1233940,-31.7283350,5.6340867,4.10453,21.743,0.266,22.534,_
,129.74343,I.180510_1750.S,146.1233624,-31.7283370,5.5361355,0.94451,21.762,1.155,20.968,_
,129.81072,I.180510_1927.S,146.1234017,-31.7283430,2.4938784,0.16541,22.632,6.595,19.925,_
,130.00059,I.180511_0000.C,146.1233611,-31.7282758,8.5642287,4.78885,21.286,0.228,22.210,MOON_BRIGHT
,130.07226,I.180511_0144.C,146.1233359,-31.7282877,5.9926566,3.45686,21.676,0.316,22.270,MOON_BRIGHT
,130.73472,I.180511_1738.S,146.1233865,-31.7282816,7.7241358,3.89689,21.399,0.280,22.084,_
,130.80152,I.180511_1914.S,146.1233868,-31.7282822,4.5495001,2.41437,21.976,0.452,22.188,_
,130.99840,I.180511_2357.C,146.1233697,-31.7282986,5.9494556,3.92706,21.684,0.278,22.446,MOON_BRIGHT
,131.06625,I.180512_0135.C,146.1234131,-31.7283131,8.8403792,5.30283,21.252,0.206,22.327,MOON_BRIGHT
,131.46147,I.180512_1104.A,146.1233451,-31.7283258,5.1779533,0.74245,21.835,1.469,20.764,_
,131.73573,I.180512_1739.S,146.1233926,-31.7283032,3.1814113,1.93287,22.367,0.564,22.328,_
,131.80318,I.180512_1916.S,146.1234403,-31.7283538,5.2830811,3.37575,21.813,0.323,22.360,_
,131.99519,I.180512_2353.C,146.1234326,-31.7282784,5.4208468,2.47379,21.785,0.441,21.999,_
,132.05875,I.180513_0124.C,146.1234107,-31.7283410,4.2647134,1.88871,22.047,0.578,21.959,MOON_BRIGHT
,132.39424,I.180513_0927.A,146.1234156,-31.7282755,6.7139245,3.54911,21.552,0.307,22.205,_
,132.46551,I.180513_1110.A,146.1233868,-31.7282674,5.5622713,3.42276,21.757,0.319,22.328,_
,132.74325,I.180513_1750.S,146.1233107,-31.7282592,4.4447190,2.16744,22.002,0.503,22.046,_
,132.80862,I.180513_1924.S,146.1234020,-31.7283558,3.3690697,2.18302,22.304,0.500,22.416,_
,133.38601,I.180514_0915.A,146.1233763,-31.7283466,4.8772770,1.53063,21.901,0.713,21.606,_
,133.45154,I.180514_1050.A,146.1233182,-31.7282939,5.9152260,2.45353,21.690,0.445,21.952,_
,133.73487,I.180514_1738.S,146.1233264,-31.7282717,5.3500057,3.27438,21.800,0.333,22.367,_
,133.81376,I.180514_1931.S,146.1233187,-31.7283438,5.4608752,3.31791,21.777,0.329,22.356,_
,133.98734,I.180514_2341.C,146.1233254,-31.7283575,5.3822014,1.58825,21.793,0.687,21.535,_
,134.05883,I.180515_0124.C,146.1233798,-31.7283163,10.065242,5.16839,21.110,0.211,22.124,_
,134.38897,I.180515_0920.A,146.1233314,-31.7282627,8.0868001,3.93325,21.349,0.277,22.110,_
,134.45253,I.180515_1051.A,146.1233381,-31.7282980,7.1020114,3.27946,21.491,0.333,22.011,_
,134.73779,I.180515_1742.S,146.1233267,-31.7283503,4.4743525,3.15101,21.995,0.346,22.497,_
,134.74096,I.180515_1746.S,146.1233258,-31.7282854,4.9403043,3.18096,21.887,0.343,22.406,_
,134.98292,I.180515_2335.C,146.1234215,-31.7282526,5.2430045,2.50764,21.822,0.435,22.074,_
,135.05034,I.180516_0112.C,146.1234220,-31.7283432,4.2125649,2.47323,22.060,0.441,22.286,_
,135.37372,I.180516_0858.A,146.1233944,-31.7283335,0.7421641,0.20060,23.955,5.438,21.427,_
,135.43927,I.180516_1032.A,146.1233518,-31.7282939,5.3371593,1.94362,21.802,0.561,21.759,_
,135.73917,I.180516_1744.S,146.1234149,-31.7283300,2.4012598,1.84109,22.674,0.593,22.594,MOON_BRIGHT
,135.80678,I.180516_1921.S,146.1234343,-31.7282540,6.2987269,4.52810,21.622,0.241,22.500,MOON_BRIGHT
,135.99674,I.180516_2355.C,146.1233985,-31.7282919,5.6249034,3.49083,21.745,0.313,22.395,_
,136.05753,I.180517_0122.C,146.1233257,-31.7283567,3.9742652,2.46112,22.124,0.443,22.349,_
,136.38451,I.180517_0913.A,146.1233559,-31.7283334,4.8357611,2.70180,21.910,0.404,22.240,_
,136.44747,I.180517_1044.A,146.1234376,-31.7283402,6.5453516,2.71924,21.580,0.401,21.928,_
,136.73870,I.180517_1743.S,146.1233164,-31.7283497,5.7928785,4.53383,21.713,0.241,22.589,MOON_BRIGHT
,136.80095,I.180517_1913.S,146.1234011,-31.7282787,4.5597439,3.51036,21.974,0.311,22.573,MOON_BRIGHT
,136.98517,I.180517_2338.C,146.1234172,-31.7282688,4.9664305,0.68999,21.881,1.581,20.705,_
,137.00699,I.180518_0010.C,146.1233261,-31.7283526,5.3686074,2.09294,21.796,0.521,21.849,_
,137.02814,I.180518_0040.C,146.1233319,-31.7283241,5.3595761,2.92649,21.798,0.373,22.220,_
,137.05089,I.180518_0113.C,146.1234303,-31.7282716,6.5044687,4.52732,21.586,0.241,22.455,_
,137.38575,I.180518_0915.A,146.1233664,-31.7283489,0.6014341,0.17171,24.184,6.353,21.530,_
,137.45383,I.180518_1053.A,146.1233245,-31.7283401,0.2038465,0.07550,25.364,14.449,21.792,_
,137.73851,I.180518_1743.S,146.1233325,-31.7283024,-16.27549,-0.0901,-99.999,-99.999,17.209,MOON_BRIGHT
,137.97725,I.180518_2327.C,146.1233938,-31.7283349,3.0021070,1.49122,22.430,0.732,22.092,_
,138.02817,I.180519_0040.C,146.1233171,-31.7283544,4.8377592,2.20648,21.909,0.494,22.002,_
,138.05644,I.180519_0121.C,146.1233577,-31.7283487,6.3248733,3.08392,21.617,0.354,22.130,_
,138.37888,I.180519_0905.A,146.1233705,-31.7282985,2.9889610,1.12839,22.435,0.967,21.824,_
,138.45156,I.180519_1050.A,146.1233725,-31.7283555,0.0953596,0.03232,26.193,33.751,21.664,_
,138.95632,I.180519_2257.C,146.1233213,-31.7282740,3.9803513,1.43335,22.122,0.761,21.757,_
,139.00664,I.180520_0009.C,146.1233889,-31.7283260,3.0745186,1.65486,22.404,0.659,22.205,_
,139.03743,I.180520_0053.C,146.1233377,-31.7283179,4.9043075,2.43683,21.894,0.448,22.096,_
,139.44483,I.180520_1040.A,146.1233683,-31.7282927,0.2743128,0.07042,25.040,15.491,21.376,_
,139.97242,I.180520_2320.C,146.1233419,-31.7283198,1.3646773,0.64953,23.290,1.680,22.027,_
,140.01740,I.180521_0025.C,146.1233405,-31.7283048,4.6031887,1.96481,21.964,0.555,21.972,_
,140.04668,I.180521_0107.C,146.1233259,-31.7282813,8.0763216,2.89630,21.350,0.377,21.726,_
,140.38380,I.180521_0912.A,146.1233807,-31.7282835,4.4384437,1.93372,22.003,0.564,21.952,_
,140.97113,I.180521_2318.C,146.1234043,-31.7283401,5.4226583,2.99894,21.785,0.364,22.191,_
,141.01644,I.180522_0023.C,146.1233354,-31.7283397,4.1616328,1.71274,22.074,0.637,21.929,_
,141.04590,I.180522_0106.C,146.1233384,-31.7283543,5.1761847,2.20883,21.836,0.494,21.944,_
,141.40528,I.180522_0943.A,146.1233497,-31.7282511,4.1258427,1.27375,22.083,0.856,21.588,MOON_BRIGHT
,141.98242,I.180522_2334.C,146.1234343,-31.7283545,2.6798597,1.76244,22.554,0.619,22.371,_
,142.05087,I.180523_0113.C,146.1233172,-31.7282567,5.3890323,3.65485,21.792,0.298,22.442,_
,142.38355,I.180523_0912.A,146.1233459,-31.7282870,2.4874160,0.66077,22.635,1.651,21.429,MOON_BRIGHT
,142.44935,I.180523_1047.A,146.1233846,-31.7283195,3.5386338,1.27620,22.251,0.855,21.779,MOON_BRIGHT
,142.72576,I.180523_1725.S,146.1233360,-31.7283512,2.3966936,1.05986,22.676,1.029,21.983,MOON_BRIGHT
,142.79588,I.180523_1906.S,146.1233856,-31.7283411,-3.651218,-0.6525,-99.999,-99.999,20.997,MOON_BRIGHT
,142.97751,I.180523_2327.C,146.1233276,-31.7283533,3.0698230,2.03204,22.406,0.537,22.436,_
,143.04350,I.180524_0102.C,146.1234314,-31.7283343,5.6997928,3.10194,21.731,0.352,22.223,_
,143.97524,I.180524_2324.C,146.1233613,-31.7283367,2.8862925,1.61452,22.473,0.676,22.239,_
,144.03641,I.180525_0052.C,146.1233928,-31.7283392,2.5119218,1.27032,22.624,0.859,22.153,_
,144.37981,I.180525_0906.A,146.1233266,-31.7282941,4.3542369,2.62833,22.024,0.415,22.339,MOON_BRIGHT
,144.97411,I.180525_2322.C,146.1234373,-31.7283121,1.3005358,0.67356,23.343,1.620,22.180,_
,145.03483,I.180526_0050.C,146.1234109,-31.7282633,3.9187454,2.02870,22.139,0.538,22.138,_
,145.71863,I.180526_1714.S,146.1234244,-31.7282647,4.5422322,1.91316,21.978,0.570,21.944,MOON_BRIGHT
,145.78211,I.180526_1846.S,146.1234074,-31.7282646,3.5374490,1.64664,22.251,0.663,22.058,MOON_BRIGHT
,145.98109,I.180526_2332.C,146.1234189,-31.7283061,3.0846876,1.15394,22.400,0.945,21.753,MOON_BRIGHT
,146.04147,I.180527_0059.C,146.1233374,-31.7282586,2.0328865,0.74940,22.855,1.456,21.799,_
,146.73535,I.180527_1738.S,146.1233861,-31.7283006,4.3154149,2.59820,22.034,0.420,22.322,MOON_BRIGHT
,146.79748,I.180527_1908.S,-99.9999999,-99.9999999,-99.99999,-99.99,-99.999,-99.999,-99.999,PSF_ERROR_BAD_IMAGE
,146.98422,I.180527_2337.C,146.1234360,-31.7283008,1.8320508,0.78421,22.969,1.391,21.931,MOON_BRIGHT
,147.37770,I.180528_0903.A,146.1234142,-31.7282558,2.4099271,1.09642,22.670,0.995,21.957,MOON_BRIGHT
,148.38043,I.180529_0907.A,146.1233715,-31.7282664,3.4148512,1.64657,22.289,0.663,22.082,MOON_BRIGHT
,148.39182,I.180529_0924.A,146.1233800,-31.7282921,2.9315875,1.35305,22.456,0.806,22.015,MOON_BRIGHT
,148.74490,I.180529_1752.S,146.1233455,-31.7282512,3.4442043,1.20732,22.280,0.904,21.724,_
,149.73302,I.180530_1735.S,146.1233609,-31.7283126,2.5543363,0.27909,22.606,3.909,20.488,_
,150.37544,I.180531_0900.A,146.1233685,-31.7282747,-0.967159,-0.2436,-99.999,-99.999,21.378,MOON_BRIGHT
,150.72198,I.180531_1719.S,146.1234187,-31.7283274,0.5991182,0.27550,24.188,3.960,22.030,_
,150.97561,I.180531_2324.C,146.1233556,-31.7283046,2.3850164,0.92658,22.681,1.177,21.876,MOON_BRIGHT
,151.03753,I.180601_0054.C,146.1233157,-31.7283281,4.6917115,1.76635,21.943,0.618,21.812,MOON_BRIGHT
,151.38731,I.180601_0917.A,146.1233820,-31.7283461,1.7426312,0.59122,23.023,1.845,21.666,MOON_BRIGHT
,151.97697,I.180601_2326.C,146.1234036,-31.7283434,1.8413573,0.99827,22.963,1.093,22.181,MOON_BRIGHT
,152.72014,I.180602_1717.S,146.1234208,-31.7283122,1.2525075,0.63273,23.384,1.724,22.095,_
,152.97219,I.180602_2319.C,146.1233673,-31.7283032,2.6603299,2.30107,22.562,0.474,22.662,MOON_BRIGHT
,153.38384,I.180603_0912.A,146.1233419,-31.7283408,2.2837696,0.83421,22.728,1.308,21.778,MOON_BRIGHT
,153.98072,I.180603_2332.C,-99.9999999,-99.9999999,-99.99999,-99.99,-99.999,-99.999,-99.999,PSF_ERROR_BAD_IMAGE
,154.37301,I.180604_0857.A,146.1233140,-31.7282773,3.3344227,1.37622,22.315,0.793,21.957,_
,154.71984,I.180604_1716.S,146.1233343,-31.7282846,2.3993907,1.08576,22.674,1.005,22.009,_
,154.77662,I.180604_1838.S,146.1234081,-31.7282904,-2.645898,-0.8813,-99.999,-99.999,21.654,_
,154.96961,I.180604_2316.C,146.1233523,-31.7283355,1.0946585,0.57410,23.531,1.900,22.181,MOON_BRIGHT
,155.37902,I.180605_0905.A,146.1233506,-31.7283426,-0.929782,-0.2744,-99.999,-99.999,21.524,_
,155.72641,I.180605_1726.S,146.1234303,-31.7283398,-1.710628,-1.1183,-99.999,-99.999,22.371,_
,156.37648,I.180606_0902.A,146.1233431,-31.7283519,2.0643501,0.54871,22.838,1.988,21.377,_
,156.72366,I.180606_1722.S,146.1233571,-31.7282569,2.4717277,1.39054,22.642,0.785,22.242,_
,156.97395,I.180606_2322.C,146.1233128,-31.7283322,2.2557724,0.90465,22.742,1.206,21.852,MOON_BRIGHT
,157.02794,I.180607_0040.C,146.1233420,-31.7283320,1.9263553,0.87185,22.914,1.251,21.954,MOON_BRIGHT
,157.37847,I.180607_0905.A,146.1233442,-31.7283107,2.4217399,0.45747,22.664,2.385,21.040,_
,157.71756,I.180607_1713.S,146.1233287,-31.7282648,1.8419485,1.09317,22.963,0.998,22.314,_
,157.96463,I.180607_2309.C,146.1233947,-31.7283284,1.2509052,0.54811,23.385,1.990,21.965,MOON_BRIGHT
,158.01802,I.180608_0025.C,146.1234397,-31.7283437,1.8298418,0.84299,22.970,1.294,21.992,MOON_BRIGHT
,158.71546,I.180608_1710.S,146.1234149,-31.7283299,0.7078860,0.24862,24.006,4.388,21.727,_
,158.96061,I.180608_2303.C,146.1234186,-31.7282568,1.2676590,0.78278,23.370,1.394,22.322,MOON_BRIGHT
,159.01279,I.180609_0018.C,146.1234076,-31.7283489,-3.201761,-0.8962,-99.999,-99.999,21.445,MOON_BRIGHT
,160.37215,I.180610_0855.A,146.1234249,-31.7283350,-1.873864,-0.5033,-99.999,-99.999,21.432,_
,161.37294,I.180611_0857.A,146.1233448,-31.7282819,-2.791592,-0.7586,-99.999,-99.999,21.463,_
,161.71080,I.180611_1703.S,146.1233880,-31.7282541,2.2960215,1.73303,22.722,0.630,22.586,_
,162.36970,I.180612_0852.A,146.1233754,-31.7283520,-0.192919,-0.0671,-99.999,-99.999,21.723,_
,162.71157,I.180612_1704.S,146.1233619,-31.7283158,0.5633826,0.41936,24.255,2.601,22.523,_
,162.96939,I.180612_2315.C,146.1233919,-31.7282922,1.6607137,0.73012,23.076,1.494,21.944,_
,163.37718,I.180613_0903.A,146.1234084,-31.7282981,-3.096472,-0.6006,-99.999,-99.999,21.039,_
,163.71213,I.180613_1705.S,146.1233435,-31.7283316,0.9799683,0.54732,23.651,1.993,22.222,MOON_BRIGHT
,163.96627,I.180613_2311.C,146.1234127,-31.7283522,0.1762279,0.12229,25.523,8.920,22.461,_
,164.37031,I.180614_0853.A,146.1234383,-31.7282914,-7.552975,-1.3843,-99.999,-99.999,21.070,_
,164.96788,I.180614_2313.C,146.1233528,-31.7283502,1.1760058,0.80739,23.452,1.351,22.487,_
,166.70936,I.180616_1701.S,146.1233284,-31.7283048,4.3262037,0.40205,22.031,2.713,20.279,MOON_BRIGHT
,166.97648,I.180616_2326.C,146.1233761,-31.7283521,0.9201855,0.62010,23.720,1.759,22.453,_
,167.97435,I.180617_2323.C,146.1233656,-31.7283566,0.9683001,0.53364,23.664,2.044,22.250,_
,168.97259,I.180618_2320.C,146.1233805,-31.7282979,-0.274664,-0.1390,-99.999,-99.999,22.112,_
,169.37392,I.180619_0858.A,146.1233860,-31.7283209,-0.016917,-0.0048,-99.999,-99.999,21.498,_
,169.96225,I.180619_2305.C,146.1234316,-31.7283446,0.9771126,0.44550,23.654,2.449,21.990,_
,170.71046,I.180620_1703.S,146.1234011,-31.7282741,0.1539251,0.05511,25.671,19.793,21.755,MOON_BRIGHT
,170.95159,I.180620_2250.C,146.1234038,-31.7283194,5.1457012,1.59661,21.842,0.683,21.610,_
,171.37235,I.180621_0856.A,146.1233125,-31.7282750,-3.170486,-0.9082,-99.999,-99.999,21.500,MOON_BRIGHT
,171.95222,I.180621_2251.C,146.1234334,-31.7283560,-2.885325,-0.7182,-99.999,-99.999,21.319,_
,172.36810,I.180622_0850.A,146.1234031,-31.7282492,-5.674518,-1.4011,-99.999,-99.999,21.336,MOON_BRIGHT
,172.70594,I.180622_1656.S,146.1233886,-31.7283380,-1.267452,-0.8048,-99.999,-99.999,22.379,MOON_BRIGHT
,172.95605,I.180622_2256.C,146.1234378,-31.7283123,-1.688572,-0.3724,-99.999,-99.999,21.236,_
,173.36787,I.180623_0849.A,146.1233968,-31.7282813,0.0474158,0.01221,26.955,89.339,21.382,MOON_BRIGHT
,173.95214,I.180623_2251.C,146.1233351,-31.7283297,1.3835732,0.41193,23.275,2.648,21.539,_
,174.36390,I.180624_0844.A,146.1233647,-31.7283464,-5.558891,-1.6055,-99.999,-99.999,21.533,MOON_BRIGHT
,174.70708,I.180624_1658.S,146.1233414,-31.7283400,-3.305310,-1.5384,-99.999,-99.999,22.080,MOON_BRIGHT
,174.95338,I.180624_2252.C,146.1234198,-31.7283259,-10.63905,-1.4015,-99.999,-99.999,20.662,MOON_BRIGHT
,175.36274,I.180625_0842.A,146.1233294,-31.7282575,-2.452970,-0.6742,-99.999,-99.999,21.440,MOON_BRIGHT
,175.70418,I.180625_1654.S,146.1234144,-31.7283394,2.0773048,0.09828,22.832,11.100,19.493,MOON_BRIGHT
,175.94955,I.180625_2247.C,146.1233216,-31.7283516,-0.054200,-0.0088,-99.999,-99.999,20.934,MOON_BRIGHT
,176.35823,I.180626_0835.A,146.1233314,-31.7283415,0.4460046,0.13791,24.510,7.910,21.582,MOON_BRIGHT
,176.70551,I.180626_1655.S,146.1234259,-31.7282741,-2.160870,-0.8771,-99.999,-99.999,21.875,_
,176.96586,I.180626_2310.C,146.1233809,-31.7283572,1.0126478,0.56966,23.616,1.915,22.254,MOON_BRIGHT
,177.95388,I.180627_2253.C,146.1233414,-31.7283008,-0.281374,-0.1136,-99.999,-99.999,21.860,MOON_BRIGHT