,37.46333,B.180207_1107.A,146.1233846,-31.7282529,-2.109604,-0.8801,-99.999,-99.999,22.459,MOON_BRIGHT
,37.50887,B.180207_1212.A,146.1234170,-31.7282980,-0.127461,-0.0841,-99.999,-99.999,22.993,MOON_BRIGHT
,37.80058,B.180207_1912.S,-99.9999999,-99.9999999,-99.99999,-99.99,-99.999,-99.999,-99.999,PSF_ERROR_BAD_IMAGE
,38.03679,B.180208_0052.C,146.1234080,-31.7282704,0.9565961,0.41265,24.237,2.644,22.536,MOON_BRIGHT
,38.06370,B.180208_0131.C,146.1233951,-31.7282658,0.4973975,0.30346,24.951,3.595,22.856,MOON_BRIGHT
,38.09876,B.180208_0222.C,146.1234337,-31.7283555,-0.235394,-0.2016,-99.999,-99.999,23.236,MOON_BRIGHT
,38.45348,B.180208_1053.A,146.1234109,-31.7283254,-99.99999,-99.99,-99.999,-99.999,19.486,MOON_BRIGHT
,38.47685,B.180208_1126.A,146.1234218,-31.7283174,-2.400015,-1.0289,-99.999,-99.999,22.451,MOON_BRIGHT
,38.80666,B.180208_1921.S,146.1234242,-31.7282649,-1.723084,-1.8226,-99.999,-99.999,23.515,_
,39.83674,B.180209_2004.S,-99.9999999,-99.9999999,-99.99999,-99.99,-99.999,-99.999,-99.999,PSF_ERROR_BAD_IMAGE
,39.89186,B.180209_2124.S,146.1233201,-31.7283381,0.5716946,0.26874,24.799,4.059,22.631,_
,40.78906,B.180210_1856.S,146.1233146,-31.7282660,-0.414423,-0.2450,-99.999,-99.999,22.845,_
,40.87553,B.180210_2100.S,146.1233528,-31.7282503,-0.247352,-0.2470,-99.999,-99.999,23.435,_
,41.60304,B.180211_1428.A,146.1234082,-31.7282992,4.3810970,1.65205,22.577,0.660,22.353,MOON_BRIGHT
,41.66407,B.180211_1556.A,146.1234354,-31.7283419,-0.556384,-0.2929,-99.999,-99.999,22.756,MOON_BRIGHT
,41.72435,B.180211_1723.A,146.1234020,-31.7283000,0.6889912,0.28262,24.595,3.860,22.470,MOON_BRIGHT
,43.67481,B.180213_1611.A,146.1234380,-31.7283229,-0.694907,-0.4529,-99.999,-99.999,22.928,MOON_BRIGHT
,43.73911,B.180213_1744.A,146.1233736,-31.7282816,-0.394034,-0.2426,-99.999,-99.999,22.854,MOON_BRIGHT
,46.43675,B.180216_1028.A,146.1233245,-31.7283013,1.0052939,0.53501,24.183,2.039,22.723,_
,46.47925,B.180216_1130.A,-99.9999999,-99.9999999,-99.99999,-99.99,-99.999,-99.999,-99.999,PSF_ERROR_BAD_IMAGE
,46.53052,B.180216_1243.A,146.1233363,-31.7283357,-0.890800,-0.5893,-99.999,-99.999,22.939,_
,47.44201,B.180217_1036.A,146.1233616,-31.7283287,-1.514556,-0.6330,-99.999,-99.999,22.410,_
,47.48938,B.180217_1144.A,146.1234229,-31.7283249,-1.291933,-0.7102,-99.999,-99.999,22.734,_
,48.43181,B.180218_1021.A,146.1233675,-31.7282786,-0.689967,-0.2870,-99.999,-99.999,22.419,_
,48.48350,B.180218_1136.A,146.1234182,-31.7282987,0.3841601,0.14314,25.233,7.621,22.370,_
,48.53432,B.180218_1249.A,146.1233667,-31.7282522,-0.881751,-0.5832,-99.999,-99.999,23.007,_
,48.55866,B.180218_1324.A,146.1234178,-31.7282634,1.6012162,0.11424,23.675,9.549,20.531,_
,48.80095,B.180218_1913.S,146.1234083,-31.7282546,2.0328898,1.06762,23.415,1.022,22.728,MOON_BRIGHT
,48.83302,B.180218_1959.S,146.1234072,-31.7283161,-0.761638,-0.4814,-99.999,-99.999,22.896,MOON_BRIGHT
,48.89200,B.180218_2124.S,146.1233659,-31.7283386,0.6109776,0.42321,24.727,2.578,23.066,_
,49.04081,B.180219_0058.C,146.1234276,-31.7282728,-0.875608,-0.4272,-99.999,-99.999,22.623,_
,49.10075,B.180219_0225.C,146.1233474,-31.7283158,-0.417882,-0.3011,-99.999,-99.999,23.097,_
,49.20450,B.180219_0454.C,146.1234312,-31.7283199,0.3791555,0.31514,25.247,3.462,23.264,_
,49.79507,B.180219_1904.S,146.1233323,-31.7283287,1.2763199,0.92720,23.923,1.177,23.096,MOON_BRIGHT
,49.83058,B.180219_1956.S,146.1233897,-31.7283334,-1.682716,-1.4964,-99.999,-99.999,23.287,MOON_BRIGHT
,49.88400,B.180219_2112.S,146.1233518,-31.7283496,-0.334105,-0.3114,-99.999,-99.999,23.317,_
,49.96463,B.180219_2309.S,-99.9999999,-99.9999999,-99.99999,-99.99,-99.999,-99.999,-99.999,PSF_ERROR_BAD_IMAGE
,50.03512,B.180220_0050.C,146.1233292,-31.7283512,-1.079463,-0.5486,-99.999,-99.999,22.626,_
,50.06257,B.180220_0130.C,146.1233365,-31.7283541,-1.597418,-0.9346,-99.999,-99.999,22.782,_
,50.11730,B.180220_0248.C,146.1234264,-31.7282922,-1.499464,-1.0613,-99.999,-99.999,23.086,_
,50.23714,B.180220_0541.C,146.1233718,-31.7282559,0.9567695,0.70149,24.237,1.555,23.091,_
,50.78319,B.180220_1847.S,146.1233477,-31.7282769,0.5288078,0.24677,24.884,4.421,22.581,MOON_BRIGHT
,50.81003,B.180220_1926.S,146.1233731,-31.7282517,-0.462720,-0.3634,-99.999,-99.999,23.125,MOON_BRIGHT
,50.86057,B.180220_2039.S,146.1234048,-31.7282638,-0.056032,-0.0258,-99.999,-99.999,22.561,MOON_BRIGHT
,50.93032,B.180220_2219.S,146.1233319,-31.7282580,-12.46708,-0.4546,-99.999,-99.999,19.794,_
,50.93376,B.180220_2224.S,146.1234391,-31.7283557,2.0645048,0.14332,23.398,7.612,20.528,_
,51.04237,B.180221_0101.C,146.1233690,-31.7283553,0.4157877,0.25836,25.146,4.222,22.887,_
,51.11205,B.180221_0241.C,146.1233262,-31.7282804,0.1221126,0.09955,26.483,10.958,23.192,_
,51.19372,B.180221_0438.C,146.1234287,-31.7283069,-0.344803,-0.3707,-99.999,-99.999,23.508,_
,51.26022,B.180221_0614.C,146.1233798,-31.7282603,0.1647948,0.17735,26.156,6.151,23.444,_
,51.43499,B.180221_1026.A,146.1233454,-31.7282579,-4.414574,-1.1620,-99.999,-99.999,21.940,_
,51.46617,B.180221_1111.A,146.1234047,-31.7283165,-0.036674,-0.0079,-99.999,-99.999,21.731,_
,51.47023,B.180221_1117.A,146.1233666,-31.7282534,0.2390407,0.05218,25.750,20.906,21.745,_
,51.50892,B.180221_1212.A,146.1233749,-31.7283537,1.0516364,0.32712,24.134,3.335,22.177,_
,51.57343,B.180221_1345.A,146.1234056,-31.7283063,0.2629384,0.19293,25.646,5.655,23.087,_
,51.63488,B.180221_1514.A,146.1233841,-31.7283482,0.8981520,0.25107,24.306,4.345,22.035,_
,51.78856,B.180221_1855.S,146.1234130,-31.7282936,0.8252791,0.49001,24.399,2.226,22.830,MOON_BRIGHT
,51.82308,B.180221_1945.S,146.1233726,-31.7283357,0.0380197,0.02712,27.756,40.217,22.999,MOON_BRIGHT
,53.04308,B.180223_0102.C,146.1234259,-31.7283312,-0.855870,-0.2855,-99.999,-99.999,22.258,_
,53.09544,B.180223_0217.C,146.1233121,-31.7282584,-0.526745,-0.2320,-99.999,-99.999,22.502,_
,53.18226,B.180223_0422.C,146.1233574,-31.7283534,-0.662957,-0.6857,-99.999,-99.999,23.481,_
,53.24464,B.180223_0552.C,146.1234374,-31.7283199,-0.302179,-0.3444,-99.999,-99.999,23.556,_
,53.82358,B.180223_1945.S,146.1234161,-31.7282829,2.9597637,0.89681,23.005,1.217,22.116,MOON_BRIGHT
,53.88227,B.180223_2110.S,146.1233584,-31.7282663,-1.262967,-0.2773,-99.999,-99.999,21.793,MOON_BRIGHT
,53.96470,B.180223_2309.S,146.1234086,-31.7283510,-0.872570,-0.4713,-99.999,-99.999,22.703,MOON_BRIGHT
,54.03718,B.180224_0053.S,146.1233280,-31.7282808,-2.808703,-1.4237,-99.999,-99.999,22.678,MOON_BRIGHT
,55.04559,B.180225_0105.C,146.1234154,-31.7283331,-0.868316,-0.4926,-99.999,-99.999,22.749,_
,55.05682,B.180225_0121.C,146.1234246,-31.7282496,-1.044758,-0.6307,-99.999,-99.999,22.857,_
,55.11597,B.180225_0247.C,146.1233679,-31.7282565,1.0068982,0.67508,24.182,1.616,23.017,_
,55.19512,B.180225_0440.C,146.1233538,-31.7283551,-0.359818,-0.3395,-99.999,-99.999,23.317,_
,55.26370,B.180225_0619.C,146.1233755,-31.7283055,-0.419805,-0.5452,-99.999,-99.999,23.718,_
,55.26794,B.180225_0625.C,146.1234249,-31.7282780,0.3385412,0.41032,25.371,2.659,23.657,_
,55.78030,B.180225_1843.S,146.1234148,-31.7282715,-2.378962,-0.7928,-99.999,-99.999,22.240,MOON_BRIGHT
,55.81170,B.180225_1928.S,146.1233720,-31.7282941,7.7852498,1.76152,21.950,0.619,21.749,MOON_BRIGHT
,55.86668,B.180225_2048.S,146.1233719,-31.7282727,0.6428436,0.20030,24.671,5.446,22.128,MOON_BRIGHT
,55.94166,B.180225_2235.S,146.1233609,-31.7283486,-0.187616,-0.0642,-99.999,-99.999,22.226,MOON_BRIGHT
,56.01422,B.180226_0020.S,146.1233698,-31.7282532,-3.097525,-1.8062,-99.999,-99.999,22.795,MOON_BRIGHT
,57.04325,B.180227_0102.C,146.1233130,-31.7283534,2.9229475,0.62404,23.019,1.748,21.747,_
,57.04471,B.180227_0104.C,146.1233242,-31.7282637,-4.331105,-0.9871,-99.999,-99.999,21.834,_
,57.10113,B.180227_0225.C,146.1233831,-31.7283004,2.7849771,0.98756,23.072,1.105,22.260,_
,57.17851,B.180227_0417.C,146.1233129,-31.7282531,-0.641434,-0.2669,-99.999,-99.999,22.454,_
,57.24381,B.180227_0551.C,146.1233564,-31.7283516,2.0927678,0.78211,23.383,1.395,22.331,_
,57.42861,B.180227_1017.A,146.1234286,-31.7282845,-4.380455,-1.0055,-99.999,-99.999,21.860,MOON_BRIGHT
,57.49797,B.180227_1157.A,146.1233995,-31.7282648,-0.901919,-0.1939,-99.999,-99.999,21.729,MOON_BRIGHT
,57.58515,B.180227_1402.A,146.1233136,-31.7283043,0.0037879,0.00068,30.272,-99.999,21.567,_
,57.65891,B.180227_1548.A,146.1234204,-31.7282899,3.0994961,0.39428,22.955,2.767,21.197,_
,57.78442,B.180227_1849.S,146.1233422,-31.7283101,-0.604147,-0.1808,-99.999,-99.999,22.127,MOON_BRIGHT
,57.81236,B.180227_1929.S,146.1234037,-31.7282560,1.1285379,0.38074,24.057,2.865,22.251,MOON_BRIGHT
,57.86448,B.180227_2044.S,-99.9999999,-99.9999999,-99.99999,-99.99,-99.999,-99.999,-99.999,PSF_ERROR_BAD_IMAGE
,57.86765,B.180227_2049.S,146.1234119,-31.7283266,0.4245841,0.15706,25.124,6.946,22.353,MOON_BRIGHT
,57.94693,B.180227_2243.S,146.1233550,-31.7283528,0.5638748,0.23564,24.814,4.630,22.456,MOON_BRIGHT
,58.02297,B.180228_0033.S,146.1234228,-31.7282745,2.8360694,0.56290,23.052,1.938,21.632,MOON_BRIGHT
,59.44355,B.180301_1038.A,146.1233760,-31.7283539,-0.421972,-0.0608,-99.999,-99.999,21.302,MOON_BRIGHT
,59.44510,B.180301_1040.A,146.1233291,-31.7282502,2.3591675,0.35686,23.253,3.057,21.369,MOON_BRIGHT
,59.50713,B.180301_1210.A,146.1234012,-31.7283433,-5.691285,-0.7624,-99.999,-99.999,21.283,MOON_BRIGHT
,59.58412,B.180301_1401.A,146.1233636,-31.7283008,-2.982259,-0.3832,-99.999,-99.999,21.177,MOON_BRIGHT
,59.65719,B.180301_1546.A,146.1233270,-31.7283451,7.6918040,0.89189,21.963,1.223,21.063,_
,59.77347,B.180301_1833.S,146.1233207,-31.7283335,-10.99148,-1.0550,-99.999,-99.999,20.819,_
,59.82506,B.180301_1948.S,146.1233419,-31.7282827,-7.654017,-0.8078,-99.999,-99.999,20.961,_
,61.03093,B.180303_0044.C,146.1233605,-31.7283526,2.5966028,0.63418,23.148,1.720,21.854,MOON_BRIGHT
,61.08899,B.180303_0208.C,146.1234007,-31.7283550,0.1735540,0.04630,26.100,23.560,21.953,MOON_BRIGHT
,61.15796,B.180303_0347.C,146.1233544,-31.7283024,-2.261354,-0.6963,-99.999,-99.999,22.123,_
,61.23045,B.180303_0531.C,146.1234280,-31.7282740,-1.528714,-0.4144,-99.999,-99.999,21.984,_
,61.77403,B.180303_1834.S,146.1234232,-31.7283098,0.4391200,0.15687,25.087,6.954,22.279,_
,61.81215,B.180303_1929.S,146.1234302,-31.7283288,0.7450138,0.22974,24.510,4.749,22.093,_
,61.86429,B.180303_2044.S,146.1233522,-31.7282704,-2.796611,-0.4694,-99.999,-99.999,21.491,_
,62.01027,B.180304_0014.S,146.1233879,-31.7283115,0.0601997,0.01297,27.255,84.100,21.734,MOON_BRIGHT
,63.03719,B.180305_0053.C,146.1234342,-31.7282860,-0.384093,-0.4102,-99.999,-99.999,23.469,MOON_BRIGHT
,63.10539,B.180305_0231.C,146.1233752,-31.7283226,0.8973578,0.48118,24.307,2.267,22.756,MOON_BRIGHT
,63.17589,B.180305_0413.C,146.1233180,-31.7283221,-1.439284,-0.6455,-99.999,-99.999,22.511,_
,63.25169,B.180305_0602.C,146.1234184,-31.7283153,4.0923524,1.53604,22.652,0.710,22.344,_
,63.78453,B.180305_1849.S,146.1233920,-31.7283387,-0.168322,-0.0875,-99.999,-99.999,22.656,_
,63.81411,B.180305_1932.S,146.1233346,-31.7283340,0.6249776,0.43405,24.702,2.513,23.065,_
,63.86958,B.180305_2052.S,146.1233118,-31.7282882,3.2235940,1.10349,22.912,0.989,22.287,_
,63.94494,B.180305_2240.S,146.1233873,-31.7282927,0.0963237,0.03064,26.742,35.604,22.203,MOON_BRIGHT
,64.01693,B.180306_0024.S,146.1233735,-31.7283487,5.2967912,1.19126,22.370,0.916,21.776,MOON_BRIGHT
,65.02892,B.180307_0041.C,146.1233700,-31.7282800,0.2035745,0.14311,25.926,7.623,23.010,MOON_BRIGHT
,65.07775,B.180307_0151.C,146.1234129,-31.7283310,3.6456290,3.40457,22.778,0.321,23.361,MOON_BRIGHT
,65.17253,B.180307_0408.C,146.1234313,-31.7282499,1.1765288,0.63787,24.012,1.710,22.719,MOON_BRIGHT
,65.23900,B.180307_0544.C,146.1234276,-31.7282593,1.5690919,0.81466,23.698,1.339,22.687,MOON_BRIGHT
,65.76744,B.180307_1825.S,146.1234369,-31.7283442,3.0510443,1.96312,22.972,0.556,22.946,_
,65.79970,B.180307_1911.S,146.1234019,-31.7283563,5.1725536,3.69922,22.396,0.295,23.047,_
,65.85395,B.180307_2029.S,146.1233544,-31.7282559,3.8431527,1.87353,22.720,0.582,22.639,_
,67.65010,B.180309_1536.A,146.1233526,-31.7283149,12.387965,4.80431,21.443,0.227,22.368,MOON_BRIGHT
,67.65507,B.180309_1543.A,146.1233689,-31.7283138,14.670572,5.60930,21.259,0.195,22.355,MOON_BRIGHT
,69.02166,B.180311_0031.C,146.1234152,-31.7283024,18.375349,17.3416,21.013,0.064,23.535,MOON_BRIGHT
,69.07459,B.180311_0147.C,146.1233447,-31.7282910,23.236275,18.2411,20.757,0.061,23.273,MOON_BRIGHT
,69.14815,B.180311_0333.C,146.1233673,-31.7283338,21.897404,19.3099,20.822,0.058,23.481,MOON_BRIGHT
,69.22032,B.180311_0517.C,146.1234281,-31.7282771,20.361901,16.0544,20.901,0.069,23.322,MOON_BRIGHT
,69.41931,B.180311_1003.A,146.1233105,-31.7282836,28.294390,17.6092,20.542,0.063,23.008,_
,69.46963,B.180311_1116.A,146.1234343,-31.7282853,24.882693,17.3127,20.683,0.064,23.201,_
,69.51954,B.180311_1228.A,146.1233896,-31.7283387,24.731995,14.9640,20.689,0.074,22.975,MOON_BRIGHT
,69.57032,B.180311_1341.A,146.1234285,-31.7282544,27.090806,17.5275,20.590,0.064,23.074,MOON_BRIGHT
,69.63403,B.180311_1513.A,146.1233729,-31.7283340,28.162565,19.8400,20.548,0.056,23.208,MOON_BRIGHT
,69.76895,B.180311_1827.S,146.1233569,-31.7282516,28.924257,22.9636,20.518,0.049,23.414,_
,69.80699,B.180311_1922.S,146.1234289,-31.7282745,28.005405,21.8376,20.554,0.052,23.350,_
,69.87730,B.180311_2103.S,146.1233922,-31.7282524,28.838742,16.8786,20.522,0.066,22.892,_
,69.94407,B.180311_2239.S,146.1233758,-31.7283528,25.762535,19.3350,20.645,0.058,23.286,_
,71.02431,B.180313_0034.C,146.1233978,-31.7283081,36.125750,28.7304,20.276,0.040,23.478,MOON_BRIGHT
,71.07391,B.180313_0146.C,146.1234006,-31.7283470,29.721248,23.7122,20.489,0.048,23.334,MOON_BRIGHT
,71.14281,B.180313_0325.C,146.1233400,-31.7282970,41.796798,30.3230,20.117,0.038,23.343,MOON_BRIGHT
,71.20745,B.180313_0458.C,146.1234283,-31.7283057,38.525332,28.3304,20.206,0.041,23.355,MOON_BRIGHT
,73.02397,B.180315_0034.C,146.1233120,-31.7283491,51.849028,38.2195,19.882,0.031,23.504,MOON_BRIGHT
,73.07381,B.180315_0146.C,146.1233733,-31.7282863,59.756949,43.6415,19.727,0.028,23.526,MOON_BRIGHT
,73.14225,B.180315_0324.C,146.1234019,-31.7283472,44.438209,34.8945,20.050,0.034,23.545,MOON_BRIGHT
,73.20485,B.180315_0454.C,146.1234025,-31.7283458,47.379799,34.7593,19.980,0.034,23.408,MOON_BRIGHT
,73.42944,B.180315_1018.A,146.1234157,-31.7283426,61.129606,32.9993,19.702,0.036,22.984,_
,73.48285,B.180315_1135.A,146.1233580,-31.7282684,74.722850,35.4852,19.483,0.033,22.794,_
,73.53199,B.180315_1246.A,146.1233387,-31.7282895,75.232420,40.2359,19.476,0.030,23.081,_
,73.60028,B.180315_1424.A,146.1234010,-31.7282988,68.867718,35.6444,19.572,0.033,22.992,_
,73.77538,B.180315_1836.S,-99.9999999,-99.9999999,-99.99999,-99.99,-99.999,-99.999,-99.999,PSF_ERROR_BAD_IMAGE
,75.01766,B.180317_0025.C,146.1233521,-31.7282857,84.179275,50.5120,19.353,0.025,23.291,_
,75.06978,B.180317_0140.C,146.1234049,-31.7282922,73.677851,49.2965,19.498,0.026,23.483,_
,75.14069,B.180317_0322.C,146.1234301,-31.7282881,57.358198,43.1078,19.771,0.028,23.588,MOON_BRIGHT
,75.20770,B.180317_0459.C,146.1234043,-31.7283170,64.225637,45.4556,19.648,0.027,23.559,MOON_BRIGHT
,75.41247,B.180317_0953.A,146.1234007,-31.7283416,95.114906,43.7833,19.220,0.028,22.844,_
,75.46174,B.180317_1104.A,146.1234356,-31.7283004,93.923249,29.6035,19.233,0.039,22.427,_
,75.51696,B.180317_1224.A,146.1233600,-31.7283043,100.22006,48.2969,19.163,0.026,23.009,_
,75.58532,B.180317_1402.A,146.1233926,-31.7283199,78.943967,44.1485,19.423,0.028,23.101,_
,75.76591,B.180317_1822.S,146.1233611,-31.7283255,85.803698,51.1985,19.332,0.025,23.402,MOON_BRIGHT
,75.83410,B.180317_2001.S,146.1233448,-31.7283459,77.733789,51.3039,19.440,0.025,23.528,_
,75.90414,B.180317_2141.S,146.1233409,-31.7282882,99.823292,47.3858,19.167,0.026,22.936,_
,75.97269,B.180317_2320.S,146.1234380,-31.7283429,90.294462,34.1702,19.276,0.034,22.508,_
,76.40544,B.180318_0943.A,146.1233896,-31.7282677,104.10788,45.0505,19.121,0.027,22.790,_
,76.45869,B.180318_1100.A,146.1234255,-31.7282629,99.891555,47.4512,19.166,0.026,22.903,_
,76.50815,B.180318_1211.A,146.1233248,-31.7282967,102.10310,46.0895,19.142,0.027,22.841,_
,76.57984,B.180318_1354.A,146.1233609,-31.7282992,105.20764,50.3935,19.110,0.025,22.977,_
,76.76356,B.180318_1819.S,146.1233867,-31.7282563,88.695182,57.4191,19.296,0.023,23.745,MOON_BRIGHT
,76.82435,B.180318_1947.S,146.1233175,-31.7283296,61.138789,46.7728,19.702,0.027,23.748,_
,76.88903,B.180318_2120.S,146.1233452,-31.7282940,87.725474,58.6623,19.308,0.023,23.694,_
,76.95966,B.180318_2301.S,146.1233509,-31.7282628,98.592897,61.4878,19.181,0.022,23.655,_
,77.15582,B.180319_0344.C,146.1233749,-31.7283062,76.562745,51.8497,19.456,0.025,23.536,_
,77.22382,B.180319_0522.C,146.1233221,-31.7282921,99.483334,59.4926,19.171,0.022,23.437,MOON_BRIGHT
,77.41617,B.180319_0959.A,146.1233923,-31.7283060,108.01139,49.0254,19.081,0.026,22.852,_
,77.47019,B.180319_1117.A,146.1233528,-31.7283345,100.62241,51.5104,19.158,0.025,23.104,_
,77.52035,B.180319_1229.A,146.1234356,-31.7283461,107.82844,31.4226,19.083,0.037,22.157,_
,77.59203,B.180319_1412.A,146.1233365,-31.7283065,107.07970,48.7393,19.090,0.026,22.872,_
,77.76203,B.180319_1817.S,146.1234207,-31.7283012,74.950078,49.5748,19.480,0.026,23.544,MOON_BRIGHT
,77.82822,B.180319_1952.S,146.1233517,-31.7283357,69.687154,49.8273,19.559,0.025,23.692,_
,77.90330,B.180319_2140.S,146.1234345,-31.7282584,79.134826,52.5136,19.420,0.024,23.569,_
,77.96730,B.180319_2312.S,146.1233115,-31.7283009,103.49292,59.6135,19.128,0.022,23.412,_
,78.14904,B.180320_0334.C,146.1234137,-31.7283071,75.960861,50.5518,19.465,0.025,23.536,_
,78.22117,B.180320_0518.C,146.1234367,-31.7282568,108.09534,59.5319,19.080,0.022,23.296,MOON_BRIGHT
,78.41575,B.180320_0958.A,146.1233749,-31.7282630,116.42332,33.0701,18.999,0.035,22.199,_
,78.47034,B.180320_1117.A,146.1233198,-31.7282902,117.83198,54.9755,18.986,0.024,23.040,_
,78.51956,B.180320_1228.A,146.1234290,-31.7283077,106.13039,46.0340,19.100,0.027,22.810,_
,78.76064,B.180320_1815.S,-99.9999999,-99.9999999,-99.99999,-99.99,-99.999,-99.999,-99.999,PSF_ERROR_BAD_IMAGE
,78.81828,B.180320_1938.S,-99.9999999,-99.9999999,-99.99999,-99.99,-99.999,-99.999,-99.999,PSF_ERROR_BAD_IMAGE
,79.13939,B.180321_0320.C,146.1233526,-31.7282834,105.83591,61.4370,19.103,0.022,23.335,_
,79.21696,B.180321_0512.C,146.1233244,-31.7282784,114.99967,59.3147,19.013,0.023,23.135,_
,79.76010,B.180321_1814.S,146.1233822,-31.7282965,106.17118,53.9744,19.100,0.024,23.109,MOON_BRIGHT
,79.81742,B.180321_1937.S,146.1234136,-31.7283095,105.88796,46.2665,19.103,0.027,22.793,MOON_BRIGHT
,79.87157,B.180321_2055.S,146.1233621,-31.7283192,114.91485,48.1356,19.013,0.026,22.791,MOON_BRIGHT
,80.12591,B.180322_0301.C,146.1233561,-31.7282563,118.32932,65.0221,18.981,0.021,23.313,_
,80.18870,B.180322_0431.C,146.1233489,-31.7283186,99.552857,59.4736,19.170,0.022,23.483,_
,81.11727,B.180323_0248.C,146.1234227,-31.7282851,84.437633,54.0027,19.350,0.024,23.439,_
,81.18190,B.180323_0421.C,146.1233649,-31.7283027,89.723474,57.6510,19.283,0.023,23.584,_
,81.40681,B.180323_0945.A,146.1234167,-31.7282797,107.13675,42.4877,19.090,0.029,22.637,_
,81.45743,B.180323_1058.A,146.1233709,-31.7283390,107.07136,24.9277,19.091,0.046,21.993,_
,81.45890,B.180323_1100.A,146.1233704,-31.7283160,103.08752,45.1493,19.132,0.027,22.818,_
,81.50918,B.180323_1213.A,146.1233760,-31.7282808,105.07936,49.5750,19.111,0.026,22.923,_
,81.60639,B.180323_1433.A,146.1233288,-31.7283057,104.81972,29.1961,19.114,0.040,22.105,_
,81.76258,B.180323_1818.S,146.1233924,-31.7283386,60.801405,39.4407,19.708,0.031,23.387,MOON_BRIGHT
,81.82115,B.180323_1942.S,146.1233385,-31.7283294,64.956399,44.4483,19.636,0.028,23.498,MOON_BRIGHT
,83.01993,B.180325_0028.C,146.1233481,-31.7282844,98.774149,50.0784,19.179,0.025,23.000,_
,83.07194,B.180325_0143.C,146.1234004,-31.7283134,72.310857,36.6925,19.519,0.032,22.930,_
,83.14166,B.180325_0323.C,146.1233963,-31.7282828,98.960663,49.8359,19.176,0.025,22.983,_
,83.21362,B.180325_0507.C,146.1233609,-31.7283470,76.013109,48.1696,19.464,0.026,23.385,_
,83.76019,B.180325_1814.S,146.1233249,-31.7283063,90.147306,28.0876,19.278,0.041,22.276,MOON_BRIGHT
,83.81354,B.180325_1931.S,146.1233121,-31.7283311,89.562491,25.8851,19.285,0.044,22.212,MOON_BRIGHT
,83.88168,B.180325_2109.S,146.1233864,-31.7282844,91.074620,27.1334,19.267,0.042,22.218,MOON_BRIGHT
,83.94777,B.180325_2244.S,146.1233680,-31.7282939,88.874595,40.6412,19.294,0.030,22.777,MOON_BRIGHT
,85.40000,B.180327_0936.A,146.1233864,-31.7282624,95.247803,24.8534,19.218,0.046,22.016,MOON_BRIGHT
,85.45031,B.180327_1048.A,146.1233315,-31.7282647,87.689115,18.5517,19.308,0.060,21.772,MOON_BRIGHT
,85.50509,B.180327_1207.A,146.1233136,-31.7282785,85.557319,19.8857,19.335,0.056,21.878,_
,85.76015,B.180327_1814.S,146.1233461,-31.7283216,78.432956,15.2344,19.430,0.073,21.698,MOON_BRIGHT
,85.83397,B.180327_2000.S,146.1234034,-31.7283112,79.663325,16.8951,19.413,0.066,21.814,MOON_BRIGHT
,85.92100,B.180327_2206.S,146.1233156,-31.7283020,77.814529,28.2352,19.439,0.041,22.450,MOON_BRIGHT
,87.00255,B.180329_0003.C,146.1233385,-31.7283126,68.947036,24.4800,19.571,0.046,22.393,_
,87.07177,B.180329_0143.C,146.1233420,-31.7282770,71.586362,26.9406,19.530,0.043,22.478,_
,87.07328,B.180329_0145.C,146.1233904,-31.7282914,70.559439,26.1080,19.546,0.044,22.441,_
,87.14017,B.180329_0321.C,146.1233979,-31.7283010,57.334912,22.1383,19.772,0.051,22.438,_
,87.20582,B.180329_0456.C,146.1233776,-31.7283226,75.635484,18.6692,19.470,0.060,21.978,_
,87.39495,B.180329_0928.A,146.1234148,-31.7283477,67.623253,13.3837,19.592,0.083,21.695,MOON_BRIGHT
,87.44534,B.180329_1041.A,146.1233622,-31.7283115,71.887701,8.14068,19.525,0.135,21.079,MOON_BRIGHT
,87.45064,B.180329_1048.A,146.1234351,-31.7283224,69.890602,15.8112,19.556,0.070,21.830,MOON_BRIGHT
,87.50481,B.180329_1206.A,146.1233696,-31.7283054,69.104609,16.1190,19.568,0.069,21.925,MOON_BRIGHT
,87.57788,B.180329_1352.A,146.1233120,-31.7282745,74.138296,16.5848,19.492,0.067,21.832,MOON_BRIGHT
,89.00948,B.180331_0013.C,146.1234196,-31.7282575,58.022152,12.9392,19.759,0.085,21.839,MOON_BRIGHT
,89.07763,B.180331_0151.C,146.1233428,-31.7282868,59.866528,17.7263,19.725,0.063,22.141,_
,89.15902,B.180331_0348.C,146.1233579,-31.7282939,59.194983,15.1152,19.737,0.073,21.932,_
,89.40919,B.180331_0949.A,146.1233660,-31.7283470,52.280614,8.78675,19.873,0.125,21.526,MOON_BRIGHT
,89.46701,B.180331_1112.A,146.1233636,-31.7283182,49.587212,8.69846,19.930,0.126,21.547,MOON_BRIGHT
,89.51735,B.180331_1225.A,146.1233815,-31.7283503,59.900203,10.5715,19.724,0.104,21.534,MOON_BRIGHT
,89.59178,B.180331_1412.A,146.1233495,-31.7282972,49.570707,5.10441,19.931,0.214,20.909,MOON_BRIGHT
,89.85066,B.180331_2024.S,146.1234258,-31.7283195,43.033556,7.45440,20.085,0.147,21.524,MOON_BRIGHT
,90.99839,B.180401_2357.C,146.1234000,-31.7282895,38.469356,21.5395,20.207,0.052,22.867,MOON_BRIGHT
,91.07042,B.180402_0141.C,146.1233207,-31.7283005,42.777070,16.5760,20.091,0.067,22.498,MOON_BRIGHT
,91.13799,B.180402_0318.C,146.1234312,-31.7283184,39.324286,12.5322,20.183,0.088,22.213,_
,91.19169,B.180402_0436.C,146.1233559,-31.7282781,44.952327,12.8379,20.037,0.086,22.125,_
,91.39932,B.180402_0935.A,146.1233709,-31.7283005,39.537424,14.1723,20.177,0.078,22.368,MOON_BRIGHT
,91.74730,B.180402_1756.S,146.1233704,-31.7282737,39.480529,27.6778,20.179,0.041,23.284,_
,91.83559,B.180402_2003.S,146.1234363,-31.7283098,36.828348,11.9767,20.255,0.092,22.212,_
,91.90138,B.180402_2137.S,146.1233225,-31.7282969,44.029803,10.3448,20.060,0.106,21.862,MOON_BRIGHT
,93.00205,B.180404_0002.C,146.1234391,-31.7283328,25.704470,18.8800,20.647,0.059,23.240,MOON_BRIGHT
,93.07762,B.180404_0151.C,146.1233753,-31.7283394,25.348225,15.9720,20.662,0.070,22.991,MOON_BRIGHT
,93.16204,B.180404_0353.C,146.1233609,-31.7283472,29.129902,14.9776,20.511,0.074,22.810,MOON_BRIGHT
,93.39454,B.180404_0928.A,146.1233720,-31.7282822,35.952603,22.7065,20.281,0.050,23.100,MOON_BRIGHT
,93.44547,B.180404_1041.A,146.1234235,-31.7282941,32.680180,14.1507,20.385,0.078,22.587,MOON_BRIGHT
,93.47557,B.180404_1124.A,146.1234270,-31.7283402,28.572481,14.8560,20.532,0.075,22.788,MOON_BRIGHT
,93.53961,B.180404_1257.A,146.1233294,-31.7283100,32.844993,10.0829,20.380,0.109,22.200,MOON_BRIGHT
,93.59471,B.180404_1416.A,146.1233553,-31.7283245,33.433349,10.2103,20.360,0.108,22.130,MOON_BRIGHT
,93.82148,B.180404_1942.S,146.1233230,-31.7282524,32.747453,15.7318,20.383,0.071,22.860,_
,93.89676,B.180404_2131.S,146.1233581,-31.7282929,35.238568,14.8149,20.303,0.075,22.565,_
,94.99317,B.180405_2350.C,146.1233172,-31.7283123,24.873780,17.4457,20.683,0.064,23.122,MOON_BRIGHT
,95.06561,B.180406_0134.C,146.1233963,-31.7283472,24.868254,16.7789,20.683,0.066,23.129,MOON_BRIGHT
,95.39288,B.180406_0925.A,146.1233622,-31.7283018,28.502748,14.6533,20.534,0.076,22.805,MOON_BRIGHT
,95.46890,B.180406_1115.A,146.1233891,-31.7283216,24.834049,18.2941,20.685,0.061,23.234,MOON_BRIGHT
,95.53174,B.180406_1245.A,146.1233668,-31.7283452,23.121401,11.6518,20.763,0.095,22.712,MOON_BRIGHT
,95.75113,B.180406_1801.S,146.1233957,-31.7283076,23.889392,17.8827,20.727,0.062,23.228,_
,95.82013,B.180406_1940.S,146.1233860,-31.7283322,21.436041,9.78329,20.845,0.112,22.602,_
,95.89285,B.180406_2125.S,146.1234199,-31.7282561,22.159462,16.2379,20.809,0.068,23.231,_
,96.99395,B.180407_2351.C,146.1233361,-31.7282678,22.363526,18.6562,20.799,0.060,23.392,MOON_BRIGHT
,97.07133,B.180408_0142.C,146.1234038,-31.7282744,19.052683,17.4437,20.974,0.064,23.483,MOON_BRIGHT
,97.13718,B.180408_0317.C,146.1233800,-31.7283402,18.058183,14.5367,21.032,0.076,23.331,MOON_BRIGHT
,97.39036,B.180408_0922.A,146.1234010,-31.7283389,27.738897,7.48567,20.564,0.146,21.988,_
,97.47253,B.180408_1120.A,146.1233929,-31.7283396,18.241231,12.7983,21.021,0.086,23.124,MOON_BRIGHT
,97.53546,B.180408_1251.A,146.1234304,-31.7282674,18.506693,11.7368,21.006,0.094,23.024,MOON_BRIGHT
,97.74044,B.180408_1746.S,146.1234112,-31.7282851,19.261669,9.71931,20.962,0.113,22.830,_
,97.81139,B.180408_1928.S,146.1234238,-31.7282506,17.273787,7.75182,21.081,0.141,22.624,_
,97.87564,B.180408_2100.S,146.1234031,-31.7282627,21.652458,10.0013,20.834,0.110,22.674,_
,98.99713,B.180409_2355.C,146.1233942,-31.7282512,17.235782,10.8210,21.083,0.102,22.966,MOON_BRIGHT
,99.06840,B.180410_0138.C,146.1234329,-31.7283095,13.075812,10.4818,21.385,0.105,23.276,MOON_BRIGHT
,99.12983,B.180410_0306.C,146.1233664,-31.7282711,19.512184,11.5193,20.948,0.096,22.977,MOON_BRIGHT
,99.75414,B.180410_1805.S,146.1233828,-31.7283226,15.600024,11.4202,21.192,0.096,23.217,_
,100.99912,B.180411_2358.C,146.1234276,-31.7282823,14.983619,5.94347,21.236,0.184,22.462,MOON_BRIGHT
,101.07716,B.180412_0151.C,146.1233670,-31.7283078,12.863894,13.1815,21.402,0.084,23.583,MOON_BRIGHT
,101.38924,B.180412_0920.A,146.1233562,-31.7282881,12.368760,5.57844,21.445,0.196,22.541,_
,101.46186,B.180412_1105.A,146.1234246,-31.7283047,12.012608,9.05121,21.477,0.121,23.147,_
,101.52429,B.180412_1234.A,146.1233171,-31.7283182,12.428982,10.7180,21.440,0.103,23.362,_
,101.75488,B.180412_1807.S,146.1233378,-31.7283182,10.888082,12.4575,21.584,0.089,23.739,_
,103.01245,B.180414_0017.C,146.1234324,-31.7282967,11.266455,8.29072,21.547,0.132,23.169,_
,103.07609,B.180414_0149.C,146.1233283,-31.7282773,12.295437,12.3491,21.452,0.089,23.537,MOON_BRIGHT
,103.13891,B.180414_0320.C,146.1234345,-31.7282519,10.652415,8.39259,21.608,0.131,23.235,MOON_BRIGHT
,103.40735,B.180414_0946.A,146.1234380,-31.7282990,11.465374,6.49151,21.528,0.169,22.855,_
,103.47435,B.180414_1123.A,146.1233565,-31.7282762,10.872938,6.71595,21.586,0.163,22.918,_
,103.53900,B.180414_1256.A,146.1234372,-31.7283020,10.513691,5.50392,21.622,0.199,22.773,_
,103.75515,B.180414_1807.S,146.1233506,-31.7283262,11.396311,10.2912,21.534,0.107,23.417,_
,103.81913,B.180414_1939.S,146.1233551,-31.7283337,10.460379,8.87916,21.628,0.124,23.363,_
,103.88644,B.180414_2116.S,146.1233581,-31.7282675,11.221677,10.3323,21.551,0.106,23.425,_
,103.99045,B.180414_2346.C,146.1233643,-31.7282909,9.7031141,6.89136,21.710,0.159,23.101,_
,104.06155,B.180415_0128.C,146.1233285,-31.7283299,7.5513321,5.65124,21.983,0.193,23.169,_
,104.12992,B.180415_0307.C,146.1233969,-31.7283100,10.273319,5.83667,21.648,0.187,22.873,MOON_BRIGHT
,104.40687,B.180415_0945.A,146.1234065,-31.7283411,8.6661613,5.45553,21.833,0.200,22.946,_
,104.47079,B.180415_1117.A,146.1233708,-31.7283091,9.2515347,8.05335,21.762,0.136,23.330,_
,104.53652,B.180415_1252.A,146.1233667,-31.7283032,9.1974745,8.67333,21.768,0.126,23.434,_
,104.75317,B.180415_1804.S,-99.9999999,-99.9999999,-99.99999,-99.99,-99.999,-99.999,-99.999,PSF_ERROR_BAD_IMAGE
,104.83769,B.180415_2006.S,146.1233932,-31.7283154,9.9009709,8.95506,21.688,0.123,23.341,_
,104.90014,B.180415_2136.S,146.1234123,-31.7283479,12.082893,8.43451,21.471,0.130,23.114,_
,105.01308,B.180416_0018.C,146.1234107,-31.7282711,10.065250,5.38414,21.670,0.203,22.736,_
,105.09372,B.180416_0214.C,146.1234335,-31.7283067,10.389928,8.41720,21.635,0.130,23.246,_
,106.00374,B.180417_0005.C,146.1233539,-31.7283200,9.8868822,5.18241,21.689,0.211,22.696,_
,106.06786,B.180417_0137.C,146.1233911,-31.7283209,8.9275810,7.38221,21.801,0.148,23.279,_
,106.13132,B.180417_0309.C,146.1233811,-31.7282874,11.139430,5.14492,21.559,0.212,22.598,_
,106.13469,B.180417_0313.C,146.1233490,-31.7282960,9.6327912,5.61468,21.718,0.195,22.827,_
,106.40080,B.180417_0937.A,146.1233543,-31.7283180,6.2908732,2.30658,22.183,0.473,22.376,_
,106.40228,B.180417_0939.A,146.1233825,-31.7283073,9.4160584,4.39583,21.743,0.249,22.645,_
,106.46698,B.180417_1112.A,146.1233959,-31.7282577,8.6591513,6.43635,21.834,0.170,23.116,_
,106.53109,B.180417_1244.A,146.1233128,-31.7283307,9.7523398,6.20154,21.704,0.176,22.929,_
,106.83228,B.180417_1958.S,146.1233849,-31.7282776,7.4428692,6.64855,21.999,0.165,23.382,_
,106.89917,B.180417_2134.S,146.1233258,-31.7282766,10.437626,9.79520,21.630,0.112,23.459,_
,107.01532,B.180418_0022.C,146.1234282,-31.7282764,10.112051,4.10565,21.665,0.266,22.438,_
,107.08144,B.180418_0157.C,146.1233442,-31.7283258,8.4199781,3.75901,21.865,0.291,22.601,_
,107.41164,B.180418_0952.A,146.1234107,-31.7283294,6.7847501,2.68694,22.100,0.406,22.433,_
,108.00417,B.180419_0006.C,146.1233325,-31.7283259,7.4661154,6.30775,21.996,0.173,23.293,_
,108.00569,B.180419_0008.C,146.1233710,-31.7282785,7.1185961,6.24729,22.048,0.175,23.290,_
,108.07399,B.180419_0146.C,146.1234327,-31.7282884,7.2319066,6.21571,22.031,0.176,23.248,_
,108.13487,B.180419_0314.C,146.1233525,-31.7282841,7.0733500,5.72679,22.055,0.191,23.200,_
,108.74966,B.180419_1759.S,146.1233928,-31.7282958,5.3136587,3.44159,22.367,0.317,22.963,MOON_BRIGHT
,108.81419,B.180419_1932.S,146.1234015,-31.7283372,6.4454738,5.24118,22.156,0.209,23.238,MOON_BRIGHT
,108.88748,B.180419_2117.S,146.1233135,-31.7283303,6.7998545,5.52821,22.098,0.198,23.201,MOON_BRIGHT
,109.00769,B.180420_0011.C,146.1233900,-31.7282802,7.5058886,5.84194,21.990,0.187,23.137,_
,109.07471,B.180420_0147.C,146.1233478,-31.7283270,6.1274267,5.44951,22.211,0.201,23.340,_
,109.13792,B.180420_0318.C,146.1233525,-31.7283419,6.8882724,5.04420,22.084,0.217,23.085,_
,109.40094,B.180420_0937.A,146.1234371,-31.7282989,5.5113350,3.10188,22.327,0.352,22.808,_
,109.40242,B.180420_0939.A,146.1233505,-31.7282962,7.6031827,5.77811,21.976,0.189,23.107,_
,109.47245,B.180420_1120.A,146.1233851,-31.7282915,7.4468711,7.27384,21.999,0.151,23.434,_
,109.53392,B.180420_1248.A,146.1234068,-31.7283512,5.3335497,3.69096,22.363,0.296,23.043,_
,109.53662,B.180420_1252.A,146.1233741,-31.7282973,8.7764411,7.04861,21.819,0.155,23.188,_
,109.74477,B.180420_1752.S,-99.9999999,-99.9999999,-99.99999,-99.99,-99.999,-99.999,-99.999,PSF_ERROR_BAD_IMAGE
,109.74792,B.180420_1756.S,146.1234161,-31.7283025,6.0007170,6.27374,22.234,0.174,23.514,MOON_BRIGHT
,109.82707,B.180420_1950.S,146.1233210,-31.7283355,6.0448462,4.70967,22.226,0.232,23.176,MOON_BRIGHT
,109.88543,B.180420_2115.S,146.1234395,-31.7282869,4.9562294,6.15166,22.443,0.178,23.720,MOON_BRIGHT
,110.00182,B.180421_0002.C,146.1233219,-31.7282564,6.8458771,6.23224,22.090,0.176,23.352,_
,110.06935,B.180421_0139.C,146.1234233,-31.7282999,6.2880889,6.51623,22.183,0.168,23.466,_
,110.13991,B.180421_0321.C,146.1233826,-31.7283253,7.5040695,6.18443,21.990,0.177,23.254,_
,110.40439,B.180421_0942.A,146.1233659,-31.7283075,6.5657976,3.30418,22.136,0.330,22.690,_
,110.40799,B.180421_0947.A,146.1233639,-31.7283391,6.1447183,2.89770,22.208,0.377,22.626,_
,110.40953,B.180421_0949.A,146.1233774,-31.7283537,6.0670617,2.87372,22.222,0.380,22.588,_
,110.47869,B.180421_1129.A,146.1234162,-31.7282801,5.8751684,3.34180,22.257,0.327,22.830,_
,110.75286,B.180421_1804.S,146.1233369,-31.7283580,5.7941280,4.81139,22.272,0.227,23.211,MOON_BRIGHT
,110.82611,B.180421_1949.S,146.1233507,-31.7283573,5.4997408,6.08909,22.329,0.180,23.599,MOON_BRIGHT
,110.88331,B.180421_2111.S,146.1233233,-31.7282971,5.6747589,7.45946,22.295,0.147,23.812,MOON_BRIGHT
,111.01292,B.180422_0018.C,146.1233724,-31.7283518,5.5347546,4.56140,22.322,0.240,23.266,_
,111.07581,B.180422_0149.C,146.1234196,-31.7283248,6.6280701,5.31761,22.126,0.206,23.215,_
,111.13556,B.180422_0315.C,146.1233244,-31.7282883,7.5488874,5.66596,21.984,0.193,23.090,_
,111.39493,B.180422_0928.A,146.1233786,-31.7282544,9.4308587,6.01062,21.741,0.182,22.909,_
,111.45928,B.180422_1101.A,146.1233443,-31.7283554,6.0142361,1.58788,22.232,0.687,22.007,_
,111.74880,B.180422_1758.S,146.1234194,-31.7283457,4.6692807,3.08621,22.508,0.354,22.972,MOON_BRIGHT
,111.82110,B.180422_1942.S,146.1233535,-31.7283384,7.0507763,5.57915,22.058,0.196,23.224,MOON_BRIGHT
,112.01970,B.180423_0028.C,146.1233912,-31.7283533,5.9323543,3.16357,22.247,0.345,22.760,_
,112.13699,B.180423_0317.C,146.1233548,-31.7283466,3.9385934,1.26182,22.694,0.865,22.169,_
,112.40296,B.180423_0940.A,146.1233225,-31.7282600,7.5266530,3.70577,21.987,0.295,22.643,MOON_BRIGHT
,112.47227,B.180423_1120.A,146.1233374,-31.7283088,9.5443750,4.16873,21.728,0.262,22.578,_
,112.77365,B.180423_1834.S,146.1233212,-31.7283342,5.4524555,1.95802,22.339,0.557,22.283,MOON_BRIGHT
,112.84600,B.180423_2018.S,146.1234358,-31.7283351,4.6644527,1.69354,22.509,0.644,22.339,MOON_BRIGHT
,113.03176,B.180424_0045.C,146.1234021,-31.7283019,7.6512709,3.24151,21.969,0.337,22.456,_
,113.03648,B.180424_0052.C,146.1234138,-31.7283450,7.8700441,3.18308,21.938,0.343,22.459,_
,113.09998,B.180424_0223.C,146.1234295,-31.7283136,10.004068,4.32993,21.677,0.252,22.557,_
,113.39338,B.180424_0926.A,146.1233169,-31.7282597,7.8515309,2.49943,21.941,0.437,22.176,MOON_BRIGHT
,113.39487,B.180424_0928.A,146.1234139,-31.7282878,3.1807208,1.23393,22.927,0.884,22.368,MOON_BRIGHT
,113.46293,B.180424_1106.A,146.1233248,-31.7283403,9.2745531,2.76029,21.759,0.395,22.130,_
,113.46589,B.180424_1110.A,146.1234009,-31.7282797,2.8505207,0.83752,23.046,1.303,22.055,_
,113.82904,B.180424_1953.S,146.1233827,-31.7282829,8.5780825,4.00413,21.844,0.273,22.605,MOON_BRIGHT
,113.99420,B.180424_2351.C,146.1234145,-31.7282651,6.9417262,2.94576,22.075,0.371,22.484,_
,113.99613,B.180424_2354.C,146.1233324,-31.7283268,4.5076422,1.84454,22.546,0.592,22.403,_
,114.05713,B.180425_0122.C,146.1234200,-31.7283159,7.2428156,2.73472,22.029,0.399,22.328,_
,115.38963,B.180426_0921.A,146.1234120,-31.7283176,5.4050103,1.80744,22.348,0.604,22.195,MOON_BRIGHT
,115.45749,B.180426_1058.A,146.1233921,-31.7283446,4.1302690,1.14114,22.642,0.956,21.977,MOON_BRIGHT
,115.46091,B.180426_1103.A,146.1233663,-31.7283505,3.5436576,0.91933,22.809,1.187,21.976,MOON_BRIGHT
,116.01909,B.180427_0027.C,146.1233348,-31.7282672,5.4292360,1.52341,22.343,0.716,22.014,_
,116.08194,B.180427_0157.C,146.1233370,-31.7282504,5.8922094,1.41345,22.254,0.772,21.873,_
,116.38622,B.180427_0916.A,146.1233834,-31.7283220,-3.108392,-0.3487,-99.999,-99.999,21.061,MOON_BRIGHT
,116.45240,B.180427_1051.A,146.1233241,-31.7283363,6.5633702,1.29381,22.136,0.843,21.647,MOON_BRIGHT
,116.73786,B.180427_1742.S,146.1233942,-31.7283471,6.3403539,2.16582,22.174,0.504,22.238,_
,116.80079,B.180427_1913.S,146.1233734,-31.7283426,4.7344265,1.34896,22.493,0.809,22.042,MOON_BRIGHT
,116.86692,B.180427_2048.S,146.1233214,-31.7283451,11.192218,2.27041,21.554,0.481,21.705,MOON_BRIGHT
,116.99997,B.180427_2359.C,146.1234353,-31.7283310,0.5660228,0.15205,24.810,7.175,21.947,_
,117.06295,B.180428_0130.C,146.1233213,-31.7283131,4.1114915,1.05570,22.647,1.033,21.911,_
,117.38424,B.180428_0913.A,-99.9999999,-99.9999999,-99.99999,-99.99,-99.999,-99.999,-99.999,PSF_ERROR_BAD_IMAGE
,117.38572,B.180428_0915.A,146.1233343,-31.7282626,5.2009395,1.39059,22.390,0.785,21.956,MOON_BRIGHT
,117.45416,B.180428_1053.A,146.1234349,-31.7282875,1.3014157,0.21626,23.902,5.045,21.513,MOON_BRIGHT
,117.73303,B.180428_1735.S,146.1234258,-31.7283257,3.7752525,0.58050,22.740,1.879,21.327,_
,117.79948,B.180428_1911.S,146.1234061,-31.7282542,4.0729176,0.54250,22.657,2.011,21.204,MOON_BRIGHT
,117.86747,B.180428_2049.S,146.1234066,-31.7283348,19.646346,2.65859,20.940,0.411,21.248,MOON_BRIGHT
,117.99052,B.180428_2346.C,146.1233744,-31.7282870,0.3367393,0.03415,25.377,31.941,20.915,MOON_BRIGHT
,118.05292,B.180429_0116.C,146.1233318,-31.7283206,-1.536479,-0.0918,-99.999,-99.999,20.351,_
,118.11567,B.180429_0246.C,146.1234301,-31.7283424,-99.99999,-99.99,-99.999,-99.999,20.253,_
,118.39436,B.180429_0927.A,146.1233583,-31.7283023,4.5492744,1.14055,22.536,0.957,21.960,MOON_BRIGHT
,118.46461,B.180429_1109.A,146.1233464,-31.7283208,9.2203751,2.31549,21.766,0.471,21.966,MOON_BRIGHT
,118.73473,B.180429_1738.S,146.1233595,-31.7283424,4.6663382,1.08353,22.509,1.007,21.852,_
,118.79865,B.180429_1910.S,146.1233800,-31.7282914,-3.013768,-0.3529,-99.999,-99.999,21.081,MOON_BRIGHT
,118.86642,B.180429_2047.S,146.1233569,-31.7283366,3.2281648,0.51224,22.911,2.130,21.435,MOON_BRIGHT
,118.99476,B.180429_2352.C,146.1233458,-31.7283073,8.8299133,2.47770,21.813,0.440,22.008,MOON_BRIGHT
,119.05603,B.180430_0120.C,146.1233893,-31.7283417,0.1924614,0.04937,25.987,22.095,21.966,MOON_BRIGHT
,119.11530,B.180430_0245.C,146.1233125,-31.7282563,3.8965167,0.61993,22.705,1.760,21.410,_
,119.38449,B.180430_0913.A,146.1234216,-31.7282715,3.4345910,0.73521,22.843,1.484,21.787,MOON_BRIGHT
,119.38718,B.180430_0917.A,146.1234396,-31.7283413,4.3738163,0.81169,22.579,1.344,21.575,MOON_BRIGHT
,119.44903,B.180430_1046.A,146.1233433,-31.7282730,-2.275819,-0.3760,-99.999,-99.999,21.458,MOON_BRIGHT
,119.72882,B.180430_1729.S,146.1233628,-31.7282701,5.2292163,2.47904,22.384,0.440,22.642,_
,119.79072,B.180430_1858.S,146.1234138,-31.7283223,5.1767127,2.11101,22.395,0.517,22.457,_
,119.99671,B.180430_2355.C,146.1233149,-31.7282931,-8.746706,-0.4526,-99.999,-99.999,20.215,MOON_BRIGHT
,121.38632,B.180502_0916.A,146.1234315,-31.7282950,4.7340038,3.62500,22.493,0.301,23.155,MOON_BRIGHT
,121.44708,B.180502_1043.A,146.1233978,-31.7282879,5.8234464,2.58510,22.267,0.422,22.509,MOON_BRIGHT
,121.50645,B.180502_1209.A,146.1233416,-31.7283346,2.3906256,0.35856,23.238,3.043,21.334,MOON_BRIGHT
,121.82701,B.180502_1950.S,146.1233707,-31.7282953,12.529336,3.06260,21.431,0.356,21.887,_
,121.98478,B.180502_2338.C,146.1233768,-31.7282912,4.6068323,4.02067,22.523,0.272,23.323,MOON_BRIGHT
,122.05245,B.180503_0115.C,146.1234107,-31.7282568,5.4843361,2.47215,22.332,0.441,22.517,MOON_BRIGHT
,122.73104,B.180503_1732.S,146.1233745,-31.7283268,6.2133185,3.95744,22.196,0.276,22.929,_
,122.79589,B.180503_1906.S,146.1233204,-31.7282959,6.9150692,4.59023,22.080,0.238,22.997,_
,122.85789,B.180503_2035.S,146.1233345,-31.7282507,5.9662774,2.89524,22.241,0.377,22.619,_
,122.98571,B.180503_2339.C,146.1233956,-31.7283016,5.3380032,4.85068,22.362,0.225,23.295,MOON_BRIGHT
,123.06003,B.180504_0126.C,146.1234053,-31.7283087,5.2267666,3.34311,22.385,0.327,22.964,MOON_BRIGHT
,123.39405,B.180504_0927.A,146.1233980,-31.7283489,2.0281580,0.76977,23.418,1.417,22.349,MOON_BRIGHT
,123.45675,B.180504_1057.A,146.1234193,-31.7283027,3.6167391,1.08143,22.787,1.009,22.110,MOON_BRIGHT
,123.73045,B.180504_1731.S,146.1234105,-31.7282832,4.5666968,5.62147,22.532,0.195,23.684,_
,123.79615,B.180504_1906.S,146.1233637,-31.7283016,5.4168350,5.76852,22.346,0.190,23.537,_
,123.99756,B.180504_2356.C,146.1233733,-31.7283206,4.4915945,4.19506,22.550,0.260,23.365,MOON_BRIGHT
,124.07028,B.180505_0141.C,146.1233579,-31.7283214,5.2881803,4.32146,22.372,0.253,23.250,MOON_BRIGHT
,124.38917,B.180505_0920.A,146.1233961,-31.7283164,-1.117917,-0.3140,-99.999,-99.999,22.030,MOON_BRIGHT
,124.45690,B.180505_1057.A,146.1233259,-31.7282743,5.7488856,2.35741,22.281,0.463,22.438,MOON_BRIGHT
,124.72935,B.180505_1730.S,146.1233106,-31.7282704,4.1888755,4.08473,22.626,0.267,23.426,_
,124.79196,B.180505_1900.S,146.1234386,-31.7283395,5.7990000,5.27507,22.272,0.207,23.372,_
,124.85168,B.180505_2026.S,146.1233782,-31.7282938,4.5394988,3.05088,22.539,0.358,22.977,_
,125.08616,B.180506_0204.C,146.1234161,-31.7283553,4.5778026,3.30392,22.530,0.330,23.051,MOON_BRIGHT
,125.38745,B.180506_0917.A,146.1233429,-31.7283375,4.9222262,3.93804,22.450,0.277,23.237,_
,125.45672,B.180506_1057.A,146.1234098,-31.7282523,6.7629671,5.30688,22.104,0.206,23.188,MOON_BRIGHT
,125.72519,B.180506_1724.S,146.1233743,-31.7283279,5.0482389,3.12073,22.423,0.350,22.921,_
,125.79237,B.180506_1901.S,146.1233915,-31.7282729,4.3014962,4.14651,22.597,0.263,23.371,_
,126.02792,B.180507_0040.C,146.1233690,-31.7282848,4.9743693,1.40453,22.439,0.777,22.047,MOON_BRIGHT
,126.39321,B.180507_0926.A,146.1234177,-31.7283071,3.0917638,2.55691,22.958,0.427,23.227,_
,126.45985,B.180507_1102.A,146.1233329,-31.7283523,7.1263349,3.93383,22.047,0.278,22.794,MOON_BRIGHT
,127.05332,B.180508_0116.C,146.1234070,-31.7283511,0.8766456,0.34310,24.333,3.180,22.412,MOON_BRIGHT
,127.38428,B.180508_0913.A,146.1234030,-31.7283254,-4.755405,-0.4136,-99.999,-99.999,20.731,_
,127.44755,B.180508_1044.A,-99.9999999,-99.9999999,-99.99999,-99.99,-99.999,-99.999,-99.999,PSF_ERROR_BAD_IMAGE
,127.99463,B.180508_2352.C,146.1234057,-31.7282748,4.9518963,3.43989,22.444,0.317,23.042,MOON_BRIGHT
,128.05910,B.180509_0125.C,146.1234271,-31.7282798,3.9803463,1.20741,22.682,0.904,22.099,MOON_BRIGHT
,128.45057,B.180509_1048.A,-99.9999999,-99.9999999,-99.99999,-99.99,-99.999,-99.999,-99.999,PSF_ERROR_BAD_IMAGE
,128.74036,B.180509_1746.S,146.1233809,-31.7282979,1.8509079,1.89029,23.517,0.577,23.435,_
,128.80968,B.180509_1925.S,146.1233139,-31.7282607,5.7093634,5.17937,22.289,0.211,23.402,_
,129.73478,B.180510_1738.S,146.1234172,-31.7283261,-7.285154,-0.4534,-99.999,-99.999,20.382,_
,129.80772,B.180510_1923.S,146.1233987,-31.7282577,6.4927263,1.47742,22.148,0.739,21.812,_
,129.99784,B.180510_2356.C,146.1233468,-31.7283538,4.5896873,4.19739,22.527,0.260,23.308,MOON_BRIGHT
,130.06936,B.180511_0139.C,146.1233674,-31.7282604,5.8325819,5.39015,22.265,0.203,23.371,MOON_BRIGHT
,130.73172,B.180511_1733.S,146.1233180,-31.7282705,3.5233471,2.54253,22.815,0.429,23.080,_
,130.79853,B.180511_1909.S,146.1233184,-31.7282754,5.2583701,3.23007,22.378,0.338,22.901,_
,130.80619,B.180511_1920.S,146.1234079,-31.7283387,4.2681053,2.97734,22.606,0.367,23.044,_
,130.99545,B.180511_2353.C,146.1233362,-31.7283557,4.5363118,4.23407,22.539,0.258,23.369,MOON_BRIGHT
,131.06348,B.180512_0131.C,146.1233190,-31.7282645,6.0259974,6.20244,22.230,0.176,23.495,MOON_BRIGHT
,131.45872,B.180512_1100.A,146.1234184,-31.7283368,-1.178749,-0.3369,-99.999,-99.999,22.052,_
,131.73274,B.180512_1735.S,146.1233222,-31.7282990,4.9396336,4.05787,22.447,0.269,23.187,_
,131.80021,B.180512_1912.S,146.1234175,-31.7283541,5.8356095,5.38044,22.265,0.203,23.373,_
,131.98980,B.180512_2345.C,146.1233916,-31.7282755,6.3364077,3.88789,22.175,0.281,22.868,_
,132.05600,B.180513_0120.C,146.1233534,-31.7283519,5.2760722,3.95167,22.375,0.276,23.133,MOON_BRIGHT
,132.39146,B.180513_0923.A,146.1233588,-31.7282775,3.9429520,3.11240,22.692,0.351,23.172,_
,132.46073,B.180513_1103.A,146.1233167,-31.7283282,3.6749644,3.21053,22.769,0.340,23.282,_
,132.74029,B.180513_1746.S,146.1233289,-31.7282879,5.5802017,4.98357,22.313,0.219,23.368,_
,132.80562,B.180513_1920.S,146.1233944,-31.7283009,3.1669143,3.05643,22.931,0.357,23.410,_
,133.38119,B.180514_0908.A,146.1233648,-31.7283407,4.3524945,2.07305,22.585,0.526,22.611,_
,133.44858,B.180514_1045.A,146.1234362,-31.7282925,4.4150074,2.49598,22.569,0.437,22.797,_
,133.73200,B.180514_1734.S,146.1233334,-31.7282908,3.6286158,4.06851,22.783,0.268,23.578,_
,133.81078,B.180514_1927.S,146.1233695,-31.7282894,4.2173009,4.34804,22.619,0.251,23.504,_
,133.98426,B.180514_2337.C,146.1233105,-31.7282503,7.8391685,2.61829,21.943,0.417,22.183,_
,134.05603,B.180515_0120.C,146.1233457,-31.7283102,5.8374594,4.64400,22.264,0.235,23.165,_
,134.44975,B.180515_1047.A,146.1233507,-31.7283139,4.4614345,2.97722,22.558,0.367,22.990,_
,134.73493,B.180515_1738.S,146.1234039,-31.7283507,2.3836425,2.91405,23.241,0.375,23.673,_
,134.97991,B.180515_2331.C,146.1233657,-31.7283521,3.6477769,3.10330,22.777,0.352,23.254,_
,135.04736,B.180516_0108.C,146.1233782,-31.7283228,2.8899371,2.63783,23.031,0.414,23.338,_
,135.37082,B.180516_0853.A,146.1233151,-31.7283275,0.1129780,0.04553,26.568,23.961,22.420,_
,135.43640,B.180516_1028.A,146.1234206,-31.7282708,3.3018908,1.88098,22.886,0.580,22.819,_
,135.73628,B.180516_1740.S,146.1233597,-31.7282533,3.9029374,4.76446,22.704,0.229,23.684,MOON_BRIGHT
,135.80378,B.180516_1917.S,146.1233959,-31.7282974,3.6118814,4.03591,22.788,0.271,23.551,MOON_BRIGHT
,135.99390,B.180516_2351.C,146.1234054,-31.7283128,3.9288898,3.38443,22.696,0.323,23.273,_
,136.05469,B.180517_0118.C,146.1234391,-31.7283107,3.8514410,3.25845,22.718,0.335,23.257,_
,136.38023,B.180517_0907.A,146.1234295,-31.7283084,1.5050768,1.18736,23.743,0.919,23.138,_
,136.44456,B.180517_1040.A,146.1233669,-31.7282542,2.6388205,1.30259,23.130,0.838,22.694,_
,136.73572,B.180517_1739.S,146.1233343,-31.7283324,3.0143118,3.64594,22.985,0.300,23.644,MOON_BRIGHT
,136.79796,B.180517_1909.S,146.1233601,-31.7282975,3.2994956,3.49474,22.887,0.312,23.565,MOON_BRIGHT
,137.38280,B.180518_0911.A,146.1234037,-31.7282672,3.7905122,1.71268,22.735,0.637,22.511,_
,137.45097,B.180518_1049.A,146.1233857,-31.7282835,2.7140971,1.46860,23.100,0.743,22.790,_
,137.73550,B.180518_1739.S,146.1233192,-31.7282667,-99.99999,-99.99,-99.999,-99.999,19.202,MOON_BRIGHT
,138.44860,B.180519_1045.A,146.1234137,-31.7283109,1.1093301,0.45148,24.076,2.416,22.475,_
,139.37550,B.180520_0900.A,146.1234001,-31.7282704,2.0618380,0.44444,23.400,2.455,21.730,_
,139.44204,B.180520_1036.A,146.1234366,-31.7282937,-2.088076,-0.3627,-99.999,-99.999,21.554,_
,140.38079,B.180521_0908.A,146.1233455,-31.7282784,4.3396645,1.75586,22.588,0.621,22.479,_
,140.45056,B.180521_1048.A,146.1233844,-31.7282922,2.6885240,0.89321,23.110,1.221,22.246,_
,141.40235,B.180522_0939.A,146.1234337,-31.7283143,5.5578586,1.49685,22.318,0.729,21.945,MOON_BRIGHT
,141.97961,B.180522_2330.C,146.1233517,-31.7282907,2.4987362,1.57889,23.190,0.691,22.919,_
,142.04801,B.180523_0109.C,146.1233581,-31.7283562,4.5367897,2.84937,22.539,0.383,22.908,_
,142.38063,B.180523_0908.A,146.1233283,-31.7283159,0.0683074,0.01280,27.117,85.177,21.601,MOON_BRIGHT
,142.44663,B.180523_1043.A,146.1233134,-31.7283565,2.3112397,0.47727,23.275,2.286,21.690,MOON_BRIGHT
,142.72278,B.180523_1720.S,146.1233297,-31.7282517,5.2547087,2.05059,22.379,0.532,22.417,MOON_BRIGHT
,142.78727,B.180523_1853.S,146.1233295,-31.7282931,11.380036,1.76435,21.536,0.618,21.388,MOON_BRIGHT
,142.79288,B.180523_1901.S,146.1233157,-31.7282529,5.7450719,0.79400,22.282,1.374,21.229,MOON_BRIGHT
,142.97473,B.180523_2323.C,146.1233224,-31.7283260,2.3915167,1.19598,23.238,0.912,22.620,_
,143.04066,B.180524_0058.C,146.1234099,-31.7282558,3.1112254,1.38565,22.951,0.787,22.572,_
,143.97226,B.180524_2320.C,146.1233805,-31.7282948,4.1973540,1.59747,22.624,0.683,22.361,_
,144.03337,B.180525_0048.C,146.1233361,-31.7282832,6.8596359,2.71853,22.088,0.402,22.409,_
,144.37701,B.180525_0902.A,146.1233180,-31.7283582,3.3277756,1.50736,22.877,0.724,22.549,MOON_BRIGHT
,144.97126,B.180525_2318.C,146.1234032,-31.7282570,5.2863946,1.96231,22.373,0.556,22.314,_
,145.03213,B.180526_0046.C,146.1233290,-31.7283441,2.0859960,0.63418,23.387,1.720,22.108,_
,145.71566,B.180526_1710.S,146.1234071,-31.7283118,2.1490860,0.64139,23.354,1.701,22.121,MOON_BRIGHT
,145.77922,B.180526_1842.S,146.1233826,-31.7282549,0.3266838,0.10566,25.410,10.325,22.153,MOON_BRIGHT
,146.03855,B.180527_0055.C,146.1233930,-31.7283404,0.9065646,0.23892,24.296,4.566,21.951,_
,146.73234,B.180527_1734.S,146.1233737,-31.7282855,2.8775044,1.12218,23.036,0.972,22.389,MOON_BRIGHT
,146.79447,B.180527_1904.S,146.1234250,-31.7282861,0.4904234,0.08118,24.966,13.438,21.472,MOON_BRIGHT
,146.80227,B.180527_1915.S,146.1234039,-31.7282490,3.2428253,0.73812,22.906,1.478,21.791,MOON_BRIGHT
,146.98144,B.180527_2333.C,146.1234011,-31.7282591,3.7747267,1.33698,22.740,0.816,22.286,MOON_BRIGHT
,147.37497,B.180528_0859.A,146.1233277,-31.7282789,5.4457393,1.39855,22.340,0.780,21.951,MOON_BRIGHT
,148.37774,B.180529_0903.A,146.1233763,-31.7282698,4.2189402,1.39963,22.619,0.780,22.241,MOON_BRIGHT
,148.38912,B.180529_0920.A,146.1233917,-31.7283404,4.6486165,1.45539,22.513,0.750,22.162,MOON_BRIGHT
,148.74192,B.180529_1748.S,146.1234035,-31.7283023,1.4699799,0.30121,23.769,3.622,21.709,_
,149.73015,B.180530_1731.S,146.1234090,-31.7282933,-9.496907,-0.7214,-99.999,-99.999,20.612,_
,150.37245,B.180531_0856.A,146.1233552,-31.7282523,0.9693629,0.21064,24.223,5.179,21.731,MOON_BRIGHT
,150.71899,B.180531_1715.S,146.1234094,-31.7282851,3.9088859,2.59302,22.702,0.421,22.978,_
,150.97281,B.180531_2320.C,146.1234366,-31.7283408,5.5747128,3.58215,22.315,0.305,22.997,MOON_BRIGHT
,151.03485,B.180601_0050.C,146.1233649,-31.7282652,2.8349488,0.83834,23.052,1.301,22.093,MOON_BRIGHT
,151.38463,B.180601_0913.A,146.1233365,-31.7283076,2.5457881,1.15756,23.170,0.943,22.602,MOON_BRIGHT
,151.97395,B.180601_2322.C,146.1233631,-31.7283176,3.2830647,2.87828,22.892,0.379,23.339,MOON_BRIGHT
,152.71716,B.180602_1712.S,146.1234114,-31.7282546,3.3981088,2.62050,22.855,0.417,23.115,_
,152.77412,B.180602_1834.S,146.1233283,-31.7283338,-99.99999,-99.99,-99.999,-99.999,18.568,_
,152.96925,B.180602_2315.C,146.1234078,-31.7282667,2.6895406,2.99171,23.110,0.365,23.505,MOON_BRIGHT
,153.38088,B.180603_0908.A,146.1233156,-31.7282913,1.7006968,0.84861,23.610,1.286,22.659,MOON_BRIGHT
,153.97784,B.180603_2328.C,146.1233141,-31.7283553,2.9010072,2.81734,23.027,0.387,23.393,MOON_BRIGHT
,154.37021,B.180604_0853.A,146.1233636,-31.7283409,2.6887581,1.68304,23.110,0.648,22.945,_
,154.71682,B.180604_1712.S,146.1233589,-31.7283429,2.9528612,2.57653,23.008,0.424,23.283,_
,154.77358,B.180604_1833.S,146.1234275,-31.7282590,1.0296240,0.49232,24.157,2.216,22.608,_
,154.96692,B.180604_2312.C,146.1233646,-31.7282925,3.6094212,2.40531,22.789,0.454,23.024,MOON_BRIGHT
,155.37631,B.180605_0901.A,146.1233477,-31.7282677,3.7597117,1.66646,22.744,0.655,22.483,_
,155.72341,B.180605_1721.S,146.1233659,-31.7282696,3.6574682,4.47197,22.774,0.244,23.680,_
,156.37360,B.180606_0857.A,146.1234395,-31.7283544,3.1406919,1.32758,22.941,0.822,22.466,_
,156.72067,B.180606_1717.S,146.1233751,-31.7282913,2.0683654,1.94519,23.396,0.561,23.328,_
,156.97125,B.180606_2318.C,146.1234378,-31.7283522,3.4581492,2.81927,22.836,0.387,23.203,MOON_BRIGHT
,157.02520,B.180607_0036.C,146.1233200,-31.7283227,1.4796794,1.11003,23.762,0.983,23.117,MOON_BRIGHT
,157.71471,B.180607_1709.S,146.1234244,-31.7282566,3.0352921,3.49671,22.978,0.312,23.605,_
,157.96171,B.180607_2304.C,146.1233803,-31.7283323,2.6420540,2.04233,23.129,0.534,23.153,MOON_BRIGHT
,158.01508,B.180608_0021.C,146.1233968,-31.7282880,2.4550196,1.77111,23.209,0.616,23.120,MOON_BRIGHT
,158.71244,B.180608_1705.S,146.1233328,-31.7283287,3.0607202,2.01936,22.969,0.540,22.923,_
,158.95791,B.180608_2259.C,146.1233731,-31.7283387,2.6506639,2.08129,23.126,0.524,23.217,MOON_BRIGHT
,159.00999,B.180609_0014.C,146.1233535,-31.7283547,1.6709778,1.12358,23.629,0.971,23.010,MOON_BRIGHT
,160.36873,B.180610_0850.A,146.1234218,-31.7283085,0.2428067,0.10683,25.733,10.212,22.566,_
,160.71491,B.180610_1709.S,146.1233927,-31.7283078,-0.127079,-0.0792,-99.999,-99.999,22.893,_
,161.37021,B.180611_0853.A,146.1233943,-31.7282611,2.5683822,1.14524,23.160,0.953,22.539,_
,161.70780,B.180611_1659.S,146.1233303,-31.7283015,2.2819616,2.67714,23.289,0.408,23.569,_
,162.36669,B.180612_0848.A,146.1233106,-31.7282862,4.5440994,2.73392,22.538,0.399,22.833,_
,162.70858,B.180612_1700.S,146.1233633,-31.7283028,2.5253357,2.20145,23.178,0.496,23.288,_
,162.96356,B.180612_2307.C,146.1233158,-31.7282921,1.0651609,0.67170,24.120,1.624,22.872,_
,162.96666,B.180612_2311.C,146.1233660,-31.7283037,2.4533496,1.49147,23.210,0.732,22.847,_
,163.37447,B.180613_0859.A,146.1234180,-31.7282919,3.2336659,1.20330,22.909,0.907,22.379,_
,163.70927,B.180613_1701.S,146.1233125,-31.7283254,2.2617009,1.72856,23.299,0.631,23.103,MOON_BRIGHT
,163.96358,B.180613_2307.C,146.1233149,-31.7282801,4.2160440,3.51654,22.619,0.311,23.240,_
,164.36756,B.180614_0849.A,146.1233492,-31.7282708,0.1238201,0.04977,26.468,21.916,22.445,_
,164.96481,B.180614_2309.C,146.1233825,-31.7282556,3.6684590,3.86806,22.771,0.282,23.505,_
,166.70630,B.180616_1657.S,146.1234379,-31.7282509,-30.79448,-2.0634,-99.999,-99.999,20.474,MOON_BRIGHT
,166.97346,B.180616_2321.C,146.1233752,-31.7283066,3.5255328,2.91071,22.814,0.375,23.266,_
,167.97148,B.180617_2318.C,-99.9999999,-99.9999999,-99.99999,-99.99,-99.999,-99.999,-99.999,PSF_ERROR_BAD_IMAGE
,168.96972,B.180618_2316.C,146.1233404,-31.7283509,1.3477986,0.70019,23.863,1.558,22.706,_
,169.37110,B.180619_0854.A,146.1234038,-31.7283472,3.0443705,0.89448,22.975,1.220,22.085,_
,169.95944,B.180619_2301.C,146.1234087,-31.7282787,1.8421176,0.75332,23.523,1.448,22.430,_
,170.70757,B.180620_1658.S,146.1233581,-31.7283494,0.1820290,0.05649,26.048,19.309,22.178,MOON_BRIGHT
,170.94860,B.180620_2245.C,146.1234322,-31.7283132,2.6795282,0.62648,23.114,1.741,21.870,_
,171.36954,B.180621_0852.A,146.1233445,-31.7282934,4.0732905,0.86205,22.657,1.266,21.716,MOON_BRIGHT
,171.94942,B.180621_2247.C,146.1234284,-31.7283520,0.5057945,0.12267,24.933,8.893,21.853,_
,172.36523,B.180622_0845.A,146.1233460,-31.7282742,2.9169856,0.53862,23.021,2.025,21.596,MOON_BRIGHT
,172.70279,B.180622_1652.S,146.1233855,-31.7282515,0.3444158,0.15487,25.352,7.044,22.525,MOON_BRIGHT
,172.95336,B.180622_2252.C,146.1233875,-31.7282695,2.6027094,0.63812,23.146,1.710,21.904,_
,173.36501,B.180623_0845.A,146.1233769,-31.7282704,7.1745020,1.27976,22.039,0.853,21.541,MOON_BRIGHT
,173.94909,B.180623_2246.C,146.1233211,-31.7282696,6.6171767,1.48937,22.128,0.733,21.798,_
,174.36096,B.180624_0839.A,146.1233730,-31.7283286,1.4018818,0.24123,23.821,4.522,21.467,MOON_BRIGHT
,174.70404,B.180624_1653.S,146.1234117,-31.7283438,3.9349357,1.11694,22.695,0.977,22.066,MOON_BRIGHT
,174.95042,B.180624_2248.C,146.1233834,-31.7283295,-2.718541,-0.2950,-99.999,-99.999,20.989,MOON_BRIGHT
,175.35950,B.180625_0837.A,146.1233969,-31.7283257,0.2245614,0.03743,25.819,29.139,21.415,MOON_BRIGHT
,175.70118,B.180625_1649.S,146.1233365,-31.7282605,-99.99999,-99.99,-99.999,-99.999,20.049,MOON_BRIGHT
,175.94659,B.180625_2243.C,146.1233181,-31.7282703,-2.901635,-0.3305,-99.999,-99.999,21.045,MOON_BRIGHT
,176.35514,B.180626_0831.A,146.1234081,-31.7283347,4.0721663,0.70251,22.657,1.553,21.501,MOON_BRIGHT
,176.70252,B.180626_1651.S,146.1233595,-31.7282649,-0.533867,-0.1239,-99.999,-99.999,21.839,_
,176.96299,B.180626_2306.C,146.1233511,-31.7283319,2.9743787,1.01363,23.000,1.076,22.228,MOON_BRIGHT
,177.95103,B.180627_2249.C,146.1233848,-31.7283372,5.5895723,1.22297,22.312,0.892,21.772,MOON_BRIGHT