,37.46196,V.180207_1105.A,146.1233418,-31.7282892,-0.908489,-0.2940,-99.999,-99.999,22.026,MOON_BRIGHT
,37.51028,V.180207_1214.A,146.1233320,-31.7282612,-2.263013,-1.0558,-99.999,-99.999,22.358,MOON_BRIGHT
,37.80196,V.180207_1914.S,-99.9999999,-99.9999999,-99.99999,-99.99,-99.999,-99.999,-99.999,PSF_ERROR_BAD_IMAGE
,37.80477,V.180207_1918.S,-99.9999999,-99.9999999,-99.99999,-99.99,-99.999,-99.999,-99.999,PSF_ERROR_BAD_IMAGE
,38.03818,V.180208_0054.C,146.1233511,-31.7283526,0.5964958,0.17948,24.581,6.078,21.946,MOON_BRIGHT
,38.06505,V.180208_0133.C,146.1234322,-31.7283512,-2.210693,-0.8472,-99.999,-99.999,22.168,MOON_BRIGHT
,38.10010,V.180208_0224.C,146.1233646,-31.7283561,-2.265252,-1.2711,-99.999,-99.999,22.590,MOON_BRIGHT
,38.45528,V.180208_1055.A,146.1233708,-31.7283435,11.374452,0.76380,21.365,1.428,20.264,MOON_BRIGHT
,38.47821,V.180208_1128.A,146.1233982,-31.7283289,-0.880012,-0.2953,-99.999,-99.999,22.023,MOON_BRIGHT
,38.80818,V.180208_1923.S,146.1233962,-31.7282751,-0.934456,-0.7182,-99.999,-99.999,22.979,_
,39.83812,V.180209_2006.S,146.1234251,-31.7283462,-0.816614,-0.2712,-99.999,-99.999,21.999,_
,39.83953,V.180209_2008.S,146.1233205,-31.7282618,2.2460616,0.80008,23.135,1.364,22.107,_
,39.89378,V.180209_2127.S,146.1233843,-31.7283315,-2.884449,-0.7382,-99.999,-99.999,21.660,_
,40.79058,V.180210_1858.S,146.1234190,-31.7283303,-3.580329,-1.3943,-99.999,-99.999,22.183,_
,40.87704,V.180210_2102.S,146.1233665,-31.7282863,1.4040446,0.95031,23.647,1.148,22.804,_
,41.60462,V.180211_1430.A,146.1233693,-31.7282963,-4.099391,-1.8457,-99.999,-99.999,22.370,MOON_BRIGHT
,41.66545,V.180211_1558.A,146.1233312,-31.7283180,-2.744375,-1.4988,-99.999,-99.999,22.635,MOON_BRIGHT
,41.72572,V.180211_1725.A,146.1233914,-31.7283350,-1.208958,-0.6016,-99.999,-99.999,22.451,MOON_BRIGHT
,43.60488,V.180213_1431.A,146.1234351,-31.7282722,-2.124961,-0.9356,-99.999,-99.999,22.363,_
,43.67616,V.180213_1613.A,146.1233443,-31.7282729,-1.928653,-0.9490,-99.999,-99.999,22.522,MOON_BRIGHT
,43.74058,V.180213_1746.A,146.1234032,-31.7283386,-0.995321,-0.4613,-99.999,-99.999,22.366,MOON_BRIGHT
,46.43819,V.180216_1031.A,146.1233466,-31.7283025,-0.666917,-0.2770,-99.999,-99.999,22.314,_
,46.48083,V.180216_1132.A,146.1233766,-31.7282980,-2.428350,-1.1808,-99.999,-99.999,22.410,_
,46.53187,V.180216_1245.A,146.1233310,-31.7283215,-0.055032,-0.0248,-99.999,-99.999,22.372,_
,47.44345,V.180217_1038.A,146.1233257,-31.7283435,-8.002404,-2.0179,-99.999,-99.999,21.700,_
,47.49082,V.180217_1146.A,146.1234328,-31.7282698,0.8367721,0.32223,24.212,3.386,22.255,_
,48.43356,V.180218_1024.A,146.1233689,-31.7282696,1.3898164,0.34372,23.658,3.174,21.726,_
,48.48505,V.180218_1138.A,146.1234377,-31.7282966,1.9741318,0.55196,23.276,1.976,21.865,_
,48.53587,V.180218_1251.A,146.1233475,-31.7282749,0.2568181,0.09730,25.501,11.212,22.134,_
,48.56024,V.180218_1326.A,146.1234085,-31.7283008,-10.96195,-0.2810,-99.999,-99.999,19.241,_
,48.80274,V.180218_1915.S,146.1233944,-31.7283521,-1.130735,-0.3789,-99.999,-99.999,21.949,MOON_BRIGHT
,48.83450,V.180218_2001.S,146.1233823,-31.7282873,-2.853068,-1.0407,-99.999,-99.999,22.063,MOON_BRIGHT
,48.89350,V.180218_2126.S,146.1233602,-31.7283276,2.7740406,1.28819,22.904,0.847,22.434,_
,49.04231,V.180219_0100.C,146.1234315,-31.7283002,-0.237634,-0.0877,-99.999,-99.999,22.089,_
,49.10225,V.180219_0227.C,146.1233764,-31.7282740,-1.433933,-0.7617,-99.999,-99.999,22.564,_
,49.20586,V.180219_0456.C,146.1233941,-31.7282548,-2.656759,-1.3963,-99.999,-99.999,22.556,_
,49.79641,V.180219_1906.S,146.1233283,-31.7282580,-4.128312,-1.0720,-99.999,-99.999,21.718,MOON_BRIGHT
,49.83206,V.180219_1958.S,146.1234350,-31.7283096,-0.846610,-0.5761,-99.999,-99.999,22.851,MOON_BRIGHT
,49.88550,V.180219_2115.S,146.1233956,-31.7282733,-0.967685,-0.6059,-99.999,-99.999,22.703,_
,49.96613,V.180219_2311.S,-99.9999999,-99.9999999,-99.99999,-99.99,-99.999,-99.999,-99.999,PSF_ERROR_BAD_IMAGE
,50.03655,V.180220_0052.C,146.1233747,-31.7282519,-2.555407,-0.9668,-99.999,-99.999,22.208,_
,50.06395,V.180220_0132.C,146.1233393,-31.7282813,-3.141512,-1.2321,-99.999,-99.999,22.248,_
,50.11883,V.180220_0251.C,146.1233235,-31.7282933,-1.265025,-0.6089,-99.999,-99.999,22.488,_
,50.23850,V.180220_0543.C,146.1233153,-31.7283359,-1.359212,-0.6573,-99.999,-99.999,22.472,_
,50.78470,V.180220_1849.S,146.1234225,-31.7282847,-1.881938,-0.7965,-99.999,-99.999,22.269,MOON_BRIGHT
,50.81155,V.180220_1928.S,146.1233861,-31.7283200,1.1333213,0.66936,23.881,1.630,22.643,MOON_BRIGHT
,50.86206,V.180220_2041.S,146.1233297,-31.7283366,2.2918715,1.15242,23.113,0.947,22.520,MOON_BRIGHT
,50.93182,V.180220_2221.S,146.1233562,-31.7283482,-99.99999,-99.99,-99.999,-99.999,17.647,_
,51.04387,V.180221_0103.C,146.1234233,-31.7283215,0.3883210,0.15626,25.049,6.981,22.236,_
,51.11358,V.180221_0243.C,146.1233628,-31.7282589,-1.248242,-0.7367,-99.999,-99.999,22.626,_
,51.19514,V.180221_0441.C,146.1233879,-31.7282560,-1.408956,-1.0007,-99.999,-99.999,22.833,_
,51.26459,V.180221_0621.C,146.1233631,-31.7282922,-2.522780,-1.7331,-99.999,-99.999,22.808,_
,51.43633,V.180221_1028.A,146.1234276,-31.7282599,-5.242151,-1.0744,-99.999,-99.999,21.461,_
,51.46753,V.180221_1113.A,146.1233507,-31.7282682,-1.742596,-0.3743,-99.999,-99.999,21.577,_
,51.47172,V.180221_1119.A,146.1233137,-31.7283382,-1.312195,-0.1374,-99.999,-99.999,20.735,_
,51.51338,V.180221_1219.A,146.1233275,-31.7283526,-1.027338,-0.2604,-99.999,-99.999,21.729,_
,51.57480,V.180221_1347.A,146.1233404,-31.7283577,-0.794521,-0.4464,-99.999,-99.999,22.567,_
,51.63625,V.180221_1516.A,146.1233260,-31.7283430,-3.782553,-0.9764,-99.999,-99.999,21.813,_
,51.79006,V.180221_1857.S,146.1233252,-31.7283400,-2.781845,-1.1477,-99.999,-99.999,22.258,MOON_BRIGHT
,51.82457,V.180221_1947.S,146.1233656,-31.7282542,-1.720026,-0.8040,-99.999,-99.999,22.385,MOON_BRIGHT
,53.04458,V.180223_0104.C,146.1233680,-31.7283571,-5.119669,-1.2112,-99.999,-99.999,21.636,_
,53.09698,V.180223_0219.C,146.1233451,-31.7282551,-0.955477,-0.2988,-99.999,-99.999,21.952,_
,53.18360,V.180223_0424.C,146.1234026,-31.7283475,-0.578310,-0.3809,-99.999,-99.999,22.835,_
,53.24616,V.180223_0554.C,146.1234357,-31.7282616,-0.659666,-0.5020,-99.999,-99.999,22.942,_
,53.82507,V.180223_1948.S,146.1233464,-31.7283112,-0.569883,-0.1336,-99.999,-99.999,21.593,MOON_BRIGHT
,53.88475,V.180223_2114.S,146.1233517,-31.7283133,-2.755774,-0.6486,-99.999,-99.999,21.658,MOON_BRIGHT
,53.96620,V.180223_2311.S,146.1233276,-31.7283264,-3.013857,-1.1156,-99.999,-99.999,22.145,MOON_BRIGHT
,54.03872,V.180224_0055.S,146.1234062,-31.7282963,-4.554544,-1.4784,-99.999,-99.999,22.001,MOON_BRIGHT
,55.05824,V.180225_0123.C,146.1234232,-31.7282577,2.6211767,1.28384,22.966,0.850,22.416,_
,55.11015,V.180225_0238.C,146.1233110,-31.7283181,-0.983340,-0.4870,-99.999,-99.999,22.430,_
,55.19664,V.180225_0443.C,146.1233921,-31.7282618,-1.048004,-0.7285,-99.999,-99.999,22.852,_
,55.26507,V.180225_0621.C,146.1234111,-31.7282927,-0.718509,-0.5792,-99.999,-99.999,22.965,_
,55.78182,V.180225_1845.S,146.1233356,-31.7283548,-2.701699,-0.6733,-99.999,-99.999,21.686,MOON_BRIGHT
,55.81321,V.180225_1931.S,146.1233345,-31.7283321,-3.706031,-0.7356,-99.999,-99.999,21.428,MOON_BRIGHT
,55.86817,V.180225_2050.S,146.1233251,-31.7283336,-2.532575,-0.7306,-99.999,-99.999,21.809,MOON_BRIGHT
,55.94316,V.180225_2238.S,146.1234282,-31.7283196,-2.740675,-0.8052,-99.999,-99.999,21.864,MOON_BRIGHT
,56.01572,V.180226_0022.S,146.1234080,-31.7283396,-2.228682,-0.6523,-99.999,-99.999,21.843,MOON_BRIGHT
,57.04623,V.180227_0106.C,146.1234387,-31.7283228,-4.894105,-1.0733,-99.999,-99.999,21.534,_
,57.10267,V.180227_0227.C,146.1233373,-31.7283204,-0.130108,-0.0422,-99.999,-99.999,21.962,_
,57.17985,V.180227_0418.C,146.1233748,-31.7283238,0.8501438,0.30096,24.195,3.625,22.076,_
,57.24531,V.180227_0553.C,146.1233694,-31.7282825,-2.272407,-0.7304,-99.999,-99.999,21.967,_
,57.43014,V.180227_1019.A,146.1233696,-31.7282797,-5.369279,-0.8964,-99.999,-99.999,21.259,MOON_BRIGHT
,57.49956,V.180227_1159.A,146.1233880,-31.7283338,-4.710218,-0.7104,-99.999,-99.999,21.169,MOON_BRIGHT
,57.58672,V.180227_1404.A,146.1234225,-31.7282713,-11.24626,-1.7054,-99.999,-99.999,21.171,_
,57.66052,V.180227_1551.A,146.1233191,-31.7282907,1.9804945,0.20074,23.272,5.435,20.735,_
,57.78591,V.180227_1851.S,146.1233282,-31.7283438,-0.801395,-0.2337,-99.999,-99.999,21.923,MOON_BRIGHT
,57.81387,V.180227_1931.S,146.1234274,-31.7282633,-3.598348,-1.0938,-99.999,-99.999,21.877,MOON_BRIGHT
,57.86598,V.180227_2047.S,146.1233283,-31.7283210,-2.667348,-0.9300,-99.999,-99.999,22.117,MOON_BRIGHT
,57.94843,V.180227_2245.S,146.1233100,-31.7282523,-0.739576,-0.2926,-99.999,-99.999,22.216,MOON_BRIGHT
,58.02133,V.180228_0030.S,146.1233867,-31.7282881,-6.049023,-0.7828,-99.999,-99.999,21.022,MOON_BRIGHT
,59.44668,V.180301_1043.A,146.1233967,-31.7282509,-2.761461,-0.3371,-99.999,-99.999,20.930,MOON_BRIGHT
,59.50862,V.180301_1212.A,146.1233996,-31.7283318,-3.254163,-0.3347,-99.999,-99.999,20.740,MOON_BRIGHT
,59.58597,V.180301_1403.A,146.1233640,-31.7283574,13.447755,1.23919,21.182,0.880,20.610,MOON_BRIGHT
,59.65854,V.180301_1548.A,146.1233986,-31.7283404,6.0699408,0.47049,22.050,2.319,20.401,_
,59.77497,V.180301_1835.S,146.1233790,-31.7282775,-0.062003,-0.0049,-99.999,-99.999,20.403,_
,59.82655,V.180301_1950.S,146.1234345,-31.7283194,-10.28047,-0.8980,-99.999,-99.999,20.538,_
,61.03231,V.180303_0046.C,146.1233205,-31.7283378,3.8493631,0.89005,22.547,1.226,21.619,MOON_BRIGHT
,61.09052,V.180303_0210.C,146.1233108,-31.7283266,-6.806287,-1.5589,-99.999,-99.999,21.604,MOON_BRIGHT
,61.15939,V.180303_0349.C,146.1234058,-31.7283289,1.9753352,0.57920,23.275,1.884,21.942,_
,61.23185,V.180303_0533.C,146.1233309,-31.7283576,0.0972135,0.02267,26.560,48.111,21.663,_
,61.77554,V.180303_1836.S,146.1233512,-31.7283433,-2.633586,-0.7153,-99.999,-99.999,21.773,_
,61.81365,V.180303_1931.S,146.1233127,-31.7282551,-6.696112,-1.7131,-99.999,-99.999,21.724,_
,61.86579,V.180303_2046.S,146.1234086,-31.7283245,-6.153128,-1.1149,-99.999,-99.999,21.308,_
,61.94094,V.180303_2234.S,146.1233124,-31.7283505,-6.561353,-1.5875,-99.999,-99.999,21.709,MOON_BRIGHT
,62.01176,V.180304_0016.S,146.1234390,-31.7283498,0.0071637,0.00141,29.405,770.195,21.438,MOON_BRIGHT
,63.03931,V.180305_0056.C,146.1234375,-31.7282828,-0.033349,-0.0232,-99.999,-99.999,22.793,MOON_BRIGHT
,63.10691,V.180305_0233.C,146.1233349,-31.7283344,-1.476086,-0.6590,-99.999,-99.999,22.327,MOON_BRIGHT
,63.17743,V.180305_0415.C,146.1233857,-31.7283399,1.0015537,0.38798,24.016,2.812,22.258,_
,63.25304,V.180305_0604.C,146.1233220,-31.7282566,-0.985222,-0.2886,-99.999,-99.999,21.822,_
,63.78601,V.180305_1851.S,146.1233832,-31.7283094,-3.814011,-1.3836,-99.999,-99.999,22.099,_
,63.81560,V.180305_1934.S,146.1234235,-31.7282826,0.4970363,0.18792,24.780,5.805,22.160,_
,63.87108,V.180305_2054.S,146.1234092,-31.7282976,4.0647859,1.27756,22.488,0.854,21.918,_
,63.94644,V.180305_2242.S,146.1233200,-31.7282564,-4.506545,-1.4333,-99.999,-99.999,22.019,MOON_BRIGHT
,64.01843,V.180306_0026.S,146.1233799,-31.7282854,0.0661746,0.01064,26.980,102.498,21.209,MOON_BRIGHT
,65.03036,V.180307_0043.C,146.1234110,-31.7283278,5.0594953,2.22422,22.249,0.490,22.331,MOON_BRIGHT
,65.07924,V.180307_0154.C,146.1233539,-31.7282742,3.9768099,2.57882,22.511,0.423,22.815,MOON_BRIGHT
,65.17405,V.180307_0410.C,146.1234317,-31.7283431,4.5993568,2.00867,22.353,0.543,22.314,MOON_BRIGHT
,65.18098,V.180307_0420.C,146.1234379,-31.7283001,1.8674884,0.94186,23.336,1.158,22.466,MOON_BRIGHT
,65.24039,V.180307_0546.C,146.1233745,-31.7283566,3.1417489,1.25261,22.769,0.871,22.215,MOON_BRIGHT
,65.76894,V.180307_1827.S,146.1234051,-31.7283036,5.4227493,2.57957,22.173,0.423,22.428,_
,65.80119,V.180307_1913.S,146.1234398,-31.7283206,6.7035644,3.33487,21.942,0.327,22.447,_
,65.85530,V.180307_2031.S,146.1233654,-31.7282504,6.0102945,2.67633,22.061,0.408,22.329,_
,67.65205,V.180309_1538.A,146.1233701,-31.7283551,13.246514,4.63093,21.199,0.236,22.121,MOON_BRIGHT
,69.02301,V.180311_0033.C,146.1233618,-31.7282536,31.558943,17.7136,20.252,0.062,22.694,MOON_BRIGHT
,69.07595,V.180311_0149.C,146.1233778,-31.7283106,29.733338,15.3473,20.317,0.071,22.603,MOON_BRIGHT
,69.14958,V.180311_0335.C,146.1233413,-31.7283446,27.146279,17.0436,20.416,0.064,22.865,MOON_BRIGHT
,69.22185,V.180311_0519.C,146.1234227,-31.7282632,28.259832,16.3819,20.372,0.067,22.779,MOON_BRIGHT
,69.42086,V.180311_1006.A,146.1234357,-31.7282754,33.559129,16.4211,20.185,0.066,22.575,_
,69.47100,V.180311_1118.A,146.1233624,-31.7283480,30.751907,15.9935,20.280,0.068,22.606,_
,69.52111,V.180311_1230.A,146.1234004,-31.7282819,36.418754,15.0882,20.095,0.072,22.387,MOON_BRIGHT
,69.57177,V.180311_1343.A,146.1233749,-31.7283380,35.358255,15.7715,20.128,0.069,22.455,MOON_BRIGHT
,69.63545,V.180311_1515.A,146.1233139,-31.7283406,33.666450,18.3824,20.181,0.059,22.693,MOON_BRIGHT
,69.77030,V.180311_1829.S,146.1233371,-31.7283317,32.212186,18.2991,20.229,0.060,22.718,_
,69.81557,V.180311_1934.S,146.1233831,-31.7282648,40.563235,13.3461,19.978,0.082,22.076,_
,69.87866,V.180311_2105.S,146.1233962,-31.7282739,37.311243,12.6955,20.069,0.086,22.130,_
,69.94557,V.180311_2241.S,146.1234388,-31.7282985,33.503431,17.3215,20.186,0.063,22.662,_
,71.02566,V.180313_0036.C,146.1233859,-31.7283263,43.589021,25.0397,19.899,0.044,22.837,MOON_BRIGHT
,71.07534,V.180313_0148.C,146.1233509,-31.7282823,54.075154,27.3717,19.664,0.040,22.749,MOON_BRIGHT
,71.14418,V.180313_0327.C,146.1233937,-31.7282739,50.850434,26.2551,19.731,0.042,22.691,MOON_BRIGHT
,71.20896,V.180313_0500.C,146.1233364,-31.7283200,50.130237,26.2884,19.747,0.042,22.805,MOON_BRIGHT
,73.02531,V.180315_0036.C,146.1233828,-31.7283425,59.527477,30.6514,19.559,0.036,22.733,MOON_BRIGHT
,73.07515,V.180315_0148.C,146.1233884,-31.7283118,66.804659,34.4202,19.434,0.032,22.768,MOON_BRIGHT
,73.14358,V.180315_0326.C,146.1233299,-31.7283019,80.555473,39.5103,19.229,0.028,22.819,MOON_BRIGHT
,73.20624,V.180315_0456.C,146.1233811,-31.7283011,75.678294,37.8318,19.298,0.029,22.818,MOON_BRIGHT
,73.43081,V.180315_1020.A,146.1233896,-31.7282597,88.993393,33.1916,19.121,0.033,22.344,_
,73.48422,V.180315_1137.A,146.1233873,-31.7283074,81.146466,24.6598,19.221,0.044,22.009,_
,73.53333,V.180315_1247.A,146.1233474,-31.7282713,90.394105,37.3519,19.104,0.029,22.509,_
,73.60166,V.180315_1426.A,146.1233416,-31.7282804,88.899089,30.2767,19.122,0.036,22.261,_
,73.77689,V.180315_1838.S,146.1234287,-31.7283197,-99.99999,-99.99,-99.999,-99.999,18.236,_
,75.01919,V.180317_0027.C,146.1234376,-31.7282974,87.775347,38.5998,19.136,0.028,22.672,_
,75.07112,V.180317_0142.C,146.1233504,-31.7282879,108.51075,50.3213,18.904,0.022,22.928,_
,75.14208,V.180317_0324.C,146.1233112,-31.7282505,112.00844,54.0937,18.870,0.020,22.982,MOON_BRIGHT
,75.20904,V.180317_0501.C,146.1233212,-31.7282867,91.984276,48.0479,19.085,0.023,23.025,MOON_BRIGHT
,75.41396,V.180317_0956.A,146.1233767,-31.7283487,108.87224,37.3670,18.901,0.029,22.343,_
,75.46427,V.180317_1108.A,146.1234128,-31.7282519,118.28324,40.2705,18.810,0.027,22.344,_
,75.51831,V.180317_1226.A,146.1233764,-31.7283461,103.23237,38.2789,18.959,0.029,22.377,_
,75.58679,V.180317_1404.A,146.1233882,-31.7283142,92.379267,36.4164,19.080,0.030,22.459,_
,75.76740,V.180317_1825.S,146.1234301,-31.7283220,87.766576,41.8172,19.136,0.026,22.702,MOON_BRIGHT
,75.83559,V.180317_2003.S,146.1233541,-31.7282532,111.13917,52.9897,18.878,0.021,22.906,_
,75.90565,V.180317_2144.S,146.1233337,-31.7283212,115.20705,31.5588,18.839,0.035,21.926,_
,75.97418,V.180317_2322.S,146.1233837,-31.7283473,105.19998,29.7519,18.938,0.037,21.940,_
,76.40681,V.180318_0945.A,146.1234136,-31.7282517,127.94441,40.8260,18.725,0.027,22.198,_
,76.46009,V.180318_1102.A,146.1234283,-31.7283173,112.03118,38.7323,18.870,0.028,22.330,_
,76.50956,V.180318_1213.A,146.1233567,-31.7282960,117.35686,41.2046,18.819,0.027,22.364,_
,76.58120,V.180318_1356.A,146.1234379,-31.7282656,108.97078,40.7265,18.900,0.027,22.434,_
,76.76545,V.180318_1822.S,146.1233591,-31.7282700,114.61265,57.1035,18.845,0.019,23.104,MOON_BRIGHT
,76.82587,V.180318_1949.S,146.1233198,-31.7282933,98.964384,53.2221,19.005,0.021,23.142,_
,76.89053,V.180318_2122.S,146.1233298,-31.7282660,122.25117,58.8112,18.774,0.019,22.973,_
,76.96122,V.180318_2304.S,-99.9999999,-99.9999999,-99.99999,-99.99,-99.999,-99.999,-99.999,PSF_ERROR_BAD_IMAGE
,76.96438,V.180318_2308.S,146.1233711,-31.7282506,113.21616,57.1430,18.858,0.019,23.076,_
,77.15719,V.180319_0346.C,146.1233763,-31.7282612,119.43219,57.1534,18.800,0.019,23.060,_
,77.22535,V.180319_0524.C,146.1233690,-31.7283155,95.995848,46.4169,19.038,0.024,22.850,MOON_BRIGHT
,77.41753,V.180319_1001.A,146.1234330,-31.7283133,115.52957,40.1443,18.836,0.027,22.342,_
,77.47170,V.180319_1119.A,146.1233298,-31.7283152,125.89568,45.7338,18.742,0.024,22.406,_
,77.52281,V.180319_1232.A,146.1234371,-31.7283041,123.10409,24.4914,18.767,0.045,21.558,_
,77.59347,V.180319_1414.A,146.1233854,-31.7283492,114.53190,41.3475,18.845,0.026,22.355,_
,77.76340,V.180319_1819.S,146.1234130,-31.7283249,69.181188,37.5107,19.395,0.029,22.884,MOON_BRIGHT
,77.82971,V.180319_1954.S,146.1233891,-31.7282623,111.90054,55.7627,18.871,0.020,23.019,_
,77.90465,V.180319_2142.S,146.1233382,-31.7283564,68.596409,38.7338,19.405,0.028,22.964,_
,77.96880,V.180319_2315.S,146.1233283,-31.7282666,120.30675,53.7148,18.792,0.020,22.784,_
,78.15039,V.180320_0336.C,146.1233145,-31.7282998,104.22317,49.5064,18.948,0.022,22.891,_
,78.22270,V.180320_0520.C,146.1234226,-31.7283518,91.163595,39.0479,19.094,0.028,22.583,MOON_BRIGHT
,78.41731,V.180320_1000.A,146.1233200,-31.7282957,145.88399,26.9866,18.581,0.040,21.454,_
,78.47184,V.180320_1119.A,146.1233679,-31.7283377,119.18673,44.5949,18.802,0.025,22.505,_
,78.76201,V.180320_1817.S,-99.9999999,-99.9999999,-99.99999,-99.99,-99.999,-99.999,-99.999,PSF_ERROR_BAD_IMAGE
,78.81977,V.180320_1940.S,-99.9999999,-99.9999999,-99.99999,-99.99,-99.999,-99.999,-99.999,PSF_ERROR_BAD_IMAGE
,79.14074,V.180321_0322.C,146.1233429,-31.7283253,107.66386,47.4207,18.913,0.023,22.760,_
,79.21833,V.180321_0514.C,146.1233976,-31.7282949,126.15200,49.3762,18.740,0.022,22.533,_
,79.76159,V.180321_1816.S,146.1234346,-31.7282661,117.28798,48.0488,18.820,0.023,22.550,MOON_BRIGHT
,79.81892,V.180321_1939.S,146.1234348,-31.7283234,134.84713,40.4944,18.667,0.027,22.077,MOON_BRIGHT
,79.87308,V.180321_2057.S,146.1233387,-31.7283388,138.23556,38.5099,18.640,0.028,21.970,MOON_BRIGHT
,80.12729,V.180322_0303.C,146.1233847,-31.7283566,70.709194,37.4979,19.372,0.029,22.908,_
,80.19012,V.180322_0433.C,146.1234359,-31.7282548,121.43766,52.3681,18.782,0.021,22.883,_
,81.11862,V.180323_0250.C,146.1233813,-31.7283453,83.129958,40.1996,19.195,0.027,22.773,_
,81.18350,V.180323_0424.C,146.1233331,-31.7283266,99.216192,50.1917,19.002,0.022,23.001,_
,81.40817,V.180323_0947.A,146.1233138,-31.7283154,142.37829,42.4597,18.608,0.026,22.063,_
,81.46025,V.180323_1102.A,146.1234310,-31.7282874,143.06743,44.1309,18.603,0.025,22.107,_
,81.51052,V.180323_1215.A,146.1233771,-31.7283567,118.81204,42.7446,18.805,0.026,22.414,_
,81.76406,V.180323_1820.S,146.1233313,-31.7282499,140.52189,58.0546,18.622,0.019,22.731,MOON_BRIGHT
,81.82264,V.180323_1944.S,146.1234232,-31.7282949,83.098904,44.0927,19.195,0.025,22.979,MOON_BRIGHT
,83.02135,V.180325_0030.C,146.1233386,-31.7282923,129.84466,49.7045,18.709,0.022,22.547,_
,83.07348,V.180325_0145.C,146.1234025,-31.7283310,70.190151,34.0398,19.380,0.032,22.697,_
,83.14309,V.180325_0326.C,146.1233481,-31.7282945,139.96134,52.0578,18.627,0.021,22.512,_
,83.21507,V.180325_0509.C,146.1233143,-31.7283440,106.11521,45.7053,18.929,0.024,22.675,_
,83.76154,V.180325_1816.S,146.1233115,-31.7282786,136.20429,35.6074,18.656,0.031,21.905,MOON_BRIGHT
,83.81506,V.180325_1933.S,146.1233258,-31.7283164,122.56155,32.6281,18.772,0.034,21.870,MOON_BRIGHT
,83.88317,V.180325_2111.S,146.1234005,-31.7283229,120.85878,30.2468,18.787,0.036,21.854,MOON_BRIGHT
,83.94927,V.180325_2246.S,146.1233622,-31.7283111,122.35222,41.1007,18.773,0.027,22.216,MOON_BRIGHT
,85.40135,V.180327_0937.A,146.1233211,-31.7282590,147.11237,26.8710,18.572,0.041,21.488,MOON_BRIGHT
,85.45166,V.180327_1050.A,146.1233896,-31.7283363,129.86360,21.9331,18.708,0.050,21.336,MOON_BRIGHT
,85.50645,V.180327_1209.A,146.1233295,-31.7282923,137.18267,24.6682,18.649,0.044,21.394,_
,85.76164,V.180327_1816.S,146.1233266,-31.7282901,135.68284,20.5849,18.661,0.053,21.203,MOON_BRIGHT
,85.83547,V.180327_2003.S,146.1233761,-31.7283186,99.787800,31.9349,18.996,0.034,22.095,MOON_BRIGHT
,85.92251,V.180327_2208.S,146.1233899,-31.7282635,112.30586,36.1640,18.867,0.030,22.209,MOON_BRIGHT
,87.00389,V.180329_0005.C,146.1233813,-31.7282600,117.92721,33.3968,18.814,0.033,22.041,_
,87.07479,V.180329_0147.C,146.1233599,-31.7283453,64.052317,22.6912,19.479,0.048,22.218,_
,87.14154,V.180329_0323.C,146.1233171,-31.7282992,119.05817,32.8252,18.803,0.033,22.001,_
,87.20721,V.180329_0458.C,146.1234322,-31.7282791,139.43171,26.1017,18.631,0.042,21.513,_
,87.39653,V.180329_0931.A,146.1233416,-31.7282534,130.22437,22.0419,18.705,0.050,21.304,MOON_BRIGHT
,87.45198,V.180329_1050.A,146.1233110,-31.7282813,126.47166,23.4835,18.737,0.047,21.482,MOON_BRIGHT
,87.50618,V.180329_1208.A,146.1233164,-31.7283200,131.06927,25.2694,18.698,0.043,21.541,MOON_BRIGHT
,87.57924,V.180329_1354.A,146.1234259,-31.7283156,91.558437,19.6943,19.090,0.055,21.622,MOON_BRIGHT
,89.01083,V.180331_0015.C,146.1233653,-31.7283040,100.48648,19.0548,18.988,0.057,21.445,MOON_BRIGHT
,89.07898,V.180331_0153.C,146.1234228,-31.7282753,68.333509,18.9038,19.409,0.058,21.948,_
,89.16037,V.180331_0350.C,146.1234035,-31.7283184,109.96901,23.0645,18.890,0.047,21.620,_
,89.41059,V.180331_0951.A,146.1234146,-31.7282974,111.96771,12.0235,18.870,0.091,20.813,MOON_BRIGHT
,89.46837,V.180331_1114.A,146.1233874,-31.7282499,109.18141,16.1608,18.898,0.068,21.211,MOON_BRIGHT
,89.51870,V.180331_1226.A,146.1233322,-31.7283084,119.37961,17.4699,18.800,0.062,21.145,MOON_BRIGHT
,89.59316,V.180331_1414.A,146.1233125,-31.7283284,116.79447,9.83640,18.824,0.111,20.522,MOON_BRIGHT
,89.85215,V.180331_2027.S,146.1233549,-31.7283230,99.809663,14.5536,18.996,0.075,21.124,MOON_BRIGHT
,90.99975,V.180401_2359.C,146.1233203,-31.7282891,108.55100,37.0620,18.904,0.030,22.290,MOON_BRIGHT
,91.07184,V.180402_0143.C,146.1233657,-31.7283042,101.05852,28.0177,18.982,0.039,21.940,MOON_BRIGHT
,91.13935,V.180402_0320.C,146.1233166,-31.7282863,106.63186,25.7713,18.923,0.042,21.809,_
,91.19323,V.180402_0438.C,146.1233109,-31.7282648,115.05151,24.7649,18.841,0.044,21.642,_
,91.40066,V.180402_0936.A,146.1233808,-31.7282658,98.440853,29.5969,19.011,0.037,22.080,MOON_BRIGHT
,91.40350,V.180402_0941.A,146.1234076,-31.7282532,93.929303,26.6858,19.062,0.041,21.977,MOON_BRIGHT
,91.74881,V.180402_1758.S,146.1233987,-31.7282497,91.122512,40.5132,19.095,0.027,22.600,_
,91.83711,V.180402_2005.S,146.1233617,-31.7283355,77.265368,22.8045,19.275,0.048,22.004,_
,91.90287,V.180402_2140.S,146.1233902,-31.7282584,90.492515,17.6224,19.102,0.062,21.460,MOON_BRIGHT
,93.00339,V.180404_0004.C,146.1233588,-31.7283436,50.351941,25.8992,19.742,0.042,22.696,MOON_BRIGHT
,93.07906,V.180404_0153.C,146.1233333,-31.7282736,83.273237,37.5830,19.193,0.029,22.665,MOON_BRIGHT
,93.16346,V.180404_0355.C,146.1233749,-31.7283323,65.356658,25.6772,19.457,0.043,22.322,MOON_BRIGHT
,93.39609,V.180404_0930.A,146.1233396,-31.7282655,88.673355,37.0959,19.125,0.030,22.501,MOON_BRIGHT
,93.44697,V.180404_1043.A,146.1234294,-31.7282771,77.545298,30.6735,19.271,0.036,22.430,MOON_BRIGHT
,93.47699,V.180404_1126.A,146.1233565,-31.7283092,75.072145,27.9433,19.306,0.039,22.313,MOON_BRIGHT
,93.54112,V.180404_1259.A,146.1233308,-31.7283352,87.555189,17.2237,19.138,0.063,21.462,MOON_BRIGHT
,93.59624,V.180404_1418.A,146.1233561,-31.7282868,89.166278,20.1003,19.119,0.054,21.688,MOON_BRIGHT
,93.82300,V.180404_1945.S,146.1233978,-31.7283137,61.104497,31.6787,19.531,0.035,22.816,_
,93.89826,V.180404_2133.S,146.1233761,-31.7282800,77.599644,23.8595,19.270,0.046,22.064,_
,94.99470,V.180405_2352.C,146.1233784,-31.7282564,76.429501,30.0654,19.287,0.036,22.396,MOON_BRIGHT
,95.06714,V.180406_0136.C,146.1233672,-31.7282850,73.954857,34.6075,19.323,0.032,22.675,MOON_BRIGHT
,95.39424,V.180406_0927.A,146.1233415,-31.7283262,71.662989,26.6524,19.357,0.041,22.305,MOON_BRIGHT
,95.47044,V.180406_1117.A,146.1233137,-31.7282552,72.643342,32.5085,19.342,0.034,22.559,MOON_BRIGHT
,95.53308,V.180406_1247.A,146.1233364,-31.7283528,63.030543,23.0099,19.497,0.047,22.231,MOON_BRIGHT
,95.75249,V.180406_1803.S,146.1233683,-31.7283542,58.263965,26.6609,19.583,0.041,22.555,_
,95.82163,V.180406_1943.S,146.1233830,-31.7282839,67.172010,33.7704,19.428,0.032,22.760,_
,95.89435,V.180406_2127.S,146.1234053,-31.7283471,43.065776,23.1232,19.913,0.047,22.709,_
,96.99532,V.180407_2353.C,146.1233525,-31.7283493,54.014632,26.5948,19.665,0.041,22.658,MOON_BRIGHT
,97.07284,V.180408_0144.C,146.1233562,-31.7283469,53.048753,20.5783,19.685,0.053,22.351,MOON_BRIGHT
,97.13863,V.180408_0319.C,146.1233197,-31.7282898,63.819156,31.0759,19.483,0.035,22.683,MOON_BRIGHT
,97.39179,V.180408_0924.A,146.1233647,-31.7282649,68.056655,16.6283,19.413,0.066,21.776,_
,97.47398,V.180408_1122.A,146.1234131,-31.7282576,60.186598,26.9724,19.547,0.041,22.539,MOON_BRIGHT
,97.53693,V.180408_1253.A,146.1233557,-31.7283201,55.666497,24.9043,19.633,0.044,22.527,MOON_BRIGHT
,97.74193,V.180408_1748.S,146.1233489,-31.7283578,63.570227,17.8946,19.488,0.061,22.029,_
,97.81288,V.180408_1930.S,146.1233847,-31.7282755,83.958136,30.6095,19.184,0.036,22.427,_
,97.87713,V.180408_2103.S,146.1234305,-31.7282560,47.056354,20.2617,19.816,0.054,22.483,_
,98.99862,V.180409_2358.C,146.1233656,-31.7282562,55.193366,22.4380,19.642,0.049,22.408,MOON_BRIGHT
,99.06993,V.180410_0140.C,146.1233181,-31.7283264,48.696487,22.0860,19.778,0.049,22.562,MOON_BRIGHT
,99.13117,V.180410_0308.C,146.1233420,-31.7282576,61.238018,18.7268,19.528,0.058,22.123,MOON_BRIGHT
,99.75564,V.180410_1808.S,146.1234341,-31.7283505,39.608665,20.5801,20.004,0.053,22.700,_
,101.00064,V.180412_0000.C,146.1233919,-31.7283160,55.842046,19.7317,19.629,0.055,22.192,MOON_BRIGHT
,101.07867,V.180412_0153.C,146.1233878,-31.7283238,36.966967,21.9106,20.079,0.050,22.941,MOON_BRIGHT
,101.14051,V.180412_0322.C,146.1233217,-31.7283394,49.138255,21.6098,19.769,0.051,22.532,MOON_BRIGHT
,101.39058,V.180412_0922.A,146.1233787,-31.7283196,56.786881,18.1036,19.611,0.060,22.056,_
,101.46344,V.180412_1107.A,146.1233598,-31.7283494,35.257258,18.8368,20.131,0.058,22.692,_
,101.52564,V.180412_1236.A,146.1234262,-31.7282505,39.757151,20.8050,20.000,0.052,22.683,_
,101.75638,V.180412_1809.S,146.1234088,-31.7282684,34.422169,22.9781,20.157,0.048,23.060,_
,103.01381,V.180414_0019.C,146.1234249,-31.7282724,38.034223,17.0283,20.048,0.064,22.447,_
,103.07753,V.180414_0151.C,146.1233825,-31.7283467,24.643621,14.2562,20.522,0.077,22.754,MOON_BRIGHT
,103.14045,V.180414_0322.C,146.1234095,-31.7283224,44.336738,19.0968,19.881,0.057,22.469,MOON_BRIGHT
,103.40869,V.180414_0948.A,146.1233229,-31.7282727,38.992931,16.4221,20.021,0.066,22.357,_
,103.47579,V.180414_1125.A,146.1233478,-31.7283293,35.726140,11.0728,20.116,0.099,22.003,_
,103.54038,V.180414_1258.A,146.1234008,-31.7283179,30.783733,13.0994,20.279,0.083,22.415,_
,103.75666,V.180414_1809.S,146.1233692,-31.7282572,34.999377,19.6875,20.139,0.055,22.776,_
,103.82098,V.180414_1942.S,146.1233498,-31.7282533,33.634847,19.3077,20.182,0.057,22.794,_
,103.82426,V.180414_1946.S,146.1233176,-31.7283342,32.906142,18.2103,20.206,0.060,22.793,_
,103.88792,V.180414_2118.S,146.1233647,-31.7283001,32.015502,18.6486,20.236,0.059,22.777,_
,103.99198,V.180414_2348.C,146.1233851,-31.7282507,40.285131,22.6460,19.985,0.048,22.792,_
,104.06288,V.180415_0130.C,146.1234255,-31.7283308,31.862374,15.6903,20.241,0.070,22.537,_
,104.13142,V.180415_0309.C,146.1233327,-31.7282889,38.099273,16.9215,20.046,0.065,22.466,MOON_BRIGHT
,104.40823,V.180415_0947.A,146.1233748,-31.7283320,27.349785,17.0956,20.408,0.064,22.876,_
,104.47216,V.180415_1119.A,146.1233407,-31.7283117,32.059131,17.6090,20.235,0.062,22.718,_
,104.53799,V.180415_1254.A,146.1233731,-31.7282575,37.044651,20.6501,20.077,0.053,22.806,_
,104.83917,V.180415_2008.S,146.1234334,-31.7283002,28.523166,16.2524,20.362,0.067,22.775,_
,104.90164,V.180415_2138.S,146.1234115,-31.7283132,27.774004,12.6998,20.391,0.086,22.448,_
,105.01458,V.180416_0021.C,146.1233197,-31.7283043,32.551841,16.4491,20.218,0.066,22.552,_
,105.09507,V.180416_0216.C,146.1233735,-31.7283248,31.406345,15.0618,20.257,0.072,22.541,_
,106.00509,V.180417_0007.C,146.1233221,-31.7283340,24.254694,9.33512,20.539,0.117,22.251,_
,106.06946,V.180417_0140.C,146.1233329,-31.7283573,29.526448,13.2646,20.324,0.082,22.390,_
,106.13267,V.180417_0311.C,146.1234106,-31.7282909,54.794869,10.7413,19.650,0.102,21.468,_
,106.13620,V.180417_0316.C,146.1233139,-31.7282628,32.589267,13.4841,20.217,0.081,22.385,_
,106.40380,V.180417_0941.A,146.1233166,-31.7283292,21.919289,7.20448,20.649,0.151,22.070,_
,106.47051,V.180417_1117.A,146.1233888,-31.7283016,30.234109,14.0920,20.298,0.077,22.480,_
,106.53259,V.180417_1246.A,146.1233902,-31.7283442,23.773159,11.2573,20.561,0.097,22.447,_
,106.83377,V.180417_2000.S,146.1234275,-31.7283255,19.028124,10.8871,20.804,0.100,22.700,_
,106.90067,V.180417_2136.S,146.1233863,-31.7283260,21.329264,13.1794,20.679,0.083,22.835,_
,107.01684,V.180418_0024.C,146.1233239,-31.7282743,27.770283,6.94276,20.391,0.157,21.770,_
,107.08289,V.180418_0159.C,146.1234073,-31.7282550,28.763237,7.30204,20.353,0.149,21.767,_
,108.00704,V.180419_0010.C,146.1233832,-31.7282897,26.794108,12.9269,20.430,0.084,22.527,_
,108.07534,V.180419_0148.C,146.1233146,-31.7283149,26.591916,13.1692,20.439,0.083,22.578,_
,108.13622,V.180419_0316.C,146.1233557,-31.7283264,28.415644,12.3860,20.366,0.088,22.468,_
,108.75115,V.180419_1801.S,146.1233336,-31.7282820,23.581415,12.7955,20.570,0.085,22.654,MOON_BRIGHT
,108.81556,V.180419_1934.S,146.1233249,-31.7282690,21.016371,11.0447,20.695,0.099,22.572,MOON_BRIGHT
,108.88898,V.180419_2120.S,146.1233674,-31.7282830,20.754153,9.21359,20.709,0.118,22.428,MOON_BRIGHT
,109.00903,V.180420_0012.C,146.1233645,-31.7283129,24.498553,7.74378,20.528,0.141,21.968,_
,109.07606,V.180420_0149.C,146.1233438,-31.7283540,25.149568,11.8224,20.499,0.092,22.501,_
,109.13926,V.180420_0320.C,146.1234180,-31.7283133,27.972776,11.3078,20.383,0.097,22.331,_
,109.40377,V.180420_0941.A,146.1233836,-31.7283504,21.390753,10.9188,20.676,0.100,22.539,_
,109.47399,V.180420_1122.A,146.1233111,-31.7283493,21.672745,13.6720,20.662,0.080,22.864,_
,109.53527,V.180420_1250.A,146.1233494,-31.7282663,24.050839,12.9552,20.548,0.084,22.679,_
,109.74627,V.180420_1754.S,146.1233915,-31.7282795,21.246367,14.9947,20.683,0.073,22.988,MOON_BRIGHT
,109.82843,V.180420_1952.S,146.1233787,-31.7282531,20.881818,13.1360,20.702,0.083,22.877,MOON_BRIGHT
,109.88696,V.180420_2117.S,146.1233248,-31.7283326,19.613041,14.1455,20.771,0.077,22.975,MOON_BRIGHT
,110.00331,V.180421_0004.C,146.1233878,-31.7282546,25.100125,10.7645,20.502,0.101,22.359,_
,110.00630,V.180421_0009.C,146.1233234,-31.7283362,21.102587,10.7866,20.691,0.101,22.563,_
,110.07086,V.180421_0142.C,146.1233930,-31.7283079,22.072671,12.6983,20.642,0.086,22.714,_
,110.14125,V.180421_0323.C,146.1233536,-31.7282560,28.206214,12.4334,20.374,0.088,22.411,_
,110.40575,V.180421_0944.A,146.1233607,-31.7282755,25.427840,9.31061,20.487,0.117,22.179,_
,110.41087,V.180421_0951.A,146.1233317,-31.7283011,21.695303,7.77494,20.661,0.140,22.172,_
,110.48013,V.180421_1131.A,146.1233397,-31.7283548,18.919662,8.15219,20.810,0.134,22.341,_
,110.75437,V.180421_1806.S,146.1233317,-31.7283352,19.068726,10.7814,20.801,0.101,22.661,MOON_BRIGHT
,110.82759,V.180421_1951.S,146.1234270,-31.7283040,16.894925,11.8327,20.933,0.092,22.975,MOON_BRIGHT
,110.88479,V.180421_2114.S,146.1233116,-31.7282856,24.162964,17.8304,20.543,0.061,23.082,MOON_BRIGHT
,111.01427,V.180422_0020.C,146.1233982,-31.7283049,18.909493,9.85146,20.810,0.111,22.539,_
,111.08045,V.180422_0155.C,146.1234348,-31.7283415,17.587608,9.97436,20.890,0.109,22.695,_
,111.13708,V.180422_0317.C,146.1233971,-31.7283325,22.084780,10.7478,20.641,0.102,22.497,_
,111.39646,V.180422_0930.A,146.1233441,-31.7282744,20.842489,8.85055,20.704,0.123,22.313,_
,111.46075,V.180422_1103.A,146.1233601,-31.7282604,14.042487,2.91346,21.135,0.374,21.562,_
,111.75015,V.180422_1800.S,146.1233392,-31.7282894,20.678739,10.9855,20.713,0.099,22.569,MOON_BRIGHT
,111.82259,V.180422_1944.S,146.1234275,-31.7282869,18.322545,11.0616,20.845,0.099,22.825,MOON_BRIGHT
,112.02124,V.180423_0030.C,146.1234020,-31.7282529,18.427538,5.61999,20.839,0.194,21.943,_
,112.13834,V.180423_0319.C,146.1233943,-31.7282569,17.995518,3.68177,20.865,0.296,21.512,_
,112.40454,V.180423_0942.A,146.1233465,-31.7283269,17.699959,6.80136,20.883,0.160,22.231,MOON_BRIGHT
,112.47361,V.180423_1122.A,146.1233414,-31.7282751,21.930452,8.73101,20.649,0.125,22.324,_
,112.77514,V.180423_1836.S,146.1233909,-31.7282615,20.597940,7.29810,20.717,0.150,22.095,MOON_BRIGHT
,112.85308,V.180423_2028.S,146.1233240,-31.7283064,17.953178,5.61933,20.867,0.194,21.972,MOON_BRIGHT
,113.03793,V.180424_0054.C,146.1233516,-31.7283474,26.704432,6.33626,20.434,0.172,21.644,_
,113.10132,V.180424_0225.C,146.1234049,-31.7283317,24.441374,5.81991,20.531,0.187,21.696,_
,113.39631,V.180424_0930.A,146.1233658,-31.7283375,13.870330,5.02091,21.149,0.217,22.176,MOON_BRIGHT
,113.46427,V.180424_1108.A,146.1234256,-31.7282804,18.049566,5.39598,20.861,0.202,21.910,_
,113.75319,V.180424_1804.S,146.1234195,-31.7283141,14.509858,5.27174,21.099,0.207,22.141,MOON_BRIGHT
,113.83052,V.180424_1955.S,146.1233171,-31.7283553,14.200165,5.69480,21.123,0.192,22.243,MOON_BRIGHT
,113.99758,V.180424_2356.C,146.1234346,-31.7283370,16.880218,5.39832,20.934,0.202,21.956,_
,114.05861,V.180425_0124.C,146.1234122,-31.7283320,15.458468,4.79120,21.030,0.228,21.979,_
,115.39097,V.180426_0922.A,146.1233426,-31.7283523,15.995959,4.12694,20.993,0.264,21.773,MOON_BRIGHT
,115.46243,V.180426_1105.A,146.1233152,-31.7282820,18.951570,4.01487,20.808,0.272,21.488,MOON_BRIGHT
,116.02053,V.180427_0029.C,146.1233482,-31.7283448,20.748602,4.70998,20.709,0.232,21.579,_
,116.08328,V.180427_0159.C,146.1233958,-31.7283501,20.442128,4.64578,20.725,0.235,21.623,_
,116.38757,V.180427_0918.A,146.1234123,-31.7283117,13.961810,1.82283,21.141,0.598,21.001,MOON_BRIGHT
,116.45389,V.180427_1053.A,146.1233958,-31.7282891,11.313565,1.74717,21.371,0.624,21.178,MOON_BRIGHT
,116.73936,V.180427_1744.S,146.1233776,-31.7283545,18.327737,4.50646,20.845,0.242,21.687,MOON_BRIGHT
,116.80230,V.180427_1915.S,146.1233235,-31.7283396,18.023331,4.47314,20.863,0.244,21.696,MOON_BRIGHT
,116.86837,V.180427_2050.S,146.1233829,-31.7282616,21.075068,3.15928,20.692,0.345,21.150,MOON_BRIGHT
,117.00134,V.180428_0001.C,146.1233134,-31.7282524,20.734980,4.80951,20.710,0.227,21.636,_
,117.06434,V.180428_0132.C,146.1233144,-31.7283241,14.709560,3.50984,21.084,0.311,21.731,_
,117.38716,V.180428_0917.A,146.1233484,-31.7283362,11.604847,2.44273,21.343,0.447,21.513,MOON_BRIGHT
,117.45552,V.180428_1055.A,146.1234398,-31.7283256,22.639614,2.75654,20.614,0.396,20.912,MOON_BRIGHT
,117.73443,V.180428_1737.S,-99.9999999,-99.9999999,-99.99999,-99.99,-99.999,-99.999,-99.999,PSF_ERROR_BAD_IMAGE
,117.74243,V.180428_1749.S,146.1233908,-31.7283413,-15.74146,-0.6687,-99.999,-99.999,19.758,_
,117.80096,V.180428_1913.S,146.1233198,-31.7282706,13.924448,1.43975,21.144,0.758,20.725,MOON_BRIGHT
,117.86885,V.180428_2051.S,146.1233597,-31.7283487,22.866712,2.49050,20.603,0.438,20.775,MOON_BRIGHT
,117.99187,V.180428_2348.C,146.1233638,-31.7282966,35.255155,2.20063,20.131,0.496,20.200,MOON_BRIGHT
,118.05447,V.180429_0118.C,146.1233481,-31.7282992,6.1931735,0.26936,22.028,4.050,19.832,_
,118.11716,V.180429_0248.C,146.1233342,-31.7283418,83.810441,2.48476,19.186,0.439,19.391,_
,118.39590,V.180429_0930.A,146.1233121,-31.7283237,11.573556,2.28833,21.346,0.477,21.474,MOON_BRIGHT
,118.46617,V.180429_1111.A,146.1234252,-31.7282705,19.542534,3.84939,20.775,0.283,21.500,MOON_BRIGHT
,118.73623,V.180429_1740.S,146.1233961,-31.7282627,14.424105,2.58133,21.106,0.423,21.339,_
,118.80014,V.180429_1912.S,146.1234282,-31.7282685,22.561623,2.35604,20.618,0.463,20.696,MOON_BRIGHT
,118.86778,V.180429_2049.S,146.1233616,-31.7282547,13.060892,1.55104,21.214,0.703,20.880,MOON_BRIGHT
,118.99611,V.180429_2354.C,146.1234186,-31.7283365,14.475501,3.28376,21.102,0.332,21.645,MOON_BRIGHT
,119.05741,V.180430_0122.C,146.1233756,-31.7283180,18.341294,3.75625,20.844,0.290,21.477,MOON_BRIGHT
,119.11664,V.180430_0247.C,146.1234353,-31.7283191,16.425452,2.35526,20.964,0.463,21.094,_
,119.38583,V.180430_0915.A,146.1234368,-31.7283002,14.218588,2.50324,21.122,0.436,21.369,MOON_BRIGHT
,119.45057,V.180430_1048.A,146.1234111,-31.7282644,17.181355,2.58513,20.915,0.422,21.144,MOON_BRIGHT
,119.79479,V.180430_1904.S,146.1233312,-31.7283574,13.806703,5.19950,21.154,0.210,22.176,_
,119.99807,V.180430_2357.C,146.1234210,-31.7283029,-99.99999,-99.99,-99.999,-99.999,17.488,MOON_BRIGHT
,121.38777,V.180502_0918.A,146.1233977,-31.7282975,14.742271,7.43836,21.082,0.147,22.524,MOON_BRIGHT
,121.44843,V.180502_1045.A,146.1233946,-31.7283458,8.9104852,3.08556,21.631,0.354,22.134,MOON_BRIGHT
,121.50781,V.180502_1211.A,146.1233198,-31.7282746,18.362615,3.22249,20.842,0.339,21.350,MOON_BRIGHT
,121.82850,V.180502_1953.S,146.1233333,-31.7283508,17.148719,3.63297,20.917,0.300,21.492,_
,122.05399,V.180503_0117.C,146.1234070,-31.7283339,13.059840,4.61794,21.214,0.236,22.139,MOON_BRIGHT
,122.73257,V.180503_1734.S,146.1234181,-31.7283057,16.732836,7.47524,20.944,0.146,22.334,_
,122.79738,V.180503_1908.S,146.1234055,-31.7283390,11.764556,5.18134,21.328,0.211,22.278,_
,122.85927,V.180503_2037.S,-99.9999999,-99.9999999,-99.99999,-99.99,-99.999,-99.999,-99.999,PSF_ERROR_BAD_IMAGE
,122.86291,V.180503_2042.S,146.1233602,-31.7282963,16.257407,7.01278,20.975,0.156,22.277,_
,122.98720,V.180503_2341.C,146.1234272,-31.7282564,11.784707,6.73399,21.326,0.162,22.653,MOON_BRIGHT
,123.06138,V.180504_0128.C,146.1233754,-31.7283551,12.639649,5.48362,21.250,0.199,22.320,MOON_BRIGHT
,123.39539,V.180504_0929.A,146.1234238,-31.7283439,10.288228,3.58168,21.474,0.305,22.070,MOON_BRIGHT
,123.45819,V.180504_1059.A,146.1233767,-31.7283364,13.164399,2.31984,21.206,0.470,21.301,MOON_BRIGHT
,123.73194,V.180504_1733.S,146.1233603,-31.7283047,10.700545,8.27934,21.432,0.132,23.028,_
,123.73444,V.180504_1737.S,146.1234257,-31.7283052,8.7125339,6.70055,21.656,0.163,23.004,_
,123.79755,V.180504_1908.S,146.1233564,-31.7283514,12.180524,8.20554,21.290,0.133,22.896,_
,123.99911,V.180504_2358.C,-99.9999999,-99.9999999,-99.99999,-99.99,-99.999,-99.999,-99.999,PSF_ERROR_BAD_IMAGE
,124.07176,V.180505_0143.C,146.1233177,-31.7283012,14.333589,7.31202,21.113,0.149,22.555,MOON_BRIGHT
,124.39051,V.180505_0922.A,146.1233848,-31.7283327,16.548807,3.83725,20.956,0.284,21.644,MOON_BRIGHT
,124.45824,V.180505_1059.A,146.1233883,-31.7283364,16.441301,6.24704,20.963,0.175,22.257,MOON_BRIGHT
,124.73084,V.180505_1732.S,146.1234111,-31.7282981,11.440390,6.62190,21.359,0.165,22.610,_
,124.79333,V.180505_1902.S,146.1233797,-31.7283068,12.410339,7.41365,21.270,0.147,22.687,_
,124.85316,V.180505_2028.S,146.1233994,-31.7283116,14.819699,6.59652,21.076,0.165,22.385,_
,125.08766,V.180506_0206.C,146.1233546,-31.7283346,12.036197,5.62077,21.303,0.194,22.475,MOON_BRIGHT
,125.45810,V.180506_1059.A,146.1233656,-31.7283440,11.513986,6.66831,21.352,0.164,22.734,MOON_BRIGHT
,125.72668,V.180506_1726.S,146.1233398,-31.7282573,18.963062,6.77533,20.807,0.161,22.101,_
,125.79387,V.180506_1903.S,146.1233874,-31.7283496,14.430258,7.44022,21.105,0.147,22.556,_
,126.02926,V.180507_0042.C,146.1233539,-31.7282983,10.158062,1.37481,21.488,0.794,21.036,MOON_BRIGHT
,126.39546,V.180507_0929.A,146.1234399,-31.7283086,10.747366,5.98872,21.427,0.182,22.594,_
,126.46119,V.180507_1104.A,146.1234302,-31.7282925,7.4178018,1.02189,21.831,1.068,21.007,MOON_BRIGHT
,126.99319,V.180507_2350.C,146.1233721,-31.7283149,13.502528,4.27255,21.178,0.255,21.941,MOON_BRIGHT
,127.05468,V.180508_0118.C,146.1233722,-31.7283028,8.2569473,1.96899,21.714,0.554,21.615,MOON_BRIGHT
,127.38563,V.180508_0915.A,146.1234140,-31.7283072,0.9091369,0.05601,24.121,19.477,20.208,_
,127.44890,V.180508_1046.A,-99.9999999,-99.9999999,-99.99999,-99.99,-99.999,-99.999,-99.999,PSF_ERROR_BAD_IMAGE
,127.99597,V.180508_2354.C,146.1234092,-31.7283460,11.542212,3.85094,21.349,0.283,22.066,MOON_BRIGHT
,128.06059,V.180509_0127.C,146.1233877,-31.7283011,8.4963959,1.94387,21.683,0.561,21.631,MOON_BRIGHT
,128.38751,V.180509_0917.A,146.1234340,-31.7283144,14.019378,6.65703,21.137,0.164,22.480,_
,128.45192,V.180509_1050.A,146.1233342,-31.7282625,13.396244,5.50662,21.187,0.198,22.283,_
,128.74185,V.180509_1748.S,146.1233982,-31.7283425,12.789715,6.68037,21.237,0.163,22.537,_
,128.81117,V.180509_1928.S,146.1233126,-31.7282859,12.531878,7.37937,21.259,0.148,22.719,_
,129.74192,V.180510_1748.S,146.1233321,-31.7283561,19.499114,2.53816,20.777,0.430,20.966,_
,129.80922,V.180510_1925.S,146.1234087,-31.7282795,8.8259693,1.09169,21.642,0.999,20.953,_
,129.99922,V.180510_2358.C,146.1233651,-31.7283411,13.316980,6.49967,21.193,0.168,22.479,MOON_BRIGHT
,130.00488,V.180511_0006.C,146.1233313,-31.7283478,11.570300,6.17484,21.346,0.177,22.632,MOON_BRIGHT
,130.07088,V.180511_0142.C,146.1233592,-31.7282867,13.873753,7.14369,21.148,0.153,22.541,MOON_BRIGHT
,130.73322,V.180511_1735.S,146.1234361,-31.7283510,10.498828,4.56162,21.452,0.239,22.316,_
,130.80002,V.180511_1912.S,146.1233410,-31.7283142,11.093497,5.04538,21.392,0.216,22.406,_
,130.99696,V.180511_2355.C,146.1234065,-31.7282715,11.777675,6.19772,21.327,0.176,22.524,MOON_BRIGHT
,131.06484,V.180512_0133.C,146.1233739,-31.7283287,12.297579,7.37099,21.280,0.148,22.719,MOON_BRIGHT
,131.39330,V.180512_0926.A,146.1233565,-31.7282909,10.729051,2.93187,21.429,0.372,21.842,_
,131.46009,V.180512_1102.A,146.1234235,-31.7282992,12.222078,2.53810,21.287,0.430,21.533,_
,131.80170,V.180512_1914.S,146.1233688,-31.7282598,8.5902826,4.70364,21.671,0.232,22.595,_
,131.99385,V.180512_2351.C,146.1233210,-31.7283327,12.480734,4.96272,21.264,0.220,22.297,_
,132.05738,V.180513_0122.C,146.1233742,-31.7283423,10.164014,4.36971,21.488,0.250,22.388,MOON_BRIGHT
,132.39280,V.180513_0925.A,146.1233235,-31.7283151,9.7318610,5.26258,21.535,0.207,22.571,_
,132.46207,V.180513_1105.A,146.1233895,-31.7283124,8.2083974,4.42393,21.721,0.247,22.592,_
,132.46374,V.180513_1107.A,146.1234164,-31.7283259,9.2212201,4.55507,21.594,0.240,22.528,_
,132.74177,V.180513_1748.S,146.1234337,-31.7282513,8.0510891,3.83235,21.742,0.285,22.380,_
,132.80712,V.180513_1922.S,146.1234341,-31.7283141,8.8705707,5.44166,21.636,0.200,22.776,_
,133.38451,V.180514_0913.A,146.1234047,-31.7283564,9.2852025,2.36778,21.586,0.461,21.763,_
,133.45002,V.180514_1048.A,146.1234388,-31.7282897,8.3009604,3.14679,21.709,0.347,22.206,_
,133.73338,V.180514_1736.S,146.1234166,-31.7283425,10.249308,6.02982,21.479,0.181,22.642,_
,133.81227,V.180514_1929.S,146.1234036,-31.7283533,12.011274,7.14299,21.306,0.153,22.688,_
,133.98581,V.180514_2339.C,146.1233696,-31.7282551,21.662608,3.09550,20.662,0.352,21.102,_
,134.05738,V.180515_0122.C,146.1234197,-31.7282929,9.9807196,4.04832,21.508,0.269,22.265,_
,134.38752,V.180515_0918.A,146.1233196,-31.7283272,10.063383,5.31208,21.499,0.205,22.588,_
,134.45110,V.180515_1049.A,146.1234032,-31.7283402,12.646700,5.55379,21.249,0.196,22.409,_
,134.73628,V.180515_1740.S,146.1233726,-31.7283011,7.5734343,5.69827,21.809,0.191,22.984,_
,134.98140,V.180515_2333.C,146.1233611,-31.7282694,9.7321673,5.71492,21.535,0.191,22.697,_
,135.04881,V.180516_0110.C,146.1234344,-31.7283442,9.2457970,5.20624,21.591,0.210,22.655,_
,135.37226,V.180516_0856.A,146.1233948,-31.7283394,9.9294064,2.27855,21.513,0.479,21.615,_
,135.43775,V.180516_1030.A,146.1233151,-31.7282869,8.1903158,2.92959,21.723,0.372,22.104,_
,135.73779,V.180516_1742.S,146.1233258,-31.7283200,9.8033111,7.08507,21.527,0.154,22.990,MOON_BRIGHT
,135.80529,V.180516_1919.S,146.1233152,-31.7283468,6.5515767,4.61343,21.967,0.236,22.890,MOON_BRIGHT
,135.99524,V.180516_2353.C,146.1233714,-31.7283245,9.5415343,5.26019,21.557,0.207,22.650,_
,136.05604,V.180517_0120.C,146.1234175,-31.7282957,11.823863,6.61112,21.323,0.165,22.622,_
,136.44597,V.180517_1042.A,146.1234220,-31.7283004,8.7812925,2.78560,21.647,0.392,22.004,_
,136.73721,V.180517_1741.S,146.1233503,-31.7283174,8.9858775,6.80263,21.622,0.160,22.993,MOON_BRIGHT
,136.79947,V.180517_1911.S,146.1233909,-31.7283276,7.5592577,4.77801,21.811,0.228,22.731,MOON_BRIGHT
,137.38431,V.180518_0913.A,146.1233255,-31.7282593,10.799333,3.35439,21.422,0.325,21.949,_
,137.45231,V.180518_1051.A,146.1234222,-31.7282581,11.507625,3.60175,21.352,0.303,21.992,_
,137.73700,V.180518_1741.S,146.1233800,-31.7283262,-99.99999,-99.99,-99.999,-99.999,19.006,MOON_BRIGHT
,138.37742,V.180519_0903.A,146.1233512,-31.7283062,6.6256336,1.95035,21.955,0.559,21.862,_
,138.44995,V.180519_1047.A,146.1233268,-31.7283511,2.7393704,0.62869,22.918,1.735,21.596,_
,139.37684,V.180520_0902.A,146.1233692,-31.7283179,5.1210791,0.84978,22.236,1.284,21.243,_
,139.44339,V.180520_1038.A,146.1233408,-31.7282916,6.6971277,1.06747,21.943,1.022,21.248,_
,140.38227,V.180521_0910.A,146.1234297,-31.7282695,10.891515,3.42152,21.412,0.319,21.994,_
,141.40381,V.180522_0941.A,146.1233625,-31.7282663,6.2120047,1.20576,22.025,0.905,21.471,MOON_BRIGHT
,141.98108,V.180522_2332.C,146.1233333,-31.7282499,8.7679942,4.29814,21.649,0.254,22.502,_
,142.04950,V.180523_0111.C,146.1233951,-31.7282913,8.5184188,4.20849,21.680,0.259,22.475,_
,142.38197,V.180523_0910.A,146.1233631,-31.7283198,6.5528916,1.13980,21.967,0.957,21.319,MOON_BRIGHT
,142.44796,V.180523_1045.A,146.1234347,-31.7283447,-3.768058,-0.5182,-99.999,-99.999,21.034,MOON_BRIGHT
,142.72427,V.180523_1722.S,146.1233207,-31.7283501,5.9738822,1.57495,22.068,0.693,21.766,MOON_BRIGHT
,142.79439,V.180523_1903.S,146.1233231,-31.7283503,9.7386939,1.04636,21.534,1.043,20.742,MOON_BRIGHT
,142.97608,V.180523_2325.C,146.1233639,-31.7282806,9.4786634,4.26797,21.564,0.256,22.346,_
,143.04200,V.180524_0100.C,146.1233826,-31.7283206,8.6169281,3.03825,21.668,0.359,22.065,_
,143.97375,V.180524_2322.C,146.1234201,-31.7282977,12.554204,3.79334,21.257,0.288,21.940,_
,144.03484,V.180525_0050.C,146.1234118,-31.7283250,5.5842816,1.62937,22.141,0.670,21.875,_
,144.37836,V.180525_0904.A,146.1233546,-31.7282884,7.0623587,2.72457,21.885,0.400,22.168,MOON_BRIGHT
,144.97272,V.180525_2320.C,146.1233499,-31.7282870,8.2746894,2.75356,21.712,0.396,22.023,_
,145.03348,V.180526_0048.C,146.1233294,-31.7282645,10.104117,3.07326,21.494,0.355,21.989,_
,145.71715,V.180526_1712.S,146.1233575,-31.7283162,12.908800,3.16648,21.227,0.345,21.648,MOON_BRIGHT
,145.78076,V.180526_1844.S,146.1234291,-31.7283133,3.2119637,0.88449,22.744,1.233,21.796,MOON_BRIGHT
,145.97961,V.180526_2330.C,146.1233475,-31.7282504,7.7695466,2.18044,21.781,0.500,21.840,MOON_BRIGHT
,146.03998,V.180527_0057.C,146.1233834,-31.7283228,9.7223212,2.25756,21.536,0.483,21.652,_
,146.73385,V.180527_1736.S,146.1233231,-31.7283547,7.0416728,2.16261,21.888,0.504,21.912,MOON_BRIGHT
,146.79597,V.180527_1906.S,146.1234177,-31.7283358,10.654231,2.20171,21.436,0.496,21.464,MOON_BRIGHT
,146.98279,V.180527_2335.C,146.1233365,-31.7283508,6.3359905,1.96525,22.003,0.555,22.019,MOON_BRIGHT
,147.37633,V.180528_0901.A,146.1233845,-31.7283433,8.7878544,1.89406,21.646,0.576,21.521,MOON_BRIGHT
,148.37909,V.180529_0905.A,146.1234098,-31.7282713,6.7171004,1.94830,21.940,0.560,21.932,MOON_BRIGHT
,148.39047,V.180529_0922.A,146.1233209,-31.7283324,11.596482,3.01854,21.344,0.361,21.794,MOON_BRIGHT
,148.74341,V.180529_1750.S,146.1233857,-31.7282791,10.004881,1.79994,21.505,0.606,21.338,_
,149.73163,V.180530_1733.S,146.1234283,-31.7282950,18.656016,1.69071,20.825,0.645,20.593,_
,150.37398,V.180531_0858.A,146.1233960,-31.7282876,5.3900990,0.84666,22.180,1.289,21.211,MOON_BRIGHT
,150.72050,V.180531_1717.S,146.1233710,-31.7282768,4.6364776,2.11894,22.344,0.515,22.399,_
,150.97426,V.180531_2322.C,146.1234223,-31.7283141,6.1287331,2.53654,22.040,0.430,22.281,MOON_BRIGHT
,151.03619,V.180601_0052.C,146.1233534,-31.7282820,6.4683607,1.36131,21.981,0.801,21.528,MOON_BRIGHT
,151.38598,V.180601_0915.A,146.1233543,-31.7282672,3.8358963,1.19814,22.551,0.911,21.939,MOON_BRIGHT
,152.71866,V.180602_1714.S,146.1234267,-31.7283560,6.1661698,3.35765,22.033,0.325,22.571,_
,152.77561,V.180602_1836.S,-99.9999999,-99.9999999,-99.99999,-99.99,-99.999,-99.999,-99.999,PSF_ERROR_BAD_IMAGE
,152.97084,V.180602_2318.C,146.1233928,-31.7283119,6.0005395,4.49920,22.063,0.242,22.960,MOON_BRIGHT
,153.38247,V.180603_0910.A,146.1233987,-31.7282493,8.3043914,3.11180,21.708,0.351,22.208,MOON_BRIGHT
,153.97919,V.180603_2330.C,146.1234115,-31.7283132,6.7990920,4.50074,21.926,0.242,22.806,MOON_BRIGHT
,154.37166,V.180604_0855.A,146.1233459,-31.7282593,5.8736557,2.64797,22.086,0.412,22.431,_
,154.71833,V.180604_1714.S,146.1233148,-31.7283155,8.4696866,4.48649,21.687,0.243,22.506,_
,154.77510,V.180604_1836.S,146.1234332,-31.7283413,4.6825810,1.49782,22.333,0.728,21.986,_
,154.96825,V.180604_2314.C,146.1233667,-31.7283529,8.1520856,3.52419,21.728,0.310,22.326,MOON_BRIGHT
,155.37767,V.180605_0903.A,146.1234393,-31.7283094,2.8889434,0.88940,22.860,1.227,21.992,_
,155.72478,V.180605_1723.S,146.1233616,-31.7282842,5.9999251,3.94215,22.063,0.277,22.781,_
,156.37513,V.180606_0900.A,146.1233408,-31.7283298,3.8430378,1.24942,22.549,0.873,21.978,_
,156.72216,V.180606_1719.S,146.1234158,-31.7282721,5.4534825,3.29236,22.167,0.331,22.707,_
,156.97260,V.180606_2320.C,146.1234212,-31.7282563,5.4043431,2.37917,22.177,0.459,22.301,MOON_BRIGHT
,157.02654,V.180607_0038.C,146.1233547,-31.7283209,7.0610449,3.15844,21.885,0.345,22.382,MOON_BRIGHT
,157.71606,V.180607_1711.S,146.1233901,-31.7282630,9.8488166,6.23676,21.522,0.175,22.769,_
,157.96319,V.180607_2307.C,146.1234277,-31.7282881,5.8351330,2.45580,22.093,0.444,22.305,MOON_BRIGHT
,158.01650,V.180608_0023.C,146.1234032,-31.7282745,6.6579139,2.67997,21.949,0.407,22.276,MOON_BRIGHT
,158.71397,V.180608_1708.S,146.1233740,-31.7283238,7.2062640,2.54271,21.863,0.429,22.033,_
,158.95926,V.180608_2301.C,146.1233310,-31.7283041,7.4133220,4.25530,21.832,0.256,22.642,MOON_BRIGHT
,159.01142,V.180609_0016.C,146.1233939,-31.7283476,4.7930880,1.21913,22.308,0.895,21.714,MOON_BRIGHT
,160.37023,V.180610_0853.A,146.1234047,-31.7283390,3.7045931,1.22250,22.589,0.892,22.000,_
,160.71640,V.180610_1711.S,146.1233613,-31.7283025,4.7813676,1.63636,22.310,0.667,22.099,_
,161.37157,V.180611_0855.A,146.1233925,-31.7283065,4.1733493,1.07799,22.459,1.012,21.711,_
,161.70929,V.180611_1701.S,146.1233151,-31.7283306,5.3825429,3.73154,22.181,0.292,22.834,_
,162.36826,V.180612_0850.A,146.1233769,-31.7283300,6.8399645,2.93126,21.920,0.372,22.320,_
,162.71009,V.180612_1702.S,146.1233673,-31.7283138,7.7668583,4.53824,21.781,0.240,22.652,_
,162.96801,V.180612_2313.C,146.1233860,-31.7283507,7.0959787,2.82462,21.880,0.386,22.168,_
,163.37582,V.180613_0901.A,146.1233176,-31.7283318,-0.299552,-0.0634,-99.999,-99.999,21.536,_
,163.71079,V.180613_1703.S,146.1234053,-31.7283387,5.0967200,2.66575,22.241,0.409,22.597,MOON_BRIGHT
,163.96493,V.180613_2309.C,146.1233394,-31.7282756,4.1411416,2.50054,22.467,0.436,22.661,_
,164.36890,V.180614_0851.A,146.1233985,-31.7283433,-3.273005,-0.7306,-99.999,-99.999,21.597,_
,164.96634,V.180614_2311.C,146.1233150,-31.7283264,6.3544806,3.60732,22.000,0.302,22.676,_
,166.70782,V.180616_1659.S,146.1234055,-31.7282766,10.082982,0.62084,21.496,1.757,20.152,MOON_BRIGHT
,166.97499,V.180616_2323.C,146.1233832,-31.7282531,5.2703323,2.97120,22.204,0.367,22.636,_
,167.97282,V.180617_2320.C,146.1233864,-31.7283415,5.9945119,2.40591,22.064,0.453,22.185,_
,168.97125,V.180618_2318.C,146.1233340,-31.7283195,1.9287743,0.76221,23.301,1.431,22.236,_
,169.37258,V.180619_0856.A,146.1233914,-31.7283100,-1.264480,-0.2705,-99.999,-99.999,21.558,_
,169.96090,V.180619_2303.C,146.1233383,-31.7282562,2.1684654,0.72889,23.173,1.497,21.995,_
,170.70894,V.180620_1700.S,146.1233342,-31.7282933,2.0090599,0.48252,23.256,2.261,21.633,MOON_BRIGHT
,170.95006,V.180620_2248.C,146.1234210,-31.7282882,1.2863608,0.32037,23.743,3.405,21.660,_
,171.37091,V.180621_0854.A,146.1233433,-31.7282750,1.4882918,0.25280,23.584,4.315,21.308,MOON_BRIGHT
,171.95087,V.180621_2249.C,146.1234203,-31.7282825,5.4746603,1.04590,22.163,1.043,21.414,_
,172.36675,V.180622_0848.A,146.1233345,-31.7283041,1.5629535,0.23464,23.530,4.649,21.174,MOON_BRIGHT
,172.70457,V.180622_1654.S,146.1233563,-31.7282678,4.9614176,1.92476,22.270,0.567,22.189,MOON_BRIGHT
,172.95470,V.180622_2254.C,146.1234222,-31.7282652,10.243973,2.45543,21.479,0.444,21.672,_
,173.36652,V.180623_0847.A,146.1234111,-31.7282509,6.0202771,0.91162,22.059,1.197,21.168,MOON_BRIGHT
,173.95063,V.180623_2248.C,146.1234076,-31.7283157,-2.149737,-0.4312,-99.999,-99.999,21.449,_
,174.36257,V.180624_0842.A,146.1233634,-31.7282546,5.2564289,0.74734,22.207,1.460,21.114,MOON_BRIGHT
,174.70569,V.180624_1656.S,146.1234101,-31.7282866,-2.466694,-0.5731,-99.999,-99.999,21.628,MOON_BRIGHT
,174.95198,V.180624_2250.C,146.1233537,-31.7282690,-0.528013,-0.0525,-99.999,-99.999,20.760,MOON_BRIGHT
,175.36105,V.180625_0839.A,146.1234264,-31.7283138,-7.811474,-1.1597,-99.999,-99.999,21.157,MOON_BRIGHT
,175.94808,V.180625_2245.C,146.1233991,-31.7282580,-2.071775,-0.2612,-99.999,-99.999,20.932,MOON_BRIGHT
,176.35656,V.180626_0833.A,146.1234342,-31.7282729,-3.817933,-0.5850,-99.999,-99.999,21.158,MOON_BRIGHT
,176.70402,V.180626_1653.S,146.1234011,-31.7282794,2.8349003,0.56138,22.881,1.943,21.450,_
,176.96451,V.180626_2308.C,146.1233295,-31.7282812,2.4606383,0.66307,23.035,1.645,21.818,MOON_BRIGHT
,177.95238,V.180627_2251.C,146.1233835,-31.7282600,4.1579786,0.91971,22.463,1.186,21.600,MOON_BRIGHT