; SOURCE_NAME : oh_aux1
; SOURCE_RA_DEC	[146.12331, 146.1186771, 146.1211579, 146.1252263, 146.1211737]	[-31.72825, -31.72441639, -31.7266625, -31.72913221, -31.73156611]
; NUMBER_OF_REFERENCES	19
; Nilou Afsari	180627_2251
; OBSDAY2018                     STRTXT     RA_MC(")    DEC_MC(") Flux(uJy)       SNR    MAG_MC MAGERR_MC    LIM_MC   NOTE
    37.46044            I.180207_1103.A  146.1187164  -31.7243741 483.33951   139.970    16.886     0.008    21.922   MOON_BRIGHT
    37.51183            I.180207_1217.A  146.1187287  -31.7243732 478.27084   160.263    16.898     0.007    22.332   MOON_BRIGHT
    37.80334            I.180207_1916.S  -99.9999999  -99.9999999 -99.99999    -99.99   -99.999   -99.999   -99.999   PSF_ERROR_BAD_IMAGE
    38.03954            I.180208_0056.C  146.1187142  -31.7243624 490.29619   117.306    16.871     0.009    21.531   MOON_BRIGHT
    38.07049            I.180208_0141.C  146.1187019  -31.7243577 502.89596   130.101    16.843     0.008    21.723   MOON_BRIGHT
    38.10147            I.180208_0226.C  146.1187051  -31.7243604 496.69516   154.452    16.857     0.007    22.130   MOON_BRIGHT
    38.45677            I.180208_1057.A  146.1187672  -31.7244535 -99.99999    -99.99   -99.999   -99.999    18.823   MOON_BRIGHT
    38.47969            I.180208_1130.A  -99.9999999  -99.9999999 -99.99999    -99.99   -99.999   -99.999   -99.999   PSF_ERROR_BAD_IMAGE
    38.80969            I.180208_1925.S  146.1187184  -31.7243493 455.28120   173.548    16.952     0.006    22.426   _
    39.84104            I.180209_2011.S  146.1187145  -31.7243585 448.37716   138.827    16.968     0.008    21.847   _
    39.89675            I.180209_2131.S  146.1187257  -31.7243650 444.85400   78.4620    16.977     0.014    21.192   _
    40.79208            I.180210_1900.S  146.1187072  -31.7243611 448.92953   141.349    16.967     0.008    21.891   _
    40.87858            I.180210_2105.S  146.1187199  -31.7243478 452.60903   180.336    16.958     0.006    22.522   _
    41.60600            I.180211_1432.A  146.1187110  -31.7243363 495.31479   163.876    16.860     0.007    22.193   MOON_BRIGHT
    41.66684            I.180211_1600.A  146.1187242  -31.7243447 494.06972   168.131    16.862     0.007    22.357   MOON_BRIGHT
    41.72709            I.180211_1727.A  -99.9999999  -99.9999999 -99.99999    -99.99   -99.999   -99.999   -99.999   PSF_ERROR_BAD_IMAGE
    43.60623            I.180213_1432.A  146.1187127  -31.7243490 498.17566   127.153    16.853     0.009    21.873   _
    43.67752            I.180213_1615.A  146.1187159  -31.7243618 488.00924   114.155    16.876     0.010    21.693   MOON_BRIGHT
    43.74204            I.180213_1748.A  146.1187186  -31.7243538 487.77438   150.102    16.876     0.007    21.983   MOON_BRIGHT
    46.43954            I.180216_1032.A  146.1187226  -31.7243695 507.30424   133.851    16.834     0.008    21.692   _
    46.48230            I.180216_1134.A  146.1187143  -31.7243576 486.40834   142.093    16.879     0.008    21.901   _
    46.53323            I.180216_1247.A  146.1187195  -31.7243531 505.29082   146.803    16.838     0.008    21.884   _
    47.44495            I.180217_1040.A  146.1187249  -31.7243495 484.77238   110.490    16.883     0.010    21.443   _
    47.49216            I.180217_1148.A  146.1187229  -31.7243656 514.77738   131.812    16.818     0.008    21.710   _
    48.43516            I.180218_1026.A  146.1187153  -31.7243621 488.97980   109.827    16.874     0.010    21.452   _
    48.43661            I.180218_1028.A  146.1187105  -31.7243527 487.00287   114.432    16.878     0.010    21.454   _
    48.48655            I.180218_1140.A  146.1187040  -31.7243590 517.94171   110.269    16.811     0.010    21.385   _
    48.53730            I.180218_1253.A  146.1187126  -31.7243420 492.31742   145.653    16.866     0.008    22.005   _
    48.56177            I.180218_1328.A  146.1187512  -31.7243815 498.98487   40.8581    16.852     0.027    20.231   _
    48.80425            I.180218_1918.S  146.1187115  -31.7243484 443.35922   130.983    16.981     0.008    21.787   MOON_BRIGHT
    48.83601            I.180218_2003.S  146.1187128  -31.7243615 444.36747   151.606    16.978     0.007    22.038   MOON_BRIGHT
    48.89492            I.180218_2128.S  146.1187140  -31.7243599 445.58150   150.140    16.975     0.007    22.039   _
    49.04366            I.180219_0102.C  146.1187015  -31.7243747 505.60927   124.589    16.837     0.009    21.592   _
    49.10359            I.180219_0229.C  146.1187141  -31.7243583 502.99515   154.036    16.843     0.007    22.065   _
    49.20731            I.180219_0458.C  146.1187182  -31.7243571 506.60560   163.562    16.835     0.007    22.208   _
    49.80008            I.180219_1912.S  146.1187438  -31.7243771 402.43959   51.2585    17.086     0.021    20.768   MOON_BRIGHT
    49.83358            I.180219_2000.S  146.1187164  -31.7243525 449.63126   174.350    16.965     0.006    22.468   MOON_BRIGHT
    49.89115            I.180219_2123.S  146.1187187  -31.7243519 446.54447   176.456    16.973     0.006    22.489   _
    49.96763            I.180219_2313.S  -99.9999999  -99.9999999 -99.99999    -99.99   -99.999   -99.999   -99.999   PSF_ERROR_BAD_IMAGE
    50.03797            I.180220_0054.C  146.1187057  -31.7243651 499.19227   129.994    16.851     0.009    21.700   _
    50.06541            I.180220_0134.C  146.1187115  -31.7243628 500.11758   132.169    16.849     0.008    21.705   _
    50.12022            I.180220_0253.C  146.1187162  -31.7243574 500.60246   144.320    16.848     0.008    21.880   _
    50.23997            I.180220_0545.C  146.1187092  -31.7243551 503.28602   162.502    16.842     0.007    22.282   _
    50.78619            I.180220_1852.S  146.1187152  -31.7243599 455.73062   160.142    16.951     0.007    22.217   MOON_BRIGHT
    50.81304            I.180220_1930.S  146.1187154  -31.7243478 443.15253   166.449    16.981     0.007    22.364   MOON_BRIGHT
    50.86350            I.180220_2043.S  146.1187101  -31.7243774 450.80977   154.190    16.962     0.007    22.113   MOON_BRIGHT
    50.93524            I.180220_2226.S  146.1188850  -31.7245057 475.96412   7.39852    16.903     0.148    18.332   _
    51.04524            I.180221_0105.C  146.1187106  -31.7243543 499.46029   142.730    16.851     0.008    21.881   _
    51.11497            I.180221_0245.C  146.1187000  -31.7243521 481.88660   158.948    16.890     0.007    22.238   _
    51.19660            I.180221_0443.C  146.1187149  -31.7243561 476.65455   168.855    16.902     0.007    22.452   _
    51.26615            I.180221_0623.C  146.1187019  -31.7243630 489.00929   172.286    16.874     0.006    22.654   _
    51.43778            I.180221_1030.A  146.1187171  -31.7243600 528.28840   131.423    16.789     0.008    21.681   _
    51.46888            I.180221_1115.A  146.1187323  -31.7243623 496.81336   89.1722    16.856     0.012    21.219   _
    51.52637            I.180221_1237.A  146.1187160  -31.7243507 477.09950   134.762    16.901     0.008    21.767   _
    51.57615            I.180221_1349.A  146.1187304  -31.7243560 480.94077   163.707    16.892     0.007    22.229   _
    51.63774            I.180221_1518.A  146.1187047  -31.7243515 474.81778   93.5765    16.906     0.012    21.292   _
    51.79156            I.180221_1859.S  146.1187079  -31.7243600 448.08745   152.725    16.969     0.007    22.107   MOON_BRIGHT
    51.79516            I.180221_1905.S  146.1187107  -31.7243538 450.85021   168.272    16.962     0.007    22.297   MOON_BRIGHT
    51.82594            I.180221_1949.S  146.1187148  -31.7243493 449.64970   159.229    16.965     0.007    22.177   MOON_BRIGHT
    53.04594            I.180223_0106.C  146.1187131  -31.7243560 503.14176   125.464    16.843     0.009    21.607   _
    53.09837            I.180223_0221.C  146.1187116  -31.7243574 498.57533   141.458    16.853     0.008    21.905   _
    53.18498            I.180223_0426.C  146.1187103  -31.7243555 477.93559   165.368    16.899     0.007    22.405   _
    53.24750            I.180223_0556.C  146.1187086  -31.7243610 499.30632   178.697    16.851     0.006    22.637   _
    53.82656            I.180223_1950.S  146.1187232  -31.7243658 443.24350   144.871    16.981     0.008    21.955   MOON_BRIGHT
    53.88609            I.180223_2115.S  146.1187377  -31.7243768 450.44302   37.7178    16.963     0.029    20.215   MOON_BRIGHT
    53.96771            I.180223_2313.S  146.1187209  -31.7243482 444.74732   135.841    16.977     0.008    21.843   MOON_BRIGHT
    54.04028            I.180224_0058.S  146.1187136  -31.7243571 448.56485   95.9128    16.968     0.011    21.330   MOON_BRIGHT
    55.05976            I.180225_0126.C  146.1187091  -31.7243649 483.08026   170.928    16.887     0.007    22.485   _
    55.11172            I.180225_0240.C  146.1187026  -31.7243632 477.54402   176.201    16.900     0.006    22.578   _
    55.19809            I.180225_0445.C  146.1187053  -31.7243545 463.92378   180.304    16.931     0.006    22.798   _
    55.26642            I.180225_0623.C  146.1187096  -31.7243548 461.56809   163.521    16.937     0.007    22.549   _
    55.78316            I.180225_1847.S  146.1187155  -31.7243485 449.27167   154.128    16.966     0.007    22.047   MOON_BRIGHT
    55.81471            I.180225_1933.S  146.1187167  -31.7243468 448.23716   136.567    16.969     0.008    21.873   MOON_BRIGHT
    55.86957            I.180225_2052.S  146.1187168  -31.7243569 443.03587   167.349    16.981     0.007    22.299   MOON_BRIGHT
    55.94465            I.180225_2240.S  146.1187184  -31.7243559 441.28359   140.456    16.986     0.008    21.917   MOON_BRIGHT
    56.01722            I.180226_0024.S  146.1187320  -31.7243516 447.72305   126.975    16.970     0.009    21.744   MOON_BRIGHT
    57.04773            I.180227_0108.C  146.1187130  -31.7243532 493.08553   142.283    16.865     0.008    21.834   _
    57.10403            I.180227_0229.C  146.1187073  -31.7243549 505.90695   153.804    16.837     0.007    21.986   _
    57.18135            I.180227_0421.C  146.1187126  -31.7243538 508.86082   163.048    16.830     0.007    22.115   _
    57.24961            I.180227_0559.C  146.1187136  -31.7243539 503.99774   161.541    16.841     0.007    22.158   _
    57.43161            I.180227_1021.A  146.1187094  -31.7243623 502.35388   130.129    16.844     0.008    21.711   MOON_BRIGHT
    57.50106            I.180227_1201.A  146.1187201  -31.7243658 484.67365   115.543    16.883     0.010    21.539   MOON_BRIGHT
    57.58821            I.180227_1407.A  146.1187168  -31.7243636 484.89432   119.552    16.883     0.009    21.545   _
    57.66213            I.180227_1553.A  146.1187276  -31.7243546 472.82120   78.8603    16.910     0.014    20.976   _
    57.78742            I.180227_1853.S  146.1187042  -31.7243497 432.10700   160.883    17.009     0.007    22.339   MOON_BRIGHT
    57.81522            I.180227_1933.S  146.1187111  -31.7243585 450.65571   170.418    16.963     0.006    22.342   MOON_BRIGHT
    57.86940            I.180227_2051.S  146.1187158  -31.7243569 449.77092   169.399    16.965     0.007    22.285   MOON_BRIGHT
    57.94992            I.180227_2247.S  146.1187122  -31.7243517 457.22581   170.506    16.947     0.006    22.334   MOON_BRIGHT
    58.02462            I.180228_0035.S  146.1187269  -31.7243580 452.74452   112.703    16.958     0.010    21.519   MOON_BRIGHT
    59.44817            I.180301_1045.A  146.1187113  -31.7243586 484.98325   111.658    16.883     0.010    21.439   MOON_BRIGHT
    59.51029            I.180301_1214.A  146.1187228  -31.7243577 484.23028   113.416    16.884     0.010    21.475   MOON_BRIGHT
    59.58744            I.180301_1405.A  146.1187168  -31.7243541 494.48694   91.2000    16.862     0.012    21.133   MOON_BRIGHT
    59.65994            I.180301_1550.A  146.1187335  -31.7243129 540.62356   89.4798    16.764     0.012    20.964   _
    59.77646            I.180301_1838.S  146.1187139  -31.7243740 441.21774   79.9995    16.986     0.014    21.131   _
    59.82806            I.180301_1952.S  146.1187147  -31.7243600 450.49421   96.7557    16.963     0.011    21.313   _
    61.03469            I.180303_0049.C  146.1187121  -31.7243542 512.63709   148.941    16.822     0.007    21.931   MOON_BRIGHT
    61.09194            I.180303_0212.C  146.1187082  -31.7243572 492.86046   152.002    16.865     0.007    22.002   _
    61.16089            I.180303_0351.C  146.1187060  -31.7243528 500.75501   163.433    16.848     0.007    22.204   _
    61.23326            I.180303_0535.C  146.1187109  -31.7243490 491.81462   156.212    16.867     0.007    22.120   _
    61.77703            I.180303_1838.S  146.1187129  -31.7243576 458.08715   157.586    16.945     0.007    22.095   _
    61.81515            I.180303_1933.S  146.1187103  -31.7243553 449.48109   162.419    16.966     0.007    22.158   _
    61.86729            I.180303_2048.S  146.1187139  -31.7243583 443.72923   147.104    16.980     0.008    22.012   _
    61.94243            I.180303_2237.S  146.1187147  -31.7243619 446.36982   156.314    16.973     0.007    22.169   MOON_BRIGHT
    62.02962            I.180304_0042.S  146.1187141  -31.7243555 451.06297   139.751    16.962     0.008    21.888   MOON_BRIGHT
    63.04073            I.180305_0058.C  146.1187099  -31.7243628 503.51761   176.143    16.842     0.006    22.429   MOON_BRIGHT
    63.10831            I.180305_0235.C  146.1187038  -31.7243591 486.40004   175.038    16.880     0.006    22.488   MOON_BRIGHT
    63.17895            I.180305_0417.C  146.1187165  -31.7243509 502.07367   174.155    16.845     0.006    22.367   _
    63.25439            I.180305_0606.C  146.1187025  -31.7243611 467.63908   121.363    16.922     0.009    21.907   _
    63.78750            I.180305_1854.S  146.1187125  -31.7243475 458.05785   147.359    16.945     0.008    22.016   _
    63.81709            I.180305_1936.S  146.1187039  -31.7243531 462.56553   159.062    16.934     0.007    22.288   _
    63.87258            I.180305_2056.S  146.1187061  -31.7243486 450.25078   168.124    16.964     0.007    22.314   _
    63.94794            I.180305_2245.S  146.1187142  -31.7243479 453.87768   166.232    16.955     0.007    22.278   MOON_BRIGHT
    64.01979            I.180306_0028.S  146.1187260  -31.7243458 448.71302   113.816    16.967     0.010    21.546   MOON_BRIGHT
    65.03171            I.180307_0045.C  -99.9999999  -99.9999999 -99.99999    -99.99   -99.999   -99.999   -99.999   PSF_ERROR_BAD_IMAGE
    65.08079            I.180307_0156.C  146.1187214  -31.7243642 492.23327   166.397    16.866     0.007    22.279   MOON_BRIGHT
    65.17542            I.180307_0412.C  146.1187091  -31.7243587 496.00829   176.634    16.858     0.006    22.453   MOON_BRIGHT
    65.24186            I.180307_0548.C  146.1187306  -31.7243573 481.56805   158.285    16.890     0.007    22.248   MOON_BRIGHT
    65.77046            I.180307_1829.S  146.1187176  -31.7243589 449.10456   153.316    16.967     0.007    22.080   _
    65.80269            I.180307_1915.S  146.1187156  -31.7243556 443.60089   161.109    16.980     0.007    22.160   _
    65.85681            I.180307_2033.S  146.1187191  -31.7243552 440.70295   172.020    16.987     0.006    22.368   _
    67.65347            I.180309_1541.A  146.1187161  -31.7243549 485.17505   140.971    16.882     0.008    21.851   MOON_BRIGHT
    69.02450            I.180311_0035.C  146.1187132  -31.7243562 514.33147   169.269    16.819     0.007    22.250   MOON_BRIGHT
    69.07741            I.180311_0151.C  146.1187047  -31.7243563 492.96946   166.101    16.865     0.007    22.221   MOON_BRIGHT
    69.15093            I.180311_0337.C  146.1187142  -31.7243608 495.10994   182.854    16.860     0.006    22.607   MOON_BRIGHT
    69.22334            I.180311_0521.C  146.1187176  -31.7243563 494.60075   178.557    16.861     0.006    22.488   MOON_BRIGHT
    69.42220            I.180311_1007.A  146.1186974  -31.7243523 502.97994   161.899    16.843     0.007    22.175   _
    69.47234            I.180311_1120.A  146.1187122  -31.7243573 482.31051   168.281    16.889     0.007    22.407   _
    69.52257            I.180311_1232.A  146.1187164  -31.7243427 498.45104   156.600    16.853     0.007    22.247   MOON_BRIGHT
    69.57311            I.180311_1345.A  146.1187287  -31.7243327 485.38097   175.093    16.882     0.006    22.546   MOON_BRIGHT
    69.63681            I.180311_1517.A  146.1187254  -31.7243478 492.65470   175.101    16.866     0.006    22.454   MOON_BRIGHT
    69.77181            I.180311_1831.S  146.1187159  -31.7243521 451.17213   163.359    16.962     0.007    22.197   _
    69.81705            I.180311_1936.S  146.1187123  -31.7243516 450.03990   141.128    16.964     0.008    22.158   _
    69.88015            I.180311_2107.S  146.1187306  -31.7243658 452.25132   75.1180    16.959     0.015    21.128   _
    69.94706            I.180311_2243.S  146.1187225  -31.7243424 511.06081   161.549    16.826     0.007    22.185   _
    69.95012            I.180311_2248.S  146.1187275  -31.7243547 457.13151   184.437    16.947     0.006    22.635   _
    71.02716            I.180313_0039.C  146.1187121  -31.7243581 509.67917   179.747    16.828     0.006    22.453   MOON_BRIGHT
    71.07683            I.180313_0150.C  146.1187166  -31.7243637 490.76205   172.838    16.870     0.006    22.408   MOON_BRIGHT
    71.14553            I.180313_0329.C  146.1187057  -31.7243489 482.11638   170.129    16.889     0.007    22.449   MOON_BRIGHT
    71.21046            I.180313_0503.C  146.1187177  -31.7243623 503.82997   177.784    16.841     0.006    22.446   MOON_BRIGHT
    73.02670            I.180315_0038.C  146.1187072  -31.7243654 490.25068   174.328    16.871     0.006    22.456   MOON_BRIGHT
    73.07650            I.180315_0150.C  146.1187170  -31.7243629 495.44132   184.163    16.859     0.006    22.599   MOON_BRIGHT
    73.14493            I.180315_0328.C  146.1187101  -31.7243606 503.27379   184.588    16.842     0.006    22.669   MOON_BRIGHT
    73.20774            I.180315_0459.C  146.1187201  -31.7243613 494.75957   178.857    16.861     0.006    22.576   MOON_BRIGHT
    73.43215            I.180315_1022.A  146.1187086  -31.7243613 489.53342   156.494    16.872     0.007    22.216   _
    73.48568            I.180315_1139.A  146.1187190  -31.7243513 477.94893   138.138    16.899     0.008    21.877   _
    73.53469            I.180315_1249.A  146.1187196  -31.7243415 485.14819   167.715    16.882     0.007    22.336   _
    73.60300            I.180315_1428.A  146.1187287  -31.7243303 495.99348   158.418    16.858     0.007    22.248   _
    73.77824            I.180315_1840.S  146.1188529  -31.7245018 432.89479   5.33199    17.007     0.205    18.046   _
    75.02072            I.180317_0029.C  146.1187151  -31.7243629 500.34337   168.531    16.849     0.007    22.269   _
    75.07258            I.180317_0144.C  146.1187088  -31.7243552 496.79233   177.565    16.856     0.006    22.459   _
    75.14360            I.180317_0326.C  146.1187190  -31.7243569 497.18219   184.932    16.856     0.006    22.685   MOON_BRIGHT
    75.21039            I.180317_0502.C  146.1187177  -31.7243588 494.04115   181.413    16.862     0.006    22.724   MOON_BRIGHT
    75.41549            I.180317_0958.A  146.1187271  -31.7243758 514.07424   145.566    16.819     0.008    21.902   _
    75.46576            I.180317_1110.A  146.1187063  -31.7243508 496.13116   155.949    16.858     0.007    22.179   _
    75.51970            I.180317_1228.A  146.1187071  -31.7243009 501.82404   160.278    16.845     0.007    22.226   _
    75.58837            I.180317_1407.A  146.1187222  -31.7243575 491.59088   172.677    16.868     0.006    22.452   _
    75.76890            I.180317_1827.S  146.1187174  -31.7243542 448.99363   179.026    16.967     0.006    22.495   MOON_BRIGHT
    75.83707            I.180317_2005.S  146.1187194  -31.7243602 464.53945   190.297    16.930     0.006    22.665   _
    75.90714            I.180317_2146.S  146.1187256  -31.7243531 441.69859   165.384    16.985     0.007    22.294   _
    75.97568            I.180317_2324.S  146.1187200  -31.7243540 450.93584   142.703    16.962     0.008    21.924   _
    76.40822            I.180318_0947.A  146.1187067  -31.7243547 484.78415   148.234    16.883     0.007    22.029   _
    76.46154            I.180318_1104.A  146.1187103  -31.7243588 489.82450   156.055    16.872     0.007    22.100   _
    76.51090            I.180318_1215.A  146.1187169  -31.7243507 481.28806   150.771    16.891     0.007    22.012   _
    76.58264            I.180318_1359.A  146.1187234  -31.7243323 487.22696   164.699    16.878     0.007    22.385   _
    76.76696            I.180318_1824.S  146.1187075  -31.7243592 449.76402   187.220    16.965     0.006    22.666   MOON_BRIGHT
    76.82735            I.180318_1951.S  146.1187138  -31.7243544 452.45287   196.318    16.958     0.006    22.805   _
    76.89203            I.180318_2124.S  146.1187121  -31.7243610 454.65265   193.478    16.953     0.006    22.805   _
    76.96273            I.180318_2306.S  146.1187184  -31.7243551 447.88586   191.611    16.969     0.006    22.801   _
    76.96587            I.180318_2310.S  146.1187216  -31.7243610 445.50567   192.851    16.975     0.006    22.805   _
    77.15853            I.180319_0348.C  146.1187079  -31.7243567 492.80050   181.053    16.865     0.006    22.572   _
    77.22672            I.180319_0526.C  146.1187188  -31.7243590 501.90667   181.586    16.845     0.006    22.560   MOON_BRIGHT
    77.41887            I.180319_1003.A  146.1187006  -31.7243606 489.60788   147.491    16.872     0.008    21.956   _
    77.47322            I.180319_1121.A  146.1187158  -31.7243562 483.45181   162.863    16.886     0.007    22.180   _
    77.52417            I.180319_1234.A  146.1187172  -31.7243540 481.74054   122.293    16.890     0.009    21.589   _
    77.59492            I.180319_1416.A  146.1187261  -31.7243326 500.00153   145.947    16.849     0.008    21.894   _
    77.76491            I.180319_1821.S  146.1187127  -31.7243621 453.20458   182.276    16.957     0.006    22.509   MOON_BRIGHT
    77.83122            I.180319_1956.S  146.1187178  -31.7243642 450.85919   190.942    16.962     0.006    22.720   _
    77.90615            I.180319_2144.S  146.1187169  -31.7243611 455.87169   195.602    16.950     0.006    22.796   _
    77.97028            I.180319_2317.S  146.1187223  -31.7243540 449.87387   187.168    16.965     0.006    22.609   _
    78.15174            I.180320_0338.C  146.1187152  -31.7243667 491.18860   179.847    16.869     0.006    22.575   _
    78.22421            I.180320_0522.C  146.1187114  -31.7243598 498.23279   174.869    16.853     0.006    22.449   MOON_BRIGHT
    78.41867            I.180320_1002.A  146.1187284  -31.7243659 481.88390   85.3736    16.890     0.013    21.122   _
    78.42419            I.180320_1010.A  146.1187158  -31.7243619 481.30428   77.7797    16.891     0.014    21.044   _
    78.47330            I.180320_1121.A  146.1187184  -31.7243540 518.92104   144.426    16.809     0.008    21.939   _
    78.52251            I.180320_1232.A  146.1187074  -31.7243527 483.87642   154.007    16.885     0.007    22.097   _
    78.76340            I.180320_1819.S  -99.9999999  -99.9999999 -99.99999    -99.99   -99.999   -99.999   -99.999   PSF_ERROR_BAD_IMAGE
    78.82112            I.180320_1942.S  -99.9999999  -99.9999999 -99.99999    -99.99   -99.999   -99.999   -99.999   PSF_ERROR_BAD_IMAGE
    79.14208            I.180321_0324.C  146.1187196  -31.7243611 489.29737   178.379    16.873     0.006    22.504   _
    79.21968            I.180321_0516.C  146.1187175  -31.7243548 492.99145   172.103    16.865     0.006    22.387   _
    79.76309            I.180321_1818.S  146.1187120  -31.7243483 444.47600   168.857    16.978     0.007    22.343   MOON_BRIGHT
    79.82043            I.180321_1941.S  146.1187235  -31.7243514 456.60664   163.805    16.948     0.007    22.196   MOON_BRIGHT
    79.87860            I.180321_2105.S  146.1187306  -31.7243580 441.31239   154.953    16.986     0.007    22.162   _
    80.12862            I.180322_0305.C  146.1187137  -31.7243586 488.12331   180.263    16.876     0.006    22.594   _
    80.19148            I.180322_0435.C  146.1186978  -31.7243641 447.42884   159.121    16.971     0.007    22.614   _
    81.11997            I.180323_0252.C  146.1187166  -31.7243527 502.45913   182.033    16.844     0.006    22.492   _
    81.18488            I.180323_0426.C  146.1187000  -31.7243412 466.29122   179.172    16.926     0.006    22.781   _
    81.40958            I.180323_0949.A  146.1187016  -31.7243474 508.60805   150.078    16.831     0.007    21.971   _
    81.46175            I.180323_1104.A  146.1187201  -31.7243508 489.70787   151.457    16.872     0.007    22.040   _
    81.51186            I.180323_1217.A  146.1187083  -31.7243558 482.40446   130.972    16.888     0.008    21.809   _
    81.60918            I.180323_1437.A  146.1187073  -31.7243499 471.28817   102.414    16.914     0.011    21.370   _
    81.76556            I.180323_1822.S  146.1187180  -31.7243560 451.89882   184.833    16.960     0.006    22.657   MOON_BRIGHT
    81.82414            I.180323_1946.S  146.1187199  -31.7243569 470.80967   189.806    16.915     0.006    22.693   MOON_BRIGHT
    83.02270            I.180325_0032.C  146.1187077  -31.7243615 490.20216   173.963    16.871     0.006    22.460   _
    83.07492            I.180325_0147.C  146.1187155  -31.7243595 496.17280   178.791    16.858     0.006    22.507   _
    83.14469            I.180325_0328.C  146.1187118  -31.7243493 490.36294   173.569    16.871     0.006    22.449   _
    83.21641            I.180325_0511.C  146.1187129  -31.7243488 505.23266   168.997    16.838     0.007    22.273   _
    83.76303            I.180325_1818.S  146.1187174  -31.7243540 445.70026   152.845    16.975     0.007    22.066   MOON_BRIGHT
    83.81656            I.180325_1935.S  146.1187196  -31.7243553 452.00668   151.355    16.960     0.007    22.005   MOON_BRIGHT
    83.88465            I.180325_2113.S  146.1187168  -31.7243530 444.63235   143.970    16.977     0.008    21.956   MOON_BRIGHT
    83.95075            I.180325_2249.S  146.1187208  -31.7243510 445.05249   165.775    16.976     0.007    22.241   MOON_BRIGHT
    85.45312            I.180327_1052.A  146.1187148  -31.7243586 488.50770   141.124    16.875     0.008    21.879   MOON_BRIGHT
    85.50780            I.180327_1211.A  146.1187165  -31.7243569 480.96452   124.751    16.892     0.009    21.655   _
    85.76317            I.180327_1818.S  146.1187084  -31.7243622 452.92470   141.559    16.957     0.008    21.908   MOON_BRIGHT
    85.83697            I.180327_2005.S  146.1187140  -31.7243551 444.13407   178.201    16.979     0.006    22.519   MOON_BRIGHT
    85.92402            I.180327_2210.S  146.1187154  -31.7243560 439.96164   176.826    16.989     0.006    22.458   MOON_BRIGHT
    87.00539            I.180329_0007.C  146.1186900  -31.7243687 462.60220   153.764    16.934     0.007    22.226   _
    87.07632            I.180329_0149.C  146.1186983  -31.7243547 477.55278   154.406    16.900     0.007    22.173   _
    87.14295            I.180329_0325.C  146.1187107  -31.7243587 492.11711   162.673    16.867     0.007    22.258   _
    87.20856            I.180329_0500.C  146.1187175  -31.7243417 530.96426   120.713    16.784     0.009    21.652   _
    87.39797            I.180329_0933.A  146.1187181  -31.7243563 515.66919   124.040    16.816     0.009    21.538   MOON_BRIGHT
    87.45351            I.180329_1053.A  146.1187098  -31.7243436 481.46935   126.076    16.891     0.009    21.677   MOON_BRIGHT
    87.50753            I.180329_1210.A  146.1187222  -31.7243120 480.36785   134.297    16.893     0.008    21.820   MOON_BRIGHT
    87.58059            I.180329_1356.A  146.1187183  -31.7243139 499.11297   137.141    16.851     0.008    21.787   MOON_BRIGHT
    89.01236            I.180331_0017.C  146.1187034  -31.7243583 506.97415   144.631    16.834     0.008    21.878   MOON_BRIGHT
    89.08034            I.180331_0155.C  146.1187012  -31.7243546 490.91998   157.960    16.869     0.007    22.177   _
    89.16172            I.180331_0352.C  -99.9999999  -99.9999999 -99.99999    -99.99   -99.999   -99.999   -99.999   PSF_ERROR_BAD_IMAGE
    89.16804            I.180331_0401.C  146.1186938  -31.7243536 477.03141   147.375    16.901     0.008    22.044   _
    89.41193            I.180331_0953.A  146.1187203  -31.7243669 485.68742   89.1977    16.881     0.012    21.133   MOON_BRIGHT
    89.46992            I.180331_1116.A  146.1187100  -31.7243531 490.95188   114.163    16.869     0.010    21.510   MOON_BRIGHT
    89.52021            I.180331_1229.A  146.1187206  -31.7243514 503.04488   124.024    16.843     0.009    21.584   MOON_BRIGHT
    89.59464            I.180331_1416.A  146.1187043  -31.7243726 488.23301   76.9799    16.875     0.014    20.947   MOON_BRIGHT
    89.85365            I.180331_2029.S  146.1187165  -31.7243559 450.22179   136.209    16.964     0.008    21.859   MOON_BRIGHT
    91.00125            I.180402_0001.C  146.1187141  -31.7243572 500.36548   159.191    16.849     0.007    22.120   MOON_BRIGHT
    91.07334            I.180402_0145.C  146.1187080  -31.7243584 493.14252   162.106    16.864     0.007    22.177   MOON_BRIGHT
    91.14071            I.180402_0322.C  146.1187145  -31.7243587 492.49468   161.708    16.866     0.007    22.156   _
    91.19461            I.180402_0440.C  146.1187142  -31.7243532 500.78876   154.044    16.848     0.007    22.117   _
    91.40212            I.180402_0939.A  146.1187127  -31.7243572 501.21934   145.738    16.847     0.008    21.931   MOON_BRIGHT
    91.83975            I.180402_2009.S  146.1187167  -31.7243542 447.81657   171.204    16.970     0.006    22.309   _
    91.90436            I.180402_2142.S  146.1187194  -31.7243556 443.24778   142.852    16.981     0.008    21.915   MOON_BRIGHT
    93.00497            I.180404_0007.C  146.1187082  -31.7243575 489.72961   164.867    16.872     0.007    22.273   MOON_BRIGHT
    93.08041            I.180404_0155.C  146.1187107  -31.7243570 507.27236   176.231    16.834     0.006    22.456   MOON_BRIGHT
    93.16502            I.180404_0357.C  146.1187165  -31.7243573 489.57106   175.879    16.872     0.006    22.613   MOON_BRIGHT
    93.39743            I.180404_0932.A  146.1187178  -31.7243564 503.01219   155.059    16.843     0.007    22.108   MOON_BRIGHT
    93.44834            I.180404_1045.A  146.1187144  -31.7243558 505.25603   163.413    16.838     0.007    22.282   MOON_BRIGHT
    93.47834            I.180404_1128.A  146.1187166  -31.7243536 498.61483   169.903    16.852     0.007    22.416   MOON_BRIGHT
    93.54266            I.180404_1301.A  146.1187171  -31.7243540 490.30068   153.059    16.871     0.007    22.040   MOON_BRIGHT
    93.59797            I.180404_1421.A  146.1187074  -31.7243598 489.55938   153.817    16.872     0.007    22.097   MOON_BRIGHT
    93.82521            I.180404_1948.S  146.1187182  -31.7243650 450.78771   192.300    16.962     0.006    22.903   _
    93.89961            I.180404_2135.S  146.1187060  -31.7243568 448.90905   161.618    16.967     0.007    22.369   _
    94.99604            I.180405_2354.C  146.1187170  -31.7243560 491.82230   141.207    16.867     0.008    21.881   MOON_BRIGHT
    95.06850            I.180406_0138.C  146.1187156  -31.7243582 495.15872   153.912    16.860     0.007    22.017   MOON_BRIGHT
    95.39574            I.180406_0929.A  146.1187163  -31.7243486 504.69764   139.906    16.839     0.008    21.884   MOON_BRIGHT
    95.47179            I.180406_1119.A  146.1187175  -31.7243459 497.32400   171.630    16.855     0.006    22.429   MOON_BRIGHT
    95.53450            I.180406_1249.A  146.1187174  -31.7243511 487.15364   155.141    16.878     0.007    22.093   MOON_BRIGHT
    95.75398            I.180406_1805.S  146.1187166  -31.7243579 446.10590   164.561    16.974     0.007    22.185   _
    95.82314            I.180406_1945.S  146.1187222  -31.7243523 456.97757   183.183    16.948     0.006    22.571   _
    95.89583            I.180406_2130.S  146.1187200  -31.7243614 453.79840   189.058    16.955     0.006    22.692   _
    96.99671            I.180407_2355.C  146.1187154  -31.7243571 494.83117   162.087    16.861     0.007    22.138   MOON_BRIGHT
    97.07418            I.180408_0146.C  146.1187165  -31.7243552 503.03696   171.367    16.843     0.006    22.367   MOON_BRIGHT
    97.14017            I.180408_0321.C  146.1186993  -31.7243525 477.69192   165.647    16.899     0.007    22.399   MOON_BRIGHT
    97.39318            I.180408_0926.A  146.1187646  -31.7243872 451.02429   42.1633    16.962     0.026    20.356   _
    97.47537            I.180408_1124.A  146.1187178  -31.7243429 492.71786   160.854    16.865     0.007    22.183   MOON_BRIGHT
    97.53826            I.180408_1255.A  146.1187167  -31.7243559 498.61348   169.268    16.852     0.007    22.322   MOON_BRIGHT
    97.74344            I.180408_1750.S  146.1186956  -31.7243399 470.66544   148.581    16.915     0.007    22.216   _
    97.81425            I.180408_1932.S  146.1187181  -31.7243282 456.02727   181.950    16.950     0.006    22.740   _
    97.87862            I.180408_2105.S  146.1187330  -31.7243219 418.34554   135.637    17.044     0.008    22.375   _
    98.99995            I.180409_2359.C  146.1187173  -31.7243563 493.16248   150.346    16.864     0.007    21.982   MOON_BRIGHT
    99.07139            I.180410_0142.C  146.1187114  -31.7243615 502.32270   155.198    16.844     0.007    22.168   MOON_BRIGHT
    99.13251            I.180410_0310.C  146.1186879  -31.7243497 488.28405   106.099    16.875     0.010    21.729   MOON_BRIGHT
    99.75712            I.180410_1810.S  146.1187117  -31.7243562 446.99793   166.857    16.972     0.007    22.274   _
   101.00214            I.180412_0003.C  146.1187240  -31.7243531 493.33380   160.628    16.864     0.007    22.130   MOON_BRIGHT
   101.08016            I.180412_0155.C  -99.9999999  -99.9999999 -99.99999    -99.99   -99.999   -99.999   -99.999   PSF_ERROR_BAD_IMAGE
   101.14197            I.180412_0324.C  146.1187294  -31.7243478 476.61601   140.375    16.902     0.008    22.168   MOON_BRIGHT
   101.39230            I.180412_0924.A  146.1187146  -31.7243537 484.93799   152.620    16.883     0.007    22.194   _
   101.46493            I.180412_1109.A  146.1187207  -31.7243505 483.23519   166.129    16.887     0.007    22.253   _
   101.52706            I.180412_1238.A  146.1187186  -31.7243440 492.43113   173.580    16.866     0.006    22.453   _
   101.75788            I.180412_1811.S  146.1187134  -31.7243550 446.19805   177.195    16.974     0.006    22.606   _
   103.01515            I.180414_0021.C  146.1187144  -31.7243596 503.19999   167.702    16.842     0.007    22.284   _
   103.07903            I.180414_0153.C  146.1187110  -31.7243559 486.22345   178.351    16.880     0.006    22.505   MOON_BRIGHT
   103.14196            I.180414_0324.C  146.1187142  -31.7243508 477.41885   155.869    16.900     0.007    22.308   MOON_BRIGHT
   103.41003            I.180414_0950.A  146.1187122  -31.7243582 483.52562   143.246    16.886     0.008    21.954   _
   103.47713            I.180414_1127.A  146.1187170  -31.7243536 485.07191   124.964    16.882     0.009    21.811   _
   103.54185            I.180414_1300.A  146.1187149  -31.7243507 496.18234   148.357    16.858     0.007    22.039   _
   103.75815            I.180414_1811.S  146.1187169  -31.7243555 483.21212   171.521    16.887     0.006    22.338   _
   103.82248            I.180414_1944.S  146.1187295  -31.7243574 443.01094   183.518    16.981     0.006    22.650   _
   103.88942            I.180414_2120.S  146.1187218  -31.7243531 447.13347   185.003    16.971     0.006    22.744   _
   103.99351            I.180414_2350.C  146.1187071  -31.7243591 494.01013   177.936    16.863     0.006    22.477   _
   104.06426            I.180415_0132.C  146.1187167  -31.7243582 503.86772   171.072    16.841     0.006    22.296   _
   104.13278            I.180415_0311.C  146.1187158  -31.7243572 517.77744   161.190    16.811     0.007    22.140   MOON_BRIGHT
   104.40958            I.180415_0949.A  146.1187116  -31.7243559 486.54789   175.093    16.879     0.006    22.532   _
   104.47352            I.180415_1121.A  146.1187146  -31.7243523 501.35749   169.605    16.846     0.007    22.338   _
   104.53950            I.180415_1256.A  146.1187188  -31.7243419 479.43505   173.247    16.895     0.006    22.623   _
   104.75616            I.180415_1808.S  -99.9999999  -99.9999999 -99.99999    -99.99   -99.999   -99.999   -99.999   PSF_ERROR_BAD_IMAGE
   104.84066            I.180415_2010.S  146.1187259  -31.7243529 445.45639   185.408    16.975     0.006    22.719   _
   104.90314            I.180415_2140.S  146.1187293  -31.7243584 445.19227   168.779    16.976     0.007    22.431   _
   105.01610            I.180416_0023.C  146.1187158  -31.7243633 489.35886   163.574    16.873     0.007    22.215   _
   105.09655            I.180416_0219.C  146.1187222  -31.7243612 501.68532   144.634    16.846     0.008    21.906   _
   106.00647            I.180417_0009.C  146.1187116  -31.7243540 489.60717   131.987    16.872     0.008    21.944   _
   106.07098            I.180417_0142.C  146.1187196  -31.7243538 496.95473   157.667    16.856     0.007    22.212   _
   106.13777            I.180417_0318.C  146.1187222  -31.7243484 500.18881   166.854    16.849     0.007    22.252   _
   106.40514            I.180417_0943.A  146.1187177  -31.7243595 484.74896   135.835    16.883     0.008    21.768   _
   106.47194            I.180417_1119.A  146.1187155  -31.7243555 485.62333   171.917    16.881     0.006    22.400   _
   106.53419            I.180417_1249.A  146.1187178  -31.7243496 497.73719   176.683    16.854     0.006    22.464   _
   106.83525            I.180417_2002.S  146.1187147  -31.7243584 446.70096   141.339    16.972     0.008    22.321   _
   106.90215            I.180417_2139.S  146.1187231  -31.7243542 445.58221   184.290    16.975     0.006    22.710   _
   107.01830            I.180418_0026.C  146.1187122  -31.7243616 485.14132   132.963    16.882     0.008    21.729   _
   107.08432            I.180418_0201.C  146.1187214  -31.7243565 483.66526   111.759    16.886     0.010    21.515   _
   108.00840            I.180419_0012.C  146.1187131  -31.7243624 498.04170   165.447    16.854     0.007    22.197   _
   108.07669            I.180419_0150.C  146.1187040  -31.7243630 500.99116   170.176    16.847     0.007    22.350   _
   108.13756            I.180419_0318.C  146.1186948  -31.7243490 478.00186   144.435    16.899     0.008    22.063   _
   108.75250            I.180419_1803.S  146.1187158  -31.7243591 447.53806   174.250    16.970     0.006    22.368   MOON_BRIGHT
   108.81704            I.180419_1936.S  146.1187196  -31.7243555 446.25659   172.725    16.973     0.006    22.359   MOON_BRIGHT
   108.89046            I.180419_2122.S  146.1187226  -31.7243555 449.04742   178.957    16.967     0.006    22.511   MOON_BRIGHT
   109.01038            I.180420_0014.C  146.1187170  -31.7243580 493.71459   176.701    16.863     0.006    22.489   _
   109.07743            I.180420_0151.C  146.1187029  -31.7243535 494.17575   163.822    16.862     0.007    22.304   _
   109.14132            I.180420_0323.C  146.1186857  -31.7243422 517.53787   127.610    16.812     0.009    21.821   _
   109.40529            I.180420_0943.A  146.1187155  -31.7243438 495.77041   159.903    16.859     0.007    22.269   _
   109.47534            I.180420_1124.A  146.1187276  -31.7243347 488.25474   171.620    16.875     0.006    22.489   _
   109.53797            I.180420_1254.A  146.1187297  -31.7243493 488.50591   172.369    16.875     0.006    22.512   _
   109.74968            I.180420_1759.S  146.1187179  -31.7243590 443.64825   191.924    16.980     0.006    22.812   MOON_BRIGHT
   109.82995            I.180420_1955.S  146.1187202  -31.7243563 445.84175   185.827    16.974     0.006    22.601   MOON_BRIGHT
   109.88830            I.180420_2119.S  146.1187196  -31.7243610 449.98095   189.810    16.964     0.006    22.779   MOON_BRIGHT
   110.00484            I.180421_0006.C  146.1187127  -31.7243638 489.99072   179.942    16.871     0.006    22.597   _
   110.07230            I.180421_0144.C  146.1187084  -31.7243517 503.00388   177.515    16.843     0.006    22.545   _
   110.14265            I.180421_0325.C  146.1187006  -31.7243486 475.91074   142.680    16.903     0.008    22.157   _
   110.41250            I.180421_0954.A  146.1187153  -31.7243540 499.82760   127.073    16.850     0.009    21.795   _
   110.48147            I.180421_1133.A  146.1187162  -31.7243509 482.55286   158.008    16.888     0.007    22.158   _
   110.75587            I.180421_1808.S  146.1187161  -31.7243610 457.47233   188.904    16.946     0.006    22.678   MOON_BRIGHT
   110.82910            I.180421_1953.S  146.1187168  -31.7243577 446.55882   193.978    16.973     0.006    22.977   MOON_BRIGHT
   111.01561            I.180422_0022.C  146.1186985  -31.7243610 498.28962   173.341    16.853     0.006    22.524   _
   111.08189            I.180422_0157.C  146.1187115  -31.7243554 491.43497   179.960    16.868     0.006    22.651   _
   111.13861            I.180422_0319.C  146.1187184  -31.7243538 490.86878   162.472    16.870     0.007    22.208   _
   111.39782            I.180422_0932.A  146.1187165  -31.7243586 488.16557   164.931    16.876     0.007    22.282   _
   111.75164            I.180422_1802.S  146.1187184  -31.7243611 457.45257   183.729    16.946     0.006    22.572   MOON_BRIGHT
   111.82394            I.180422_1946.S  146.1187191  -31.7243610 443.85089   190.637    16.979     0.006    22.860   MOON_BRIGHT
   112.02259            I.180423_0032.C  146.1187131  -31.7243595 503.07487   163.574    16.843     0.007    22.190   _
   112.13969            I.180423_0321.C  146.1187232  -31.7243568 502.34801   107.792    16.844     0.010    21.442   _
   112.40606            I.180423_0944.A  146.1187158  -31.7243536 494.73628   148.841    16.861     0.007    22.201   MOON_BRIGHT
   112.47520            I.180423_1124.A  146.1187144  -31.7243546 495.96540   166.827    16.858     0.007    22.274   _
   112.77662            I.180423_1838.S  146.1187140  -31.7243590 445.19679   165.421    16.976     0.007    22.292   MOON_BRIGHT
   112.85458            I.180423_2030.S  146.1187105  -31.7243630 445.57609   164.940    16.975     0.007    22.267   MOON_BRIGHT
   113.03936            I.180424_0056.C  146.1187110  -31.7243599 492.52310   159.806    16.866     0.007    22.127   _
   113.10285            I.180424_0228.C  146.1187226  -31.7243631 509.32443   98.5335    16.829     0.011    21.378   _
   113.39765            I.180424_0932.A  146.1187124  -31.7243486 500.34051   161.907    16.849     0.007    22.201   MOON_BRIGHT
   113.46831            I.180424_1114.A  146.1187137  -31.7243546 484.98693   142.051    16.883     0.008    21.898   _
   113.75468            I.180424_1806.S  146.1187162  -31.7243554 447.85096   174.641    16.970     0.006    22.476   MOON_BRIGHT
   113.83203            I.180424_1958.S  146.1187226  -31.7243582 449.60766   182.207    16.965     0.006    22.558   MOON_BRIGHT
   113.99894            I.180424_2358.C  146.1187120  -31.7243566 499.68721   160.219    16.850     0.007    22.145   _
   114.05995            I.180425_0126.C  146.1187105  -31.7243517 489.18368   156.612    16.873     0.007    22.071   _
   115.39234            I.180426_0924.A  146.1187101  -31.7243502 498.29013   149.331    16.853     0.007    21.992   MOON_BRIGHT
   115.46388            I.180426_1107.A  146.1187147  -31.7243513 487.61073   144.294    16.877     0.008    21.952   MOON_BRIGHT
   115.46547            I.180426_1110.A  146.1187152  -31.7243570 488.55991   136.339    16.875     0.008    21.799   MOON_BRIGHT
   116.02198            I.180427_0031.C  146.1187012  -31.7243432 475.88320   145.954    16.903     0.008    21.970   _
   116.08464            I.180427_0201.C  146.1187120  -31.7243509 498.39736   149.052    16.853     0.007    21.952   _
   116.38892            I.180427_0920.A  146.1187106  -31.7243645 478.67206   94.5398    16.897     0.012    21.235   MOON_BRIGHT
   116.45537            I.180427_1055.A  146.1187279  -31.7243591 481.60244   121.448    16.890     0.009    21.608   MOON_BRIGHT
   116.74086            I.180427_1746.S  146.1187142  -31.7243547 464.74355   162.763    16.929     0.007    22.195   MOON_BRIGHT
   116.80366            I.180427_1917.S  146.1187163  -31.7243560 477.70793   167.570    16.899     0.007    22.214   MOON_BRIGHT
   116.86976            I.180427_2052.S  146.1187176  -31.7243530 446.54173   135.215    16.973     0.008    21.829   MOON_BRIGHT
   117.00274            I.180428_0003.C  146.1187091  -31.7243528 501.38804   139.966    16.846     0.008    21.860   _
   117.06569            I.180428_0134.C  146.1187128  -31.7243407 504.55253   146.865    16.840     0.008    21.881   _
   117.38854            I.180428_0919.A  146.1187158  -31.7243561 488.39164   134.254    16.875     0.008    21.814   MOON_BRIGHT
   117.45696            I.180428_1058.A  146.1187230  -31.7243573 477.80301   120.508    16.899     0.009    21.595   MOON_BRIGHT
   117.73591            I.180428_1739.S  146.1187242  -31.7243729 454.45686   57.2404    16.954     0.019    20.646   _
   117.80244            I.180428_1915.S  146.1187269  -31.7243812 467.85937   44.2441    16.922     0.025    20.317   MOON_BRIGHT
   117.87021            I.180428_2053.S  146.1187195  -31.7243637 466.95390   83.7063    16.924     0.013    21.111   MOON_BRIGHT
   117.99337            I.180428_2350.C  146.1187334  -31.7243764 501.46691   36.7522    16.846     0.030    20.061   MOON_BRIGHT
   118.05601            I.180429_0120.C  146.1187294  -31.7243759 496.57396   35.2713    16.857     0.031    20.030   _
   118.11851            I.180429_0250.C  146.1187346  -31.7243888 563.84601   20.2512    16.718     0.054    19.260   _
   118.39880            I.180429_0934.A  146.1187123  -31.7243523 483.70522   148.102    16.886     0.007    21.967   MOON_BRIGHT
   118.46752            I.180429_1113.A  146.1187139  -31.7243588 485.46472   129.885    16.882     0.008    21.706   MOON_BRIGHT
   118.73773            I.180429_1742.S  146.1187220  -31.7243548 444.96073   134.990    16.977     0.008    21.814   _
   118.80162            I.180429_1914.S  146.1187190  -31.7243474 445.26156   111.419    16.976     0.010    21.531   MOON_BRIGHT
   118.86914            I.180429_2051.S  146.1187149  -31.7243525 445.57782   122.678    16.975     0.009    21.713   MOON_BRIGHT
   118.99752            I.180429_2356.C  146.1187049  -31.7243569 506.27758   152.584    16.836     0.007    21.969   MOON_BRIGHT
   119.05877            I.180430_0124.C  146.1187140  -31.7243518 496.92526   145.174    16.856     0.008    21.930   MOON_BRIGHT
   119.11800            I.180430_0249.C  146.1187065  -31.7243534 510.81396   124.506    16.826     0.009    21.639   _
   119.38866            I.180430_0919.A  146.1187127  -31.7243527 482.95700   117.227    16.887     0.009    21.557   MOON_BRIGHT
   119.45192            I.180430_1050.A  146.1187208  -31.7243597 478.77023   107.140    16.897     0.010    21.421   MOON_BRIGHT
   119.73179            I.180430_1733.S  146.1187128  -31.7243510 451.76281   183.910    16.960     0.006    22.530   _
   119.80488            I.180430_1919.S  146.1187136  -31.7243609 452.09505   179.059    16.959     0.006    22.484   _
   119.99959            I.180430_2359.C  146.1187990  -31.7244507 519.81987   3.41265    16.807     0.321    17.382   MOON_BRIGHT
   121.38912            I.180502_0920.A  146.1187182  -31.7243471 506.25563   163.977    16.836     0.007    22.205   MOON_BRIGHT
   121.45039            I.180502_1048.A  146.1187211  -31.7243253 471.92014   151.667    16.912     0.007    22.128   MOON_BRIGHT
   121.50917            I.180502_1213.A  146.1187138  -31.7243419 478.08108   107.977    16.898     0.010    21.535   MOON_BRIGHT
   121.82999            I.180502_1955.S  146.1187156  -31.7243606 438.72492   136.424    16.992     0.008    21.887   _
   121.98757            I.180502_2342.C  146.1187053  -31.7243597 513.00323   155.279    16.821     0.007    22.032   MOON_BRIGHT
   122.05535            I.180503_0119.C  146.1187061  -31.7243552 565.61068   91.2289    16.715     0.012    21.119   MOON_BRIGHT
   122.73407            I.180503_1737.S  146.1187156  -31.7243569 440.91876   156.535    16.987     0.007    22.171   _
   122.79889            I.180503_1910.S  146.1187173  -31.7243574 463.26218   169.752    16.933     0.007    22.311   _
   122.86065            I.180503_2039.S  146.1187190  -31.7243574 452.28210   184.706    16.959     0.006    22.581   _
   122.98863            I.180503_2343.C  146.1187179  -31.7243587 503.37548   169.774    16.842     0.007    22.289   MOON_BRIGHT
   123.06274            I.180504_0130.C  146.1187150  -31.7243570 506.36420   171.643    16.836     0.006    22.346   MOON_BRIGHT
   123.39677            I.180504_0931.A  146.1187143  -31.7243578 476.75517   140.272    16.901     0.008    21.874   MOON_BRIGHT
   123.45954            I.180504_1101.A  146.1187210  -31.7243551 483.71794   119.231    16.886     0.009    21.556   MOON_BRIGHT
   123.73583            I.180504_1739.S  146.1187157  -31.7243561 446.71593   180.883    16.972     0.006    22.527   _
   123.79904            I.180504_1910.S  146.1187183  -31.7243568 448.48879   191.968    16.968     0.006    22.713   _
   124.00046            I.180505_0000.C  146.1187143  -31.7243567 493.89678   177.915    16.863     0.006    22.499   MOON_BRIGHT
   124.07310            I.180505_0145.C  146.1187049  -31.7243540 492.96858   169.127    16.865     0.007    22.405   MOON_BRIGHT
   124.39189            I.180505_0924.A  146.1187308  -31.7243512 469.33296   100.893    16.918     0.011    21.326   MOON_BRIGHT
   124.45963            I.180505_1101.A  146.1187137  -31.7243616 482.66706   139.900    16.888     0.008    21.833   MOON_BRIGHT
   124.73234            I.180505_1734.S  146.1187215  -31.7243593 445.01108   185.045    16.977     0.006    22.606   _
   124.79485            I.180505_1904.S  146.1187215  -31.7243575 446.32513   184.968    16.973     0.006    22.672   _
   124.85470            I.180505_2030.S  146.1187190  -31.7243555 442.68799   159.683    16.982     0.007    22.197   _
   125.08917            I.180506_0208.C  146.1187189  -31.7243443 502.24367   153.665    16.845     0.007    22.010   MOON_BRIGHT
   125.45946            I.180506_1101.A  146.1187141  -31.7243458 492.21359   165.477    16.867     0.007    22.241   MOON_BRIGHT
   125.72819            I.180506_1728.S  146.1187166  -31.7243474 429.60782   128.733    17.015     0.009    22.002   _
   125.79537            I.180506_1905.S  146.1187223  -31.7243544 460.19245   180.299    16.940     0.006    22.482   _
   126.03075            I.180507_0044.C  146.1187119  -31.7243644 490.35021   89.0651    16.871     0.012    21.262   MOON_BRIGHT
   126.39698            I.180507_0931.A  146.1187219  -31.7243500 493.30383   164.350    16.864     0.007    22.217   _
   126.46252            I.180507_1106.A  -99.9999999  -99.9999999 -99.99999    -99.99   -99.999   -99.999   -99.999   PSF_ERROR_BAD_IMAGE
   126.99469            I.180507_2352.C  146.1187091  -31.7243644 492.44567   96.1250    16.866     0.011    21.341   MOON_BRIGHT
   127.05622            I.180508_0120.C  146.1187186  -31.7243591 492.52583   107.409    16.866     0.010    21.457   MOON_BRIGHT
   127.38711            I.180508_0917.A  146.1187435  -31.7243836 493.48769   29.0116    16.864     0.038    19.846   _
   127.99750            I.180508_2356.C  146.1187172  -31.7243565 490.68644   130.825    16.870     0.008    21.691   MOON_BRIGHT
   128.06214            I.180509_0129.C  146.1187171  -31.7243595 490.29051   123.026    16.871     0.009    21.590   MOON_BRIGHT
   128.38889            I.180509_0919.A  146.1187086  -31.7243288 490.23256   157.188    16.871     0.007    22.148   _
   128.45336            I.180509_1052.A  146.1187200  -31.7243315 470.16174   149.069    16.917     0.007    22.082   _
   128.74852            I.180509_1757.S  146.1187155  -31.7243577 452.97547   176.658    16.957     0.006    22.531   _
   128.81252            I.180509_1930.S  146.1187196  -31.7243540 455.01414   161.134    16.952     0.007    22.534   _
   129.74343            I.180510_1750.S  146.1187241  -31.7243661 449.41326   61.5427    16.966     0.018    20.968   _
   129.81072            I.180510_1927.S  146.1187426  -31.7243732 464.95563   27.6220    16.929     0.040    19.925   _
   130.00059            I.180511_0000.C  146.1187033  -31.7243547 482.00556   159.050    16.889     0.007    22.210   MOON_BRIGHT
   130.07226            I.180511_0144.C  146.1187122  -31.7243606 505.57622   168.633    16.837     0.007    22.270   MOON_BRIGHT
   130.73472            I.180511_1738.S  146.1187142  -31.7243558 482.06089   160.593    16.889     0.007    22.084   _
   130.80152            I.180511_1914.S  146.1187218  -31.7243529 472.39042   162.416    16.911     0.007    22.188   _
   130.99840            I.180511_2357.C  146.1187148  -31.7243647 478.57451   169.218    16.897     0.007    22.446   MOON_BRIGHT
   131.06625            I.180512_0135.C  146.1187003  -31.7243493 494.13002   156.531    16.862     0.007    22.327   MOON_BRIGHT
   131.46147            I.180512_1104.A  146.1187389  -31.7243743 470.61436   61.8276    16.915     0.018    20.764   _
   131.73573            I.180512_1739.S  146.1187170  -31.7243529 477.64002   172.010    16.899     0.006    22.328   _
   131.80318            I.180512_1916.S  146.1187157  -31.7243595 469.06239   170.544    16.919     0.007    22.360   _
   131.99519            I.180512_2353.C  146.1187158  -31.7243539 496.39814   152.719    16.857     0.007    21.999   _
   132.05875            I.180513_0124.C  146.1187120  -31.7243579 493.08753   150.581    16.865     0.007    21.959   MOON_BRIGHT
   132.39424            I.180513_0927.A  146.1187141  -31.7243466 495.44840   162.046    16.859     0.007    22.205   _
   132.46551            I.180513_1110.A  146.1187223  -31.7243564 498.02335   168.957    16.854     0.007    22.328   _
   132.74325            I.180513_1750.S  146.1187152  -31.7243544 472.61450   156.050    16.911     0.007    22.046   _
   132.80862            I.180513_1924.S  146.1187114  -31.7243519 463.51546   173.361    16.932     0.006    22.416   _
   133.38601            I.180514_0915.A  146.1187190  -31.7243579 484.03386   122.407    16.885     0.009    21.606   _
   133.45154            I.180514_1050.A  146.1187160  -31.7243556 481.97926   143.225    16.889     0.008    21.952   _
   133.73487            I.180514_1738.S  146.1187169  -31.7243550 483.75002   172.067    16.885     0.006    22.367   _
   133.81376            I.180514_1931.S  146.1187112  -31.7243549 476.91677   169.373    16.901     0.007    22.356   _
   133.98734            I.180514_2341.C  146.1187117  -31.7243669 504.44889   108.417    16.840     0.010    21.535   _
   134.05883            I.180515_0124.C  146.1186964  -31.7243529 479.92315   150.056    16.894     0.007    22.124   _
   134.38897            I.180515_0920.A  146.1187138  -31.7243549 489.44272   157.520    16.873     0.007    22.110   _
   134.45253            I.180515_1051.A  146.1187211  -31.7243474 494.21089   153.675    16.862     0.007    22.011   _
   134.73779            I.180515_1742.S  146.1187157  -31.7243571 475.87455   180.051    16.903     0.006    22.497   _
   134.74096            I.180515_1746.S  146.1187117  -31.7243580 477.23172   175.332    16.900     0.006    22.406   _
   134.98292            I.180515_2335.C  146.1187050  -31.7243586 500.96457   144.147    16.847     0.008    22.074   _
   135.05034            I.180516_0112.C  146.1187179  -31.7243521 507.28880   155.617    16.834     0.007    22.286   _
   135.37372            I.180516_0858.A  146.1187265  -31.7243572 474.42121   108.799    16.907     0.010    21.427   _
   135.43927            I.180516_1032.A  146.1187191  -31.7243574 487.35156   135.216    16.877     0.008    21.759   _
   135.73917            I.180516_1744.S  146.1187169  -31.7243577 474.15206   183.727    16.907     0.006    22.594   MOON_BRIGHT
   135.80678            I.180516_1921.S  146.1187146  -31.7243542 464.28171   179.046    16.930     0.006    22.500   MOON_BRIGHT
   135.99674            I.180516_2355.C  146.1187015  -31.7243519 479.13561   163.587    16.896     0.007    22.395   _
   136.05753            I.180517_0122.C  146.1187178  -31.7243555 498.32460   170.306    16.853     0.007    22.349   _
   136.38451            I.180517_0913.A  146.1187146  -31.7243555 493.11415   166.419    16.865     0.007    22.240   _
   136.44747            I.180517_1044.A  146.1187149  -31.7243493 498.20548   146.229    16.853     0.008    21.928   _
   136.73870            I.180517_1743.S  146.1187215  -31.7243565 474.53014   184.925    16.906     0.006    22.589   MOON_BRIGHT
   136.80095            I.180517_1913.S  146.1187194  -31.7243645 481.13011   184.518    16.891     0.006    22.573   MOON_BRIGHT
   136.98517            I.180517_2338.C  146.1187132  -31.7243659 523.90568   59.3651    16.798     0.019    20.705   _
   137.00699            I.180518_0010.C  146.1187067  -31.7243555 489.74472   123.113    16.872     0.009    21.849   _
   137.02814            I.180518_0040.C  146.1187166  -31.7243583 493.55929   156.175    16.864     0.007    22.220   _
   137.05089            I.180518_0113.C  146.1187170  -31.7243580 502.06583   177.728    16.845     0.006    22.455   _
   137.38575            I.180518_0915.A  146.1187159  -31.7243524 482.69539   114.598    16.888     0.010    21.530   _
   137.45383            I.180518_1053.A  146.1187197  -31.7243604 481.95645   134.574    16.890     0.008    21.792   _
   137.73851            I.180518_1743.S  146.1185495  -31.7244829 587.61992   3.22578    16.673     0.339    17.209   MOON_BRIGHT
   137.97725            I.180518_2327.C  146.1187183  -31.7243616 494.68436   158.950    16.861     0.007    22.092   _
   138.02817            I.180519_0040.C  146.1186739  -31.7243487 491.19686   146.437    16.869     0.008    22.002   _
   138.05644            I.180519_0121.C  146.1186920  -31.7243444 483.82284   147.847    16.885     0.007    22.130   _
   138.37888            I.180519_0905.A  146.1187094  -31.7243625 481.41948   136.940    16.891     0.008    21.824   _
   138.45156            I.180519_1050.A  146.1187270  -31.7243566 484.76714   128.724    16.883     0.009    21.664   _
   138.95632            I.180519_2257.C  146.1187126  -31.7243588 506.58094   133.910    16.835     0.008    21.757   _
   139.00664            I.180520_0009.C  146.1187094  -31.7243495 481.67522   159.647    16.890     0.007    22.205   _
   139.03743            I.180520_0053.C  146.1186946  -31.7243463 492.06307   152.548    16.867     0.007    22.096   _
   139.44483            I.180520_1040.A  146.1187194  -31.7243528 472.00062   104.557    16.912     0.011    21.376   _
   139.97242            I.180520_2320.C  146.1187038  -31.7243497 490.90308   143.275    16.869     0.008    22.027   _
   140.01740            I.180521_0025.C  146.1187108  -31.7243564 469.24100   133.915    16.919     0.008    21.972   _
   140.04668            I.180521_0107.C  146.1187175  -31.7243509 501.67013   130.440    16.846     0.008    21.726   _
   140.38380            I.180521_0912.A  146.1187122  -31.7243545 480.29406   146.290    16.893     0.008    21.952   _
   140.97113            I.180521_2318.C  146.1187109  -31.7243476 496.35173   164.156    16.857     0.007    22.191   _
   141.01644            I.180522_0023.C  146.1187095  -31.7243569 492.20771   139.716    16.867     0.008    21.929   _
   141.04590            I.180522_0106.C  146.1187100  -31.7243560 496.64352   146.054    16.857     0.008    21.944   _
   141.40528            I.180522_0943.A  146.1187223  -31.7243617 483.87983   120.690    16.885     0.009    21.588   MOON_BRIGHT
   141.98242            I.180522_2334.C  146.1187148  -31.7243416 500.32809   174.728    16.849     0.006    22.371   _
   142.05087            I.180523_0113.C  146.1187095  -31.7243448 498.78633   174.808    16.852     0.006    22.442   _
   142.38355            I.180523_0912.A  146.1187279  -31.7243456 475.65033   107.777    16.904     0.010    21.429   MOON_BRIGHT
   142.44935            I.180523_1047.A  146.1187244  -31.7243481 501.34033   135.113    16.846     0.008    21.779   MOON_BRIGHT
   142.72576            I.180523_1725.S  146.1187113  -31.7243567 467.97397   141.050    16.922     0.008    21.983   MOON_BRIGHT
   142.79588            I.180523_1906.S  146.1187210  -31.7243695 490.05987   75.2851    16.871     0.015    20.997   MOON_BRIGHT
   142.97751            I.180523_2327.C  146.1187196  -31.7243602 509.58643   175.316    16.829     0.006    22.436   _
   143.04350            I.180524_0102.C  146.1187164  -31.7243514 485.60558   154.371    16.881     0.007    22.223   _
   143.97524            I.180524_2324.C  146.1187071  -31.7243531 493.09222   162.213    16.865     0.007    22.239   _
   144.03641            I.180525_0052.C  146.1187159  -31.7243556 492.45345   159.165    16.866     0.007    22.153   _
   144.37981            I.180525_0906.A  146.1187099  -31.7243478 494.92896   167.581    16.861     0.007    22.339   MOON_BRIGHT
   144.97411            I.180525_2322.C  146.1187159  -31.7243560 495.70594   159.165    16.859     0.007    22.180   _
   145.03483            I.180526_0050.C  146.1187025  -31.7243496 481.59276   154.423    16.890     0.007    22.138   _
   145.71863            I.180526_1714.S  146.1187124  -31.7243565 474.45021   145.926    16.907     0.008    21.944   MOON_BRIGHT
   145.78211            I.180526_1846.S  146.1187146  -31.7243542 471.08342   152.630    16.914     0.007    22.058   MOON_BRIGHT
   145.98109            I.180526_2332.C  146.1186881  -31.7243568 474.08922   128.184    16.907     0.009    21.753   MOON_BRIGHT
   146.04147            I.180527_0059.C  146.1187139  -31.7243530 499.01224   133.495    16.852     0.008    21.799   _
   146.73535            I.180527_1738.S  146.1187144  -31.7243557 480.48032   171.975    16.893     0.006    22.322   MOON_BRIGHT
   146.79748            I.180527_1908.S  -99.9999999  -99.9999999 -99.99999    -99.99   -99.999   -99.999   -99.999   PSF_ERROR_BAD_IMAGE
   146.98422            I.180527_2337.C  146.1187048  -31.7243335 478.86466   139.385    16.897     0.008    21.931   MOON_BRIGHT
   147.37770            I.180528_0903.A  146.1187113  -31.7243574 488.27890   151.169    16.875     0.007    21.957   MOON_BRIGHT
   148.38043            I.180529_0907.A  146.1187101  -31.7243514 507.49891   156.448    16.833     0.007    22.082   MOON_BRIGHT
   148.39182            I.180529_0924.A  146.1187151  -31.7243402 492.97982   150.602    16.865     0.007    22.015   MOON_BRIGHT
   148.74490            I.180529_1752.S  146.1187109  -31.7243587 470.66735   129.977    16.915     0.008    21.724   _
   149.73302            I.180530_1735.S  146.1187195  -31.7243697 470.34805   47.6100    16.916     0.023    20.488   _
   150.37544            I.180531_0900.A  146.1187195  -31.7243608 479.37870   104.098    16.895     0.011    21.378   MOON_BRIGHT
   150.72198            I.180531_1719.S  146.1187187  -31.7243544 474.84231   151.395    16.906     0.007    22.030   _
   150.97561            I.180531_2324.C  146.1187179  -31.7243560 506.22939   141.041    16.836     0.008    21.876   MOON_BRIGHT
   151.03753            I.180601_0054.C  146.1187158  -31.7243599 513.49675   140.267    16.820     0.008    21.812   MOON_BRIGHT
   151.38731            I.180601_0917.A  146.1187185  -31.7243608 485.76046   129.132    16.881     0.009    21.666   MOON_BRIGHT
   151.97697            I.180601_2326.C  146.1187136  -31.7243643 499.28857   162.775    16.851     0.007    22.181   MOON_BRIGHT
   152.72014            I.180602_1717.S  146.1187156  -31.7243542 472.83182   157.691    16.910     0.007    22.095   _
   152.97219            I.180602_2319.C  146.1187110  -31.7243585 478.02408   179.656    16.898     0.006    22.662   MOON_BRIGHT
   153.38384            I.180603_0912.A  146.1187113  -31.7243611 487.54394   131.557    16.877     0.008    21.778   MOON_BRIGHT
   153.98072            I.180603_2332.C  -99.9999999  -99.9999999 -99.99999    -99.99   -99.999   -99.999   -99.999   PSF_ERROR_BAD_IMAGE
   154.37301            I.180604_0857.A  146.1187152  -31.7243548 489.29227   144.433    16.873     0.008    21.957   _
   154.71984            I.180604_1716.S  146.1187149  -31.7243575 470.93179   150.740    16.915     0.007    22.009   _
   154.77662            I.180604_1838.S  146.1187273  -31.7243565 471.93257   126.314    16.912     0.009    21.654   _
   154.96961            I.180604_2316.C  146.1187198  -31.7243556 490.27826   162.123    16.871     0.007    22.181   MOON_BRIGHT
   155.37902            I.180605_0905.A  146.1187228  -31.7243568 483.05004   114.895    16.887     0.010    21.524   _
   155.72641            I.180605_1726.S  146.1187117  -31.7243619 492.06459   177.184    16.867     0.006    22.371   _
   156.37648            I.180606_0902.A  146.1187114  -31.7243598 486.34039   107.460    16.880     0.010    21.377   _
   156.72366            I.180606_1722.S  146.1187135  -31.7243541 473.49032   165.573    16.909     0.007    22.242   _
   156.97395            I.180606_2322.C  146.1187074  -31.7243546 491.83286   143.119    16.867     0.008    21.852   MOON_BRIGHT
   157.02794            I.180607_0040.C  146.1187091  -31.7243481 498.46009   152.955    16.853     0.007    21.954   MOON_BRIGHT
   157.37847            I.180607_0905.A  146.1187131  -31.7243661 490.73061   75.8921    16.870     0.015    21.040   _
   157.71756            I.180607_1713.S  146.1187162  -31.7243592 477.29671   145.646    16.900     0.008    22.314   _
   157.96463            I.180607_2309.C  146.1187152  -31.7243585 495.12903   150.241    16.860     0.007    21.965   MOON_BRIGHT
   158.01802            I.180608_0025.C  146.1187134  -31.7243596 504.60897   154.627    16.839     0.007    21.992   MOON_BRIGHT
   158.71546            I.180608_1710.S  146.1187197  -31.7243552 481.86386   114.933    16.890     0.010    21.727   _
   158.96061            I.180608_2303.C  146.1187017  -31.7243423 483.80893   165.055    16.885     0.007    22.322   MOON_BRIGHT
   159.01279            I.180609_0018.C  146.1186995  -31.7243499 497.66772   98.7943    16.855     0.011    21.445   MOON_BRIGHT
   160.37215            I.180610_0855.A  146.1187202  -31.7243700 479.33901   108.862    16.895     0.010    21.432   _
   161.37294            I.180611_0857.A  146.1187190  -31.7243597 486.63834   111.120    16.879     0.010    21.463   _
   161.71080            I.180611_1703.S  146.1187202  -31.7243555 474.89284   182.745    16.906     0.006    22.586   _
   162.36970            I.180612_0852.A  146.1187158  -31.7243636 489.55462   128.397    16.872     0.009    21.723   _
   162.71157            I.180612_1704.S  146.1187209  -31.7243584 470.23016   176.909    16.916     0.006    22.523   _
   162.96939            I.180612_2315.C  146.1187107  -31.7243603 488.37278   148.262    16.875     0.007    21.944   _
   163.37718            I.180613_0903.A  146.1187289  -31.7243690 479.79835   83.5886    16.894     0.013    21.039   _
   163.71213            I.180613_1705.S  146.1187168  -31.7243559 478.19493   165.051    16.898     0.007    22.222   MOON_BRIGHT
   163.96627            I.180613_2311.C  146.1187126  -31.7243607 504.85656   177.655    16.839     0.006    22.461   _
   164.37031            I.180614_0853.A  146.1187200  -31.7243597 480.09310   80.1161    16.894     0.014    21.070   _
   164.96788            I.180614_2313.C  146.1187144  -31.7243559 490.51632   175.620    16.870     0.006    22.487   _
   166.70936            I.180616_1701.S  146.1187326  -31.7243792 468.07729   40.1111    16.921     0.027    20.279   MOON_BRIGHT
   166.97648            I.180616_2326.C  146.1187149  -31.7243568 492.73391   173.273    16.865     0.006    22.453   _
   167.97435            I.180617_2323.C  146.1187129  -31.7243460 503.63626   163.997    16.842     0.007    22.250   _
   168.97259            I.180618_2320.C  146.1187126  -31.7243569 504.02242   159.763    16.841     0.007    22.112   _
   169.37392            I.180619_0858.A  146.1187110  -31.7243581 478.20170   113.056    16.898     0.010    21.498   _
   169.96225            I.180619_2305.C  146.1187156  -31.7243546 489.68252   147.927    16.872     0.007    21.990   _
   170.71046            I.180620_1703.S  146.1187211  -31.7243558 468.63480   131.670    16.920     0.008    21.755   MOON_BRIGHT
   170.95159            I.180620_2250.C  146.1187091  -31.7243593 493.46019   120.691    16.864     0.009    21.610   _
   171.37235            I.180621_0856.A  146.1187200  -31.7243583 475.61362   113.040    16.904     0.010    21.500   MOON_BRIGHT
   171.95222            I.180621_2251.C  146.1187161  -31.7243697 500.24847   104.306    16.849     0.011    21.319   _
   172.36810            I.180622_0850.A  146.1187144  -31.7243594 475.25570   101.818    16.905     0.011    21.336   MOON_BRIGHT
   172.70594            I.180622_1656.S  146.1187163  -31.7243549 485.38119   174.385    16.882     0.006    22.379   MOON_BRIGHT
   172.95605            I.180622_2256.C  146.1187119  -31.7243670 503.52351   92.9989    16.842     0.012    21.236   _
   173.36787            I.180623_0849.A  146.1187207  -31.7243569 480.05870   105.508    16.894     0.010    21.382   MOON_BRIGHT
   173.95214            I.180623_2251.C  146.1187138  -31.7243603 483.24588   115.889    16.887     0.010    21.539   _
   174.36390            I.180624_0844.A  146.1187168  -31.7243583 478.94776   114.983    16.896     0.010    21.533   MOON_BRIGHT
   174.70708            I.180624_1658.S  146.1187172  -31.7243510 467.18541   152.615    16.923     0.007    22.080   MOON_BRIGHT
   174.95338            I.180624_2252.C  146.1187440  -31.7243592 459.79570   58.0218    16.941     0.019    20.662   MOON_BRIGHT
   175.36274            I.180625_0842.A  146.1187120  -31.7243553 490.58891   113.017    16.870     0.010    21.440   MOON_BRIGHT
   175.70418            I.180625_1654.S  146.1187165  -31.7243763 477.95932   22.2883    16.899     0.049    19.493   MOON_BRIGHT
   175.94955            I.180625_2247.C  146.1187322  -31.7243616 478.38762   73.0429    16.898     0.015    20.934   MOON_BRIGHT
   176.35823            I.180626_0835.A  146.1187163  -31.7243595 487.22824   120.337    16.878     0.009    21.582   MOON_BRIGHT
   176.70551            I.180626_1655.S  146.1187159  -31.7243582 477.07532   141.414    16.901     0.008    21.875   _
   176.96586            I.180626_2310.C  146.1187106  -31.7243533 481.80579   160.563    16.890     0.007    22.254   MOON_BRIGHT
   177.95388            I.180627_2253.C  146.1187147  -31.7243403 470.02027   135.391    16.917     0.008    21.860   MOON_BRIGHT