; SOURCE_NAME : oh_aux3
; SOURCE_RA_DEC	[146.12331, 146.1186771, 146.1211579, 146.1252263, 146.1211737]	[-31.72825, -31.72441639, -31.7266625, -31.72913221, -31.73156611]
; NUMBER_OF_REFERENCES	19
; Nilou Afsari	180627_2251
; OBSDAY2018                     STRTXT     RA_MC(")    DEC_MC(") Flux(uJy)       SNR    MAG_MC MAGERR_MC    LIM_MC   NOTE
    37.46044            I.180207_1103.A  146.1252622  -31.7290633 225.65393   77.5288    17.717     0.014    21.922   MOON_BRIGHT
    37.51183            I.180207_1217.A  146.1252710  -31.7290749 219.00298   93.8641    17.750     0.012    22.332   MOON_BRIGHT
    37.80334            I.180207_1916.S  -99.9999999  -99.9999999 -99.99999    -99.99   -99.999   -99.999   -99.999   PSF_ERROR_BAD_IMAGE
    38.03954            I.180208_0056.C  146.1252597  -31.7290700 210.12123   56.3821    17.795     0.019    21.531   MOON_BRIGHT
    38.07049            I.180208_0141.C  146.1252593  -31.7290648 214.93289   64.1202    17.770     0.017    21.723   MOON_BRIGHT
    38.10147            I.180208_0226.C  146.1252495  -31.7290568 214.48768   82.4143    17.773     0.013    22.130   MOON_BRIGHT
    38.45677            I.180208_1057.A  146.1252827  -31.7291390 -99.99999    -99.99   -99.999   -99.999    18.823   MOON_BRIGHT
    38.47969            I.180208_1130.A  -99.9999999  -99.9999999 -99.99999    -99.99   -99.999   -99.999   -99.999   PSF_ERROR_BAD_IMAGE
    38.80969            I.180208_1925.S  146.1252557  -31.7290508 193.99314   94.9609    17.882     0.012    22.426   _
    39.84104            I.180209_2011.S  146.1252512  -31.7290555 197.25458   69.1732    17.864     0.016    21.847   _
    39.89675            I.180209_2131.S  146.1252554  -31.7290698 197.10805   38.6122    17.865     0.028    21.192   _
    40.79208            I.180210_1900.S  146.1252414  -31.7290697 188.74118   68.4725    17.912     0.016    21.891   _
    40.87858            I.180210_2105.S  146.1252543  -31.7290523 195.09050   99.3860    17.876     0.011    22.522   _
    41.60600            I.180211_1432.A  146.1252548  -31.7290545 217.04639   90.0365    17.760     0.012    22.193   MOON_BRIGHT
    41.66684            I.180211_1600.A  146.1252546  -31.7290549 220.55079   95.2815    17.742     0.012    22.357   MOON_BRIGHT
    41.72709            I.180211_1727.A  -99.9999999  -99.9999999 -99.99999    -99.99   -99.999   -99.999   -99.999   PSF_ERROR_BAD_IMAGE
    43.60623            I.180213_1432.A  146.1252525  -31.7290564 213.71577   67.4266    17.777     0.016    21.873   _
    43.67752            I.180213_1615.A  146.1252543  -31.7290733 208.69800   58.7981    17.803     0.019    21.693   MOON_BRIGHT
    43.74204            I.180213_1748.A  146.1252518  -31.7290574 207.10390   76.1110    17.811     0.014    21.983   MOON_BRIGHT
    46.43954            I.180216_1032.A  146.1252500  -31.7290606 224.00709   67.6677    17.725     0.016    21.692   _
    46.48230            I.180216_1134.A  146.1252569  -31.7290628 225.33402   77.0651    17.719     0.014    21.901   _
    46.53323            I.180216_1247.A  146.1252622  -31.7290546 215.54605   73.3280    17.767     0.015    21.884   _
    47.44495            I.180217_1040.A  146.1252523  -31.7290476 211.19978   52.9873    17.790     0.021    21.443   _
    47.49216            I.180217_1148.A  146.1252566  -31.7290663 219.32877   64.9255    17.748     0.017    21.710   _
    48.43516            I.180218_1026.A  146.1252542  -31.7290701 206.74771   51.0913    17.813     0.021    21.452   _
    48.43661            I.180218_1028.A  146.1252510  -31.7290572 206.26159   53.8131    17.815     0.020    21.454   _
    48.48655            I.180218_1140.A  146.1252480  -31.7290731 244.11734   57.1730    17.632     0.019    21.385   _
    48.53730            I.180218_1253.A  146.1252495  -31.7290507 220.33366   78.7927    17.743     0.014    22.005   _
    48.56177            I.180218_1328.A  146.1252960  -31.7290932 220.10516   19.1881    17.745     0.057    20.231   _
    48.80425            I.180218_1918.S  146.1252482  -31.7290581 190.83828   63.5626    17.900     0.017    21.787   MOON_BRIGHT
    48.83601            I.180218_2003.S  146.1252494  -31.7290771 187.80387   75.8650    17.918     0.014    22.038   MOON_BRIGHT
    48.89492            I.180218_2128.S  146.1252520  -31.7290598 192.18386   76.1219    17.893     0.014    22.039   _
    49.04366            I.180219_0102.C  146.1252568  -31.7290600 219.31780   61.5398    17.748     0.018    21.592   _
    49.10359            I.180219_0229.C  146.1252533  -31.7290538 218.14393   81.8791    17.754     0.013    22.065   _
    49.20731            I.180219_0458.C  146.1252562  -31.7290584 217.06667   89.2095    17.760     0.012    22.208   _
    49.80008            I.180219_1912.S  146.1252618  -31.7290830 168.38393   23.1635    18.037     0.047    20.768   MOON_BRIGHT
    49.83358            I.180219_2000.S  146.1252531  -31.7290535 191.24051   94.7404    17.898     0.012    22.468   MOON_BRIGHT
    49.89115            I.180219_2123.S  146.1252585  -31.7290548 189.12538   95.9518    17.910     0.011    22.489   _
    49.96763            I.180219_2313.S  -99.9999999  -99.9999999 -99.99999    -99.99   -99.999   -99.999   -99.999   PSF_ERROR_BAD_IMAGE
    50.03797            I.180220_0054.C  146.1252521  -31.7290618 211.18322   63.2628    17.790     0.017    21.700   _
    50.06541            I.180220_0134.C  146.1252492  -31.7290605 212.70792   64.9167    17.782     0.017    21.705   _
    50.12022            I.180220_0253.C  146.1252483  -31.7290604 215.54330   73.9047    17.767     0.015    21.880   _
    50.23997            I.180220_0545.C  146.1252513  -31.7290638 218.12109   89.5543    17.754     0.012    22.282   _
    50.78619            I.180220_1852.S  146.1252535  -31.7290641 195.49284   83.7829    17.874     0.013    22.217   MOON_BRIGHT
    50.81304            I.180220_1930.S  146.1252484  -31.7290552 187.27519   88.4641    17.921     0.012    22.364   MOON_BRIGHT
    50.86350            I.180220_2043.S  146.1252498  -31.7290784 193.95492   80.3252    17.883     0.014    22.113   MOON_BRIGHT
    50.93524            I.180220_2226.S  146.1253613  -31.7292757 190.68906   2.99729    17.901     0.364    18.332   _
    51.04524            I.180221_0105.C  146.1252488  -31.7290560 214.74307   72.7014    17.771     0.015    21.881   _
    51.11497            I.180221_0245.C  146.1252502  -31.7290581 215.94500   88.8602    17.765     0.012    22.238   _
    51.19660            I.180221_0443.C  146.1252518  -31.7290589 211.55665   96.6254    17.788     0.011    22.452   _
    51.26615            I.180221_0623.C  146.1252234  -31.7290596 202.47577   98.9969    17.836     0.011    22.654   _
    51.43778            I.180221_1030.A  146.1252515  -31.7290658 228.06712   66.0030    17.706     0.017    21.681   _
    51.46888            I.180221_1115.A  146.1252633  -31.7290678 217.30679   43.4244    17.759     0.025    21.219   _
    51.52637            I.180221_1237.A  146.1252548  -31.7290550 207.94797   67.4121    17.807     0.016    21.767   _
    51.57615            I.180221_1349.A  146.1252662  -31.7290563 203.40686   87.3355    17.831     0.013    22.229   _
    51.63774            I.180221_1518.A  146.1252596  -31.7290548 205.34710   44.7330    17.820     0.024    21.292   _
    51.79156            I.180221_1859.S  146.1252405  -31.7290635 195.53283   79.3314    17.874     0.014    22.107   MOON_BRIGHT
    51.79516            I.180221_1905.S  146.1252468  -31.7290564 193.01395   90.2536    17.888     0.012    22.297   MOON_BRIGHT
    51.82594            I.180221_1949.S  146.1252461  -31.7290544 192.84174   82.8666    17.889     0.013    22.177   MOON_BRIGHT
    53.04594            I.180223_0106.C  146.1252517  -31.7290540 208.84263   59.2549    17.802     0.018    21.607   _
    53.09837            I.180223_0221.C  146.1252488  -31.7290599 211.52388   70.6969    17.788     0.015    21.905   _
    53.18498            I.180223_0426.C  146.1252512  -31.7290555 201.35845   91.0563    17.842     0.012    22.405   _
    53.24750            I.180223_0556.C  146.1252464  -31.7290641 216.22719   104.173    17.764     0.011    22.637   _
    53.82656            I.180223_1950.S  146.1252553  -31.7290615 190.36243   72.0725    17.903     0.015    21.955   MOON_BRIGHT
    53.88609            I.180223_2115.S  146.1253028  -31.7290574 193.82188   16.7194    17.883     0.065    20.215   MOON_BRIGHT
    53.96771            I.180223_2313.S  146.1252541  -31.7290589 190.46915   65.7906    17.902     0.017    21.843   MOON_BRIGHT
    54.04028            I.180224_0058.S  146.1252570  -31.7290638 188.69254   43.7833    17.913     0.025    21.330   MOON_BRIGHT
    55.05976            I.180225_0126.C  146.1252450  -31.7290783 195.72992   94.0275    17.873     0.012    22.485   _
    55.11172            I.180225_0240.C  146.1252492  -31.7290614 215.07728   104.179    17.770     0.011    22.578   _
    55.19809            I.180225_0445.C  146.1252545  -31.7290598 216.90322   112.929    17.761     0.010    22.798   _
    55.26642            I.180225_0623.C  146.1252502  -31.7290560 223.97381   102.400    17.726     0.011    22.549   _
    55.78316            I.180225_1847.S  146.1252564  -31.7290492 192.93933   78.3742    17.888     0.014    22.047   MOON_BRIGHT
    55.81471            I.180225_1933.S  146.1252557  -31.7290513 195.21514   68.7041    17.875     0.016    21.873   MOON_BRIGHT
    55.86957            I.180225_2052.S  146.1252589  -31.7290581 189.79876   88.3634    17.906     0.012    22.299   MOON_BRIGHT
    55.94465            I.180225_2240.S  146.1252491  -31.7290661 186.41477   68.1091    17.926     0.016    21.917   MOON_BRIGHT
    56.01722            I.180226_0024.S  146.1252625  -31.7290629 190.46851   60.1241    17.902     0.018    21.744   MOON_BRIGHT
    57.04773            I.180227_0108.C  146.1252509  -31.7290558 206.30236   70.0270    17.815     0.016    21.834   _
    57.10403            I.180227_0229.C  146.1252464  -31.7290564 216.78244   79.7463    17.761     0.014    21.986   _
    57.18135            I.180227_0421.C  146.1252469  -31.7290556 216.08192   85.9982    17.765     0.013    22.115   _
    57.24961            I.180227_0559.C  146.1252451  -31.7290567 217.77671   87.4366    17.756     0.013    22.158   _
    57.43161            I.180227_1021.A  146.1252436  -31.7290687 217.97450   64.6144    17.755     0.017    21.711   MOON_BRIGHT
    57.50106            I.180227_1201.A  146.1252527  -31.7290652 203.37049   53.5466    17.831     0.020    21.539   MOON_BRIGHT
    57.58821            I.180227_1407.A  146.1252443  -31.7290681 204.01649   55.9399    17.827     0.020    21.545   _
    57.66213            I.180227_1553.A  146.1252636  -31.7290867 204.68406   35.6780    17.824     0.031    20.976   _
    57.78742            I.180227_1853.S  146.1252533  -31.7290576 200.03149   91.3117    17.849     0.012    22.339   MOON_BRIGHT
    57.81522            I.180227_1933.S  146.1252495  -31.7290592 191.99124   90.6587    17.894     0.012    22.342   MOON_BRIGHT
    57.86940            I.180227_2051.S  146.1252505  -31.7290612 190.41059   89.1133    17.903     0.012    22.285   MOON_BRIGHT
    57.94992            I.180227_2247.S  146.1252456  -31.7290547 196.22825   91.1227    17.870     0.012    22.334   MOON_BRIGHT
    58.02462            I.180228_0035.S  146.1252529  -31.7290528 192.10559   52.0628    17.893     0.021    21.519   MOON_BRIGHT
    59.44817            I.180301_1045.A  146.1252504  -31.7290581 214.37152   53.8320    17.773     0.020    21.439   MOON_BRIGHT
    59.51029            I.180301_1214.A  146.1252600  -31.7290725 211.77580   54.3240    17.787     0.020    21.475   MOON_BRIGHT
    59.58744            I.180301_1405.A  146.1252605  -31.7290747 213.89511   41.6454    17.776     0.026    21.133   MOON_BRIGHT
    59.65994            I.180301_1550.A  146.1252716  -31.7290599 260.31365   45.1120    17.562     0.024    20.964   _
    59.77646            I.180301_1838.S  146.1252555  -31.7290892 189.06806   35.7677    17.910     0.031    21.131   _
    59.82806            I.180301_1952.S  146.1252658  -31.7290699 194.81542   44.5035    17.878     0.025    21.313   _
    61.03469            I.180303_0049.C  146.1252499  -31.7290548 217.38834   76.1219    17.758     0.014    21.931   MOON_BRIGHT
    61.09194            I.180303_0212.C  146.1252424  -31.7290561 207.40611   77.4673    17.809     0.014    22.002   _
    61.16089            I.180303_0351.C  146.1252415  -31.7290569 213.59942   87.2626    17.777     0.013    22.204   _
    61.23326            I.180303_0535.C  146.1252509  -31.7290595 213.32698   83.0963    17.779     0.013    22.120   _
    61.77703            I.180303_1838.S  146.1252501  -31.7290654 199.31167   82.5543    17.853     0.013    22.095   _
    61.81515            I.180303_1933.S  146.1252498  -31.7290577 193.22989   84.6811    17.887     0.013    22.158   _
    61.86729            I.180303_2048.S  146.1252589  -31.7290559 187.32920   72.4052    17.920     0.015    22.012   _
    61.94243            I.180303_2237.S  146.1252528  -31.7290693 193.91542   80.7933    17.883     0.014    22.169   MOON_BRIGHT
    62.02962            I.180304_0042.S  146.1252498  -31.7290642 198.02144   70.0493    17.860     0.016    21.888   MOON_BRIGHT
    63.04073            I.180305_0058.C  146.1252493  -31.7290636 218.56742   100.941    17.752     0.011    22.429   MOON_BRIGHT
    63.10831            I.180305_0235.C  146.1252427  -31.7290585 209.88423   98.7708    17.796     0.011    22.488   MOON_BRIGHT
    63.17895            I.180305_0417.C  146.1252561  -31.7290568 218.38585   98.2137    17.753     0.011    22.367   _
    63.25439            I.180305_0606.C  146.1252420  -31.7290588 210.43908   67.2736    17.794     0.016    21.907   _
    63.78750            I.180305_1854.S  146.1252518  -31.7290528 201.33356   76.8277    17.842     0.014    22.016   _
    63.81709            I.180305_1936.S  146.1252551  -31.7290635 199.10661   85.9732    17.854     0.013    22.288   _
    63.87258            I.180305_2056.S  146.1252504  -31.7290527 193.29934   89.9580    17.886     0.012    22.314   _
    63.94794            I.180305_2245.S  146.1252527  -31.7290504 195.14929   87.6479    17.876     0.012    22.278   MOON_BRIGHT
    64.01979            I.180306_0028.S  146.1252548  -31.7290590 194.18899   53.5666    17.881     0.020    21.546   MOON_BRIGHT
    65.03171            I.180307_0045.C  -99.9999999  -99.9999999 -99.99999    -99.99   -99.999   -99.999   -99.999   PSF_ERROR_BAD_IMAGE
    65.08079            I.180307_0156.C  146.1252582  -31.7290705 206.42735   89.1981    17.815     0.012    22.279   MOON_BRIGHT
    65.17542            I.180307_0412.C  146.1252509  -31.7290607 216.81766   101.677    17.761     0.011    22.453   MOON_BRIGHT
    65.24186            I.180307_0548.C  146.1252668  -31.7290623 219.33030   91.2405    17.748     0.012    22.248   MOON_BRIGHT
    65.77046            I.180307_1829.S  146.1252492  -31.7290608 195.24109   78.9880    17.875     0.014    22.080   _
    65.80269            I.180307_1915.S  146.1252586  -31.7290629 186.11272   82.2306    17.928     0.013    22.160   _
    65.85681            I.180307_2033.S  146.1252569  -31.7290551 190.05984   92.8274    17.905     0.012    22.368   _
    67.65347            I.180309_1541.A  146.1252566  -31.7290646 205.75456   69.9678    17.818     0.016    21.851   MOON_BRIGHT
    69.02450            I.180311_0035.C  146.1252556  -31.7290560 217.45169   91.8296    17.758     0.012    22.250   MOON_BRIGHT
    69.07741            I.180311_0151.C  146.1252505  -31.7290593 212.99622   90.3902    17.780     0.012    22.221   MOON_BRIGHT
    69.15093            I.180311_0337.C  146.1252507  -31.7290625 207.38812   103.141    17.809     0.011    22.607   MOON_BRIGHT
    69.22334            I.180311_0521.C  146.1252517  -31.7290618 213.23820   101.519    17.779     0.011    22.488   MOON_BRIGHT
    69.42220            I.180311_1007.A  146.1252431  -31.7290612 219.54818   88.0795    17.747     0.012    22.175   _
    69.47234            I.180311_1120.A  146.1252494  -31.7290638 223.36040   100.081    17.729     0.011    22.407   _
    69.52257            I.180311_1232.A  146.1252578  -31.7290524 220.73940   89.2490    17.741     0.012    22.247   MOON_BRIGHT
    69.57311            I.180311_1345.A  146.1252615  -31.7290496 218.46748   103.458    17.753     0.011    22.546   MOON_BRIGHT
    69.63681            I.180311_1517.A  146.1252610  -31.7290568 214.17379   100.009    17.774     0.011    22.454   MOON_BRIGHT
    69.77181            I.180311_1831.S  146.1252543  -31.7290536 191.99312   85.0604    17.894     0.013    22.197   _
    69.81705            I.180311_1936.S  146.1252488  -31.7290587 195.22020   76.5305    17.875     0.014    22.158   _
    69.88015            I.180311_2107.S  146.1252513  -31.7290743 199.92193   36.7180    17.849     0.030    21.128   _
    69.94706            I.180311_2243.S  146.1252595  -31.7290501 189.66764   78.3823    17.907     0.014    22.185   _
    69.95012            I.180311_2248.S  146.1252629  -31.7290597 196.44510   104.928    17.869     0.010    22.635   _
    71.02716            I.180313_0039.C  146.1252513  -31.7290615 218.97485   102.555    17.750     0.011    22.453   MOON_BRIGHT
    71.07683            I.180313_0150.C  146.1252548  -31.7290656 208.26449   94.7418    17.805     0.012    22.408   MOON_BRIGHT
    71.14553            I.180313_0329.C  146.1252561  -31.7290649 213.72608   97.5168    17.777     0.011    22.449   MOON_BRIGHT
    71.21046            I.180313_0503.C  146.1252549  -31.7290641 216.69128   101.300    17.762     0.011    22.446   MOON_BRIGHT
    73.02670            I.180315_0038.C  146.1252510  -31.7290633 212.81051   99.2275    17.781     0.011    22.456   MOON_BRIGHT
    73.07650            I.180315_0150.C  146.1252517  -31.7290609 209.74476   105.568    17.797     0.010    22.599   MOON_BRIGHT
    73.14493            I.180315_0328.C  146.1252504  -31.7290679 216.54116   108.312    17.762     0.010    22.669   MOON_BRIGHT
    73.20774            I.180315_0459.C  146.1252584  -31.7290652 212.78220   102.199    17.781     0.011    22.576   MOON_BRIGHT
    73.43215            I.180315_1022.A  146.1252522  -31.7290652 228.30428   91.5409    17.705     0.012    22.216   _
    73.48568            I.180315_1139.A  146.1252613  -31.7290676 205.66108   69.4320    17.819     0.016    21.877   _
    73.53469            I.180315_1249.A  146.1252555  -31.7290564 212.43821   94.6052    17.783     0.012    22.336   _
    73.60300            I.180315_1428.A  146.1252585  -31.7290486 220.41248   88.8156    17.743     0.012    22.248   _
    73.77824            I.180315_1840.S  146.1255626  -31.7294452 179.74427   2.22572    17.966     0.490    18.046   _
    75.02072            I.180317_0029.C  146.1252586  -31.7290585 209.34158   90.7172    17.799     0.012    22.269   _
    75.07258            I.180317_0144.C  146.1252504  -31.7290624 219.80667   103.284    17.746     0.011    22.459   _
    75.14360            I.180317_0326.C  146.1252564  -31.7290630 216.91124   109.635    17.760     0.010    22.685   MOON_BRIGHT
    75.21039            I.180317_0502.C  146.1252364  -31.7290615 216.26434   109.570    17.764     0.010    22.724   MOON_BRIGHT
    75.41549            I.180317_0958.A  146.1252562  -31.7290627 227.51625   77.7431    17.708     0.014    21.902   _
    75.46576            I.180317_1110.A  146.1252458  -31.7290574 225.32895   87.7520    17.719     0.012    22.179   _
    75.51970            I.180317_1228.A  146.1252500  -31.7290273 217.00334   88.8992    17.760     0.012    22.226   _
    75.58837            I.180317_1407.A  146.1252620  -31.7290608 214.44084   98.0324    17.773     0.011    22.452   _
    75.76890            I.180317_1827.S  146.1252543  -31.7290564 190.53871   98.0054    17.902     0.011    22.495   MOON_BRIGHT
    75.83707            I.180317_2005.S  146.1252552  -31.7290632 198.42568   108.700    17.858     0.010    22.665   _
    75.90714            I.180317_2146.S  146.1252631  -31.7290564 190.76384   87.5207    17.901     0.013    22.294   _
    75.97568            I.180317_2324.S  146.1252569  -31.7290690 191.46781   70.0644    17.897     0.016    21.924   _
    76.40822            I.180318_0947.A  146.1252445  -31.7290524 207.92754   76.7607    17.807     0.014    22.029   _
    76.46154            I.180318_1104.A  146.1252466  -31.7290671 213.43005   83.7080    17.778     0.013    22.100   _
    76.51090            I.180318_1215.A  146.1252473  -31.7290618 207.66637   78.4014    17.808     0.014    22.012   _
    76.58264            I.180318_1359.A  146.1252573  -31.7290502 219.78084   95.0597    17.746     0.012    22.385   _
    76.76696            I.180318_1824.S  146.1252493  -31.7290602 195.48642   108.020    17.874     0.010    22.666   MOON_BRIGHT
    76.82735            I.180318_1951.S  146.1252487  -31.7290581 194.24555   115.020    17.881     0.010    22.805   _
    76.89203            I.180318_2124.S  146.1252478  -31.7290638 193.19017   110.903    17.887     0.010    22.805   _
    76.96273            I.180318_2306.S  146.1252542  -31.7290605 190.88239   110.091    17.900     0.010    22.801   _
    76.96587            I.180318_2310.S  146.1252580  -31.7290635 187.18447   110.359    17.921     0.010    22.805   _
    77.15853            I.180319_0348.C  146.1252495  -31.7290622 215.60601   106.006    17.767     0.010    22.572   _
    77.22672            I.180319_0526.C  146.1252580  -31.7290632 214.67899   104.611    17.772     0.010    22.560   MOON_BRIGHT
    77.41887            I.180319_1003.A  146.1252486  -31.7290628 214.69960   77.5674    17.772     0.014    21.956   _
    77.47322            I.180319_1121.A  146.1252618  -31.7290646 210.35510   87.8410    17.794     0.012    22.180   _
    77.52417            I.180319_1234.A  146.1252550  -31.7290739 208.48677   59.0606    17.804     0.019    21.589   _
    77.59492            I.180319_1416.A  146.1252558  -31.7290424 220.04299   76.2822    17.745     0.014    21.894   _
    77.76491            I.180319_1821.S  146.1252505  -31.7290649 193.68076   100.832    17.884     0.011    22.509   MOON_BRIGHT
    77.83122            I.180319_1956.S  146.1252537  -31.7290651 191.01492   107.778    17.899     0.010    22.720   _
    77.90615            I.180319_2144.S  146.1252522  -31.7290649 192.57570   112.947    17.890     0.010    22.796   _
    77.97028            I.180319_2317.S  146.1252592  -31.7290590 188.32621   103.759    17.915     0.011    22.609   _
    78.15174            I.180320_0338.C  146.1252524  -31.7290675 217.04891   105.474    17.760     0.010    22.575   _
    78.22421            I.180320_0522.C  146.1252563  -31.7290621 213.40729   98.4455    17.778     0.011    22.449   MOON_BRIGHT
    78.41867            I.180320_1002.A  146.1252543  -31.7290738 208.02359   39.5660    17.806     0.028    21.122   _
    78.42419            I.180320_1010.A  146.1252719  -31.7290738 204.11568   35.6648    17.827     0.031    21.044   _
    78.47330            I.180320_1121.A  146.1252542  -31.7290610 225.65259   77.3986    17.717     0.014    21.939   _
    78.52251            I.180320_1232.A  146.1252417  -31.7290535 207.06749   81.2008    17.811     0.013    22.097   _
    78.76340            I.180320_1819.S  -99.9999999  -99.9999999 -99.99999    -99.99   -99.999   -99.999   -99.999   PSF_ERROR_BAD_IMAGE
    78.82112            I.180320_1942.S  -99.9999999  -99.9999999 -99.99999    -99.99   -99.999   -99.999   -99.999   PSF_ERROR_BAD_IMAGE
    79.14208            I.180321_0324.C  146.1252543  -31.7290655 208.63033   100.416    17.803     0.011    22.504   _
    79.21968            I.180321_0516.C  146.1252548  -31.7290603 211.51634   95.3037    17.788     0.012    22.387   _
    79.76309            I.180321_1818.S  146.1252563  -31.7290545 190.46738   90.1287    17.902     0.012    22.343   MOON_BRIGHT
    79.82043            I.180321_1941.S  146.1252580  -31.7290547 193.75118   85.0441    17.884     0.013    22.196   MOON_BRIGHT
    79.87860            I.180321_2105.S  146.1252787  -31.7290643 192.73656   80.4161    17.889     0.014    22.162   _
    80.12862            I.180322_0305.C  146.1252527  -31.7290631 212.89361   104.505    17.781     0.011    22.594   _
    80.19148            I.180322_0435.C  146.1252583  -31.7290613 210.23894   98.1933    17.795     0.011    22.614   _
    81.11997            I.180323_0252.C  146.1252525  -31.7290561 211.43589   102.494    17.788     0.011    22.492   _
    81.18488            I.180323_0426.C  146.1252478  -31.7290548 214.80352   111.004    17.771     0.010    22.781   _
    81.40958            I.180323_0949.A  146.1252451  -31.7290549 218.34509   78.3206    17.753     0.014    21.971   _
    81.46175            I.180323_1104.A  146.1252571  -31.7290582 203.99378   76.9883    17.827     0.014    22.040   _
    81.51186            I.180323_1217.A  146.1252445  -31.7290573 208.57901   66.1193    17.803     0.017    21.809   _
    81.60918            I.180323_1437.A  146.1252405  -31.7290595 204.42668   48.1598    17.825     0.023    21.370   _
    81.76556            I.180323_1822.S  146.1252538  -31.7290589 192.18992   104.165    17.892     0.011    22.657   MOON_BRIGHT
    81.82414            I.180323_1946.S  146.1252574  -31.7290571 201.19456   109.058    17.843     0.010    22.693   MOON_BRIGHT
    83.02270            I.180325_0032.C  146.1252462  -31.7290649 211.88617   98.4389    17.786     0.011    22.460   _
    83.07492            I.180325_0147.C  146.1252516  -31.7290638 211.38664   100.142    17.789     0.011    22.507   _
    83.14469            I.180325_0328.C  146.1252530  -31.7290618 217.84422   100.437    17.756     0.011    22.449   _
    83.21641            I.180325_0511.C  146.1252490  -31.7290559 217.80440   92.8486    17.756     0.012    22.273   _
    83.76303            I.180325_1818.S  146.1252522  -31.7290627 185.81160   75.4294    17.929     0.015    22.066   MOON_BRIGHT
    83.81656            I.180325_1935.S  146.1252580  -31.7290631 190.94536   75.1935    17.900     0.015    22.005   MOON_BRIGHT
    83.88465            I.180325_2113.S  146.1252569  -31.7290585 188.91478   70.7396    17.911     0.015    21.956   MOON_BRIGHT
    83.95075            I.180325_2249.S  146.1252542  -31.7290538 189.78215   86.5325    17.906     0.013    22.241   MOON_BRIGHT
    85.45312            I.180327_1052.A  146.1252543  -31.7290619 213.30381   72.0802    17.779     0.015    21.879   MOON_BRIGHT
    85.50780            I.180327_1211.A  146.1252504  -31.7290588 204.65930   59.7967    17.824     0.018    21.655   _
    85.76317            I.180327_1818.S  146.1252502  -31.7290613 194.51307   70.6803    17.879     0.015    21.908   MOON_BRIGHT
    85.83697            I.180327_2005.S  146.1252478  -31.7290588 191.69880   98.2023    17.895     0.011    22.519   MOON_BRIGHT
    85.92402            I.180327_2210.S  146.1252505  -31.7290602 192.08044   97.4908    17.893     0.011    22.458   MOON_BRIGHT
    87.00539            I.180329_0007.C  146.1252459  -31.7290612 218.73036   89.2328    17.751     0.012    22.226   _
    87.07632            I.180329_0149.C  146.1252291  -31.7290563 206.25921   84.1109    17.815     0.013    22.173   _
    87.14295            I.180329_0325.C  146.1252479  -31.7290604 232.71423   94.9702    17.684     0.012    22.258   _
    87.20856            I.180329_0500.C  146.1252322  -31.7290486 226.38701   61.8655    17.714     0.018    21.652   _
    87.39797            I.180329_0933.A  146.1252562  -31.7290641 218.05080   59.0096    17.755     0.019    21.538   MOON_BRIGHT
    87.45351            I.180329_1053.A  146.1252483  -31.7290709 213.45050   63.4553    17.778     0.017    21.677   MOON_BRIGHT
    87.50753            I.180329_1210.A  146.1252545  -31.7290388 218.53136   71.3813    17.752     0.015    21.820   MOON_BRIGHT
    87.58059            I.180329_1356.A  146.1252424  -31.7290271 211.34374   69.0402    17.789     0.016    21.787   MOON_BRIGHT
    89.01236            I.180331_0017.C  146.1252373  -31.7290613 213.87227   72.7087    17.776     0.015    21.878   MOON_BRIGHT
    89.08034            I.180331_0155.C  146.1252492  -31.7290578 217.18635   86.2232    17.759     0.013    22.177   _
    89.16172            I.180331_0352.C  -99.9999999  -99.9999999 -99.99999    -99.99   -99.999   -99.999   -99.999   PSF_ERROR_BAD_IMAGE
    89.16804            I.180331_0401.C  146.1252353  -31.7290573 217.72818   81.3425    17.756     0.013    22.044   _
    89.41193            I.180331_0953.A  146.1252587  -31.7290629 203.42875   39.5531    17.830     0.028    21.133   MOON_BRIGHT
    89.46992            I.180331_1116.A  146.1252514  -31.7290567 214.15746   55.4966    17.774     0.020    21.510   MOON_BRIGHT
    89.52021            I.180331_1229.A  146.1252495  -31.7290712 219.89805   60.9728    17.746     0.018    21.584   MOON_BRIGHT
    89.59464            I.180331_1416.A  146.1252210  -31.7290647 199.41859   32.8451    17.852     0.033    20.947   MOON_BRIGHT
    89.85365            I.180331_2029.S  146.1252571  -31.7290607 189.07242   65.4319    17.910     0.017    21.859   MOON_BRIGHT
    91.00125            I.180402_0001.C  146.1252541  -31.7290585 211.73538   83.4180    17.787     0.013    22.120   MOON_BRIGHT
    91.07334            I.180402_0145.C  146.1252482  -31.7290577 220.85085   90.5331    17.741     0.012    22.177   MOON_BRIGHT
    91.14071            I.180402_0322.C  146.1252538  -31.7290611 208.97303   85.2559    17.801     0.013    22.156   _
    91.19461            I.180402_0440.C  146.1252469  -31.7290597 221.90506   83.8794    17.736     0.013    22.117   _
    91.40212            I.180402_0939.A  146.1252573  -31.7290634 209.67680   73.2702    17.797     0.015    21.931   MOON_BRIGHT
    91.83975            I.180402_2009.S  146.1252531  -31.7290598 191.36078   90.8516    17.897     0.012    22.309   _
    91.90436            I.180402_2142.S  146.1252567  -31.7290559 188.32460   69.9819    17.915     0.016    21.915   MOON_BRIGHT
    93.00497            I.180404_0007.C  146.1252485  -31.7290602 209.96729   89.6768    17.796     0.012    22.273   MOON_BRIGHT
    93.08041            I.180404_0155.C  146.1252454  -31.7290587 212.76999   97.4389    17.782     0.011    22.456   MOON_BRIGHT
    93.16502            I.180404_0357.C  146.1252640  -31.7290640 218.98953   105.189    17.750     0.010    22.613   MOON_BRIGHT
    93.39743            I.180404_0932.A  146.1252481  -31.7290594 218.13553   83.3672    17.754     0.013    22.108   MOON_BRIGHT
    93.44834            I.180404_1045.A  146.1252495  -31.7290601 218.47750   90.0672    17.753     0.012    22.282   MOON_BRIGHT
    93.47834            I.180404_1128.A  146.1252507  -31.7290609 215.78655   95.3945    17.766     0.012    22.416   MOON_BRIGHT
    93.54266            I.180404_1301.A  146.1252537  -31.7290605 209.36400   79.7721    17.799     0.014    22.040   MOON_BRIGHT
    93.59797            I.180404_1421.A  146.1252456  -31.7290650 209.39849   80.7559    17.799     0.014    22.097   MOON_BRIGHT
    93.82521            I.180404_1948.S  146.1252502  -31.7290663 196.21911   115.062    17.870     0.010    22.903   _
    93.89961            I.180404_2135.S  146.1252442  -31.7290613 190.61220   88.3365    17.901     0.012    22.369   _
    94.99604            I.180405_2354.C  146.1252495  -31.7290601 214.58639   71.9984    17.772     0.015    21.881   MOON_BRIGHT
    95.06850            I.180406_0138.C  146.1252486  -31.7290620 208.69034   78.6579    17.803     0.014    22.017   MOON_BRIGHT
    95.39574            I.180406_0929.A  146.1252548  -31.7290636 232.23619   76.4235    17.686     0.014    21.884   MOON_BRIGHT
    95.47179            I.180406_1119.A  146.1252544  -31.7290490 212.45788   95.8511    17.783     0.011    22.429   MOON_BRIGHT
    95.53450            I.180406_1249.A  146.1252542  -31.7290578 207.46148   80.3879    17.809     0.014    22.093   MOON_BRIGHT
    95.75398            I.180406_1805.S  146.1252529  -31.7290581 191.90164   86.0335    17.894     0.013    22.185   _
    95.82314            I.180406_1945.S  146.1252556  -31.7290550 196.16614   102.535    17.870     0.011    22.571   _
    95.89583            I.180406_2130.S  146.1252555  -31.7290613 192.44303   106.754    17.891     0.010    22.692   _
    96.99671            I.180407_2355.C  146.1252531  -31.7290626 210.26583   85.9208    17.794     0.013    22.138   MOON_BRIGHT
    97.07418            I.180408_0146.C  146.1252519  -31.7290592 212.91257   93.6139    17.781     0.012    22.367   MOON_BRIGHT
    97.14017            I.180408_0321.C  146.1252449  -31.7290569 217.79477   96.9381    17.756     0.011    22.399   MOON_BRIGHT
    97.39318            I.180408_0926.A  146.1252855  -31.7290938 226.25511   21.8198    17.714     0.050    20.356   _
    97.47537            I.180408_1124.A  146.1252575  -31.7290521 212.94831   86.8289    17.781     0.013    22.183   MOON_BRIGHT
    97.53826            I.180408_1255.A  146.1252522  -31.7290662 214.32548   94.3276    17.774     0.012    22.322   MOON_BRIGHT
    97.74344            I.180408_1750.S  146.1252500  -31.7290524 201.35563   81.8643    17.842     0.013    22.216   _
    97.81425            I.180408_1932.S  146.1252565  -31.7290458 197.80448   107.500    17.861     0.010    22.740   _
    97.87862            I.180408_2105.S  146.1252628  -31.7290339 197.96406   83.1497    17.860     0.013    22.375   _
    98.99995            I.180409_2359.C  146.1252620  -31.7290595 209.37043   77.0900    17.799     0.014    21.982   MOON_BRIGHT
    99.07139            I.180410_0142.C  146.1252507  -31.7290668 217.08453   85.7257    17.760     0.013    22.168   MOON_BRIGHT
    99.13251            I.180410_0310.C  146.1252373  -31.7290558 234.17285   62.6449    17.677     0.018    21.729   MOON_BRIGHT
    99.75712            I.180410_1810.S  146.1252540  -31.7290617 189.14847   87.4212    17.910     0.013    22.274   _
   101.00214            I.180412_0003.C  146.1252588  -31.7290605 208.86767   84.7447    17.802     0.013    22.130   MOON_BRIGHT
   101.08016            I.180412_0155.C  -99.9999999  -99.9999999 -99.99999    -99.99   -99.999   -99.999   -99.999   PSF_ERROR_BAD_IMAGE
   101.14197            I.180412_0324.C  146.1252219  -31.7290421 218.45745   81.7318    17.753     0.013    22.168   MOON_BRIGHT
   101.39230            I.180412_0924.A  146.1252568  -31.7290664 225.77947   88.6148    17.717     0.012    22.194   _
   101.46493            I.180412_1109.A  146.1252578  -31.7290548 207.45770   89.7106    17.809     0.012    22.253   _
   101.52706            I.180412_1238.A  146.1252547  -31.7290545 217.22485   99.5719    17.759     0.011    22.453   _
   101.75788            I.180412_1811.S  146.1252527  -31.7290600 192.04647   99.8322    17.893     0.011    22.606   _
   103.01515            I.180414_0021.C  146.1252505  -31.7290659 215.32752   90.9640    17.768     0.012    22.284   _
   103.07903            I.180414_0153.C  146.1252499  -31.7290596 213.28719   102.627    17.779     0.011    22.505   MOON_BRIGHT
   103.14196            I.180414_0324.C  146.1252395  -31.7290502 216.04876   89.6624    17.765     0.012    22.308   MOON_BRIGHT
   103.41003            I.180414_0950.A  146.1252493  -31.7290616 211.02630   73.4956    17.790     0.015    21.954   _
   103.47713            I.180414_1127.A  146.1252491  -31.7290563 207.93400   64.5629    17.807     0.017    21.811   _
   103.54185            I.180414_1300.A  146.1252494  -31.7290501 212.36776   78.6936    17.784     0.014    22.039   _
   103.75815            I.180414_1811.S  146.1252526  -31.7290568 207.22340   94.1069    17.810     0.012    22.338   _
   103.82248            I.180414_1944.S  146.1252662  -31.7290625 189.61587   104.360    17.907     0.011    22.650   _
   103.88942            I.180414_2120.S  146.1252583  -31.7290559 189.25507   105.061    17.909     0.010    22.744   _
   103.99351            I.180414_2350.C  146.1252507  -31.7290606 217.57376   102.943    17.757     0.011    22.477   _
   104.06426            I.180415_0132.C  146.1252554  -31.7290614 214.65774   93.2516    17.772     0.012    22.296   _
   104.13278            I.180415_0311.C  146.1252534  -31.7290624 222.75083   86.5566    17.732     0.013    22.140   MOON_BRIGHT
   104.40958            I.180415_0949.A  146.1252527  -31.7290599 212.92725   101.863    17.781     0.011    22.532   _
   104.47352            I.180415_1121.A  146.1252548  -31.7290598 214.66572   93.7040    17.772     0.012    22.338   _
   104.53950            I.180415_1256.A  146.1252514  -31.7290515 215.86973   103.395    17.766     0.011    22.623   _
   104.75616            I.180415_1808.S  -99.9999999  -99.9999999 -99.99999    -99.99   -99.999   -99.999   -99.999   PSF_ERROR_BAD_IMAGE
   104.84066            I.180415_2010.S  146.1252620  -31.7290569 191.06149   107.624    17.899     0.010    22.719   _
   104.90314            I.180415_2140.S  146.1252596  -31.7290613 192.88414   92.4360    17.889     0.012    22.431   _
   105.01610            I.180416_0023.C  146.1252492  -31.7290654 213.92276   89.4123    17.776     0.012    22.215   _
   105.09655            I.180416_0219.C  146.1252580  -31.7290580 223.64771   76.8159    17.727     0.014    21.906   _
   106.00647            I.180417_0009.C  146.1252460  -31.7290549 208.39356   70.1023    17.804     0.016    21.944   _
   106.07098            I.180417_0142.C  146.1252573  -31.7290584 212.67436   86.5177    17.782     0.013    22.212   _
   106.13777            I.180417_0318.C  146.1252579  -31.7290546 216.26314   91.9563    17.764     0.012    22.252   _
   106.40514            I.180417_0943.A  146.1252573  -31.7290656 204.79743   66.1058    17.823     0.017    21.768   _
   106.47194            I.180417_1119.A  146.1252505  -31.7290614 206.34878   94.5510    17.815     0.012    22.400   _
   106.53419            I.180417_1249.A  146.1252526  -31.7290589 211.74846   99.3013    17.787     0.011    22.464   _
   106.83525            I.180417_2002.S  146.1252484  -31.7290620 189.29765   78.9774    17.909     0.014    22.321   _
   106.90215            I.180417_2139.S  146.1252554  -31.7290578 188.82714   105.879    17.912     0.010    22.710   _
   107.01830            I.180418_0026.C  146.1252499  -31.7290634 207.45714   65.3330    17.809     0.017    21.729   _
   107.08432            I.180418_0201.C  146.1252576  -31.7290601 207.54713   52.6387    17.809     0.021    21.515   _
   108.00840            I.180419_0012.C  146.1252490  -31.7290635 210.39457   88.5680    17.794     0.012    22.197   _
   108.07669            I.180419_0150.C  146.1252421  -31.7290658 214.28894   93.8862    17.774     0.012    22.350   _
   108.13756            I.180419_0318.C  146.1252300  -31.7290529 229.39336   84.5751    17.699     0.013    22.063   _
   108.75250            I.180419_1803.S  146.1252479  -31.7290636 192.35755   94.0922    17.892     0.012    22.368   MOON_BRIGHT
   108.81704            I.180419_1936.S  146.1252550  -31.7290601 192.36229   93.2697    17.892     0.012    22.359   MOON_BRIGHT
   108.89046            I.180419_2122.S  146.1252612  -31.7290676 192.58340   98.2700    17.890     0.011    22.511   MOON_BRIGHT
   109.01038            I.180420_0014.C  146.1252541  -31.7290608 208.56678   98.2523    17.803     0.011    22.489   _
   109.07743            I.180420_0151.C  146.1252446  -31.7290604 216.95487   91.6018    17.760     0.012    22.304   _
   109.14132            I.180420_0323.C  146.1252138  -31.7290384 230.70263   68.7535    17.693     0.016    21.821   _
   109.40529            I.180420_0943.A  146.1252534  -31.7290531 223.33371   90.6133    17.729     0.012    22.269   _
   109.47534            I.180420_1124.A  146.1252620  -31.7290410 210.52594   98.6417    17.793     0.011    22.489   _
   109.53797            I.180420_1254.A  146.1252606  -31.7290572 217.69077   100.807    17.757     0.011    22.512   _
   109.74968            I.180420_1759.S  146.1252548  -31.7290612 191.16140   111.169    17.898     0.010    22.812   MOON_BRIGHT
   109.82995            I.180420_1955.S  146.1252571  -31.7290637 191.96067   105.217    17.894     0.010    22.601   MOON_BRIGHT
   109.88830            I.180420_2119.S  146.1252544  -31.7290649 191.51406   108.766    17.896     0.010    22.779   MOON_BRIGHT
   110.00484            I.180421_0006.C  146.1252468  -31.7290667 211.93496   103.344    17.786     0.011    22.597   _
   110.07230            I.180421_0144.C  146.1252470  -31.7290559 220.38319   102.677    17.743     0.011    22.545   _
   110.14265            I.180421_0325.C  146.1252223  -31.7290528 221.18542   82.8542    17.739     0.013    22.157   _
   110.41250            I.180421_0954.A  146.1252488  -31.7290591 210.62698   64.9862    17.793     0.017    21.795   _
   110.48147            I.180421_1133.A  146.1252549  -31.7290562 209.42012   84.2099    17.799     0.013    22.158   _
   110.75587            I.180421_1808.S  146.1252536  -31.7290638 195.02960   107.128    17.876     0.010    22.678   MOON_BRIGHT
   110.82910            I.180421_1953.S  146.1252564  -31.7290635 194.76370   117.018    17.878     0.009    22.977   MOON_BRIGHT
   111.01561            I.180422_0022.C  146.1252443  -31.7290550 212.90250   99.5015    17.781     0.011    22.524   _
   111.08189            I.180422_0157.C  146.1252486  -31.7290623 219.47306   107.800    17.748     0.010    22.651   _
   111.13861            I.180422_0319.C  146.1252550  -31.7290591 210.45720   87.2008    17.793     0.013    22.208   _
   111.39782            I.180422_0932.A  146.1252591  -31.7290645 205.92036   88.4698    17.817     0.012    22.282   _
   111.75164            I.180422_1802.S  146.1252532  -31.7290637 195.74571   102.762    17.872     0.011    22.572   MOON_BRIGHT
   111.82394            I.180422_1946.S  146.1252543  -31.7290637 198.70454   115.571    17.856     0.010    22.860   MOON_BRIGHT
   112.02259            I.180423_0032.C  146.1252498  -31.7290610 210.54533   86.2678    17.793     0.013    22.190   _
   112.13969            I.180423_0321.C  146.1252590  -31.7290621 221.38085   54.4468    17.738     0.020    21.442   _
   112.40606            I.180423_0944.A  146.1252553  -31.7290619 210.94450   81.0748    17.791     0.014    22.201   MOON_BRIGHT
   112.47520            I.180423_1124.A  146.1252432  -31.7290586 214.20517   91.5387    17.774     0.012    22.274   _
   112.77662            I.180423_1838.S  146.1252528  -31.7290623 189.79436   86.5132    17.906     0.013    22.292   MOON_BRIGHT
   112.85458            I.180423_2030.S  146.1252410  -31.7290684 193.12540   87.8025    17.887     0.012    22.267   MOON_BRIGHT
   113.03936            I.180424_0056.C  146.1252496  -31.7290622 213.02198   85.6315    17.780     0.013    22.127   _
   113.10285            I.180424_0228.C  146.1252456  -31.7290663 219.32176   47.8206    17.748     0.023    21.378   _
   113.39765            I.180424_0932.A  146.1252512  -31.7290481 217.32886   89.1815    17.758     0.012    22.201   MOON_BRIGHT
   113.46831            I.180424_1114.A  146.1252520  -31.7290605 207.03459   71.2138    17.811     0.015    21.898   _
   113.75468            I.180424_1806.S  146.1252499  -31.7290599 189.58754   94.5800    17.907     0.012    22.476   MOON_BRIGHT
   113.83203            I.180424_1958.S  146.1252564  -31.7290617 188.95180   101.060    17.911     0.011    22.558   MOON_BRIGHT
   113.99894            I.180424_2358.C  146.1252479  -31.7290627 210.21816   83.3747    17.795     0.013    22.145   _
   114.05995            I.180425_0126.C  146.1252530  -31.7290589 215.42505   84.1407    17.768     0.013    22.071   _
   115.39234            I.180426_0924.A  146.1252472  -31.7290547 216.19317   78.4625    17.764     0.014    21.992   MOON_BRIGHT
   115.46388            I.180426_1107.A  146.1252533  -31.7290622 211.31296   73.6915    17.789     0.015    21.952   MOON_BRIGHT
   115.46547            I.180426_1110.A  146.1252546  -31.7290622 209.24416   67.3567    17.800     0.016    21.799   MOON_BRIGHT
   116.02198            I.180427_0031.C  146.1252460  -31.7290562 213.17969   77.9832    17.779     0.014    21.970   _
   116.08464            I.180427_0201.C  146.1252496  -31.7290586 214.22196   77.2379    17.774     0.014    21.952   _
   116.38892            I.180427_0920.A  146.1252553  -31.7290603 206.39125   43.6908    17.815     0.025    21.235   MOON_BRIGHT
   116.45537            I.180427_1055.A  146.1252599  -31.7290597 205.48655   57.9620    17.820     0.019    21.608   MOON_BRIGHT
   116.74086            I.180427_1746.S  146.1252558  -31.7290592 204.76787   87.6871    17.823     0.012    22.195   MOON_BRIGHT
   116.80366            I.180427_1917.S  146.1252505  -31.7290570 205.99034   89.1771    17.817     0.012    22.214   MOON_BRIGHT
   116.86976            I.180427_2052.S  146.1252508  -31.7290570 195.07816   67.0526    17.876     0.016    21.829   MOON_BRIGHT
   117.00274            I.180428_0003.C  146.1252436  -31.7290555 213.96659   70.5033    17.775     0.016    21.860   _
   117.06569            I.180428_0134.C  146.1252499  -31.7290615 220.47291   76.5438    17.743     0.014    21.881   _
   117.38854            I.180428_0919.A  146.1252500  -31.7290606 207.31402   67.1296    17.810     0.016    21.814   MOON_BRIGHT
   117.45696            I.180428_1058.A  146.1252611  -31.7290550 205.62890   57.9917    17.819     0.019    21.595   MOON_BRIGHT
   117.73591            I.180428_1739.S  146.1252591  -31.7290589 193.22038   25.1483    17.887     0.043    20.646   _
   117.80244            I.180428_1915.S  146.1252683  -31.7290892 193.64919   18.7982    17.884     0.058    20.317   MOON_BRIGHT
   117.87021            I.180428_2053.S  146.1252605  -31.7290663 193.97436   37.3102    17.882     0.029    21.111   MOON_BRIGHT
   117.99337            I.180428_2350.C  146.1252654  -31.7290802 208.90019   15.6599    17.802     0.070    20.061   MOON_BRIGHT
   118.05601            I.180429_0120.C  146.1252588  -31.7290839 204.68245   14.8749    17.824     0.073    20.030   _
   118.11851            I.180429_0250.C  146.1253050  -31.7290911 246.34799   8.94007    17.622     0.122    19.260   _
   118.39880            I.180429_0934.A  146.1252503  -31.7290588 208.61014   76.0448    17.803     0.014    21.967   MOON_BRIGHT
   118.46752            I.180429_1113.A  146.1252532  -31.7290674 205.92907   62.6702    17.817     0.017    21.706   MOON_BRIGHT
   118.73773            I.180429_1742.S  146.1252554  -31.7290524 191.16573   65.6952    17.898     0.017    21.814   _
   118.80162            I.180429_1914.S  146.1252604  -31.7290692 192.84794   52.3754    17.889     0.021    21.531   MOON_BRIGHT
   118.86914            I.180429_2051.S  146.1252612  -31.7290656 191.46291   58.3842    17.897     0.019    21.713   MOON_BRIGHT
   118.99752            I.180429_2356.C  146.1252393  -31.7290593 220.19900   80.1092    17.744     0.014    21.969   MOON_BRIGHT
   119.05877            I.180430_0124.C  146.1252524  -31.7290569 210.45617   72.9164    17.793     0.015    21.930   MOON_BRIGHT
   119.11800            I.180430_0249.C  146.1252453  -31.7290589 231.25460   64.2434    17.691     0.017    21.639   _
   119.38866            I.180430_0919.A  146.1252412  -31.7290597 207.06440   56.0005    17.811     0.020    21.557   MOON_BRIGHT
   119.45192            I.180430_1050.A  146.1252565  -31.7290648 212.09085   51.5074    17.785     0.021    21.421   MOON_BRIGHT
   119.73179            I.180430_1733.S  146.1252482  -31.7290539 191.47322   101.179    17.897     0.011    22.530   _
   119.80488            I.180430_1919.S  146.1252492  -31.7290638 196.42804   99.9575    17.869     0.011    22.484   _
   119.99959            I.180430_2359.C  146.1253897  -31.7290395 401.84809   2.64046    17.088     0.414    17.382   MOON_BRIGHT
   121.38912            I.180502_0920.A  146.1252532  -31.7290621 217.25974   89.7400    17.759     0.012    22.205   MOON_BRIGHT
   121.45039            I.180502_1048.A  146.1252538  -31.7290460 213.01233   84.1864    17.780     0.013    22.128   MOON_BRIGHT
   121.50917            I.180502_1213.A  146.1252460  -31.7290556 219.29942   56.2259    17.749     0.019    21.535   MOON_BRIGHT
   121.82999            I.180502_1955.S  146.1252485  -31.7290568 192.05787   68.0093    17.893     0.016    21.887   _
   121.98757            I.180502_2342.C  146.1252432  -31.7290644 218.37510   80.5545    17.753     0.014    22.032   MOON_BRIGHT
   122.05535            I.180503_0119.C  146.1252481  -31.7290555 210.28948   38.3439    17.794     0.029    21.119   MOON_BRIGHT
   122.73407            I.180503_1737.S  146.1252549  -31.7290555 189.44215   80.3577    17.908     0.014    22.171   _
   122.79889            I.180503_1910.S  146.1252485  -31.7290594 199.75214   91.0104    17.850     0.012    22.311   _
   122.86065            I.180503_2039.S  146.1252572  -31.7290606 192.93235   103.534    17.888     0.011    22.581   _
   122.98863            I.180503_2343.C  146.1252529  -31.7290603 212.95591   91.8653    17.781     0.012    22.289   MOON_BRIGHT
   123.06274            I.180504_0130.C  146.1252530  -31.7290589 216.49357   94.9713    17.763     0.012    22.346   MOON_BRIGHT
   123.39677            I.180504_0931.A  146.1252594  -31.7290545 208.28183   71.2476    17.805     0.015    21.874   MOON_BRIGHT
   123.45954            I.180504_1101.A  146.1252640  -31.7290639 211.22708   57.6281    17.789     0.019    21.556   MOON_BRIGHT
   123.73583            I.180504_1739.S  146.1252525  -31.7290579 189.17361   98.8061    17.910     0.011    22.527   _
   123.79904            I.180504_1910.S  146.1252522  -31.7290599 188.21332   108.528    17.915     0.010    22.713   _
   124.00046            I.180505_0000.C  146.1252524  -31.7290586 208.19904   98.9610    17.805     0.011    22.499   MOON_BRIGHT
   124.07310            I.180505_0145.C  146.1252462  -31.7290584 218.28821   97.0086    17.754     0.011    22.405   MOON_BRIGHT
   124.39189            I.180505_0924.A  146.1252526  -31.7290639 205.99076   47.5413    17.817     0.023    21.326   MOON_BRIGHT
   124.45963            I.180505_1101.A  146.1252579  -31.7290646 208.94490   70.1340    17.801     0.016    21.833   MOON_BRIGHT
   124.73234            I.180505_1734.S  146.1252557  -31.7290651 190.81348   104.018    17.900     0.011    22.606   _
   124.79485            I.180505_1904.S  146.1252549  -31.7290667 191.30003   104.843    17.898     0.010    22.672   _
   124.85470            I.180505_2030.S  146.1252537  -31.7290651 190.18992   83.2546    17.904     0.013    22.197   _
   125.08917            I.180506_0208.C  146.1252524  -31.7290614 218.65611   81.5938    17.752     0.013    22.010   MOON_BRIGHT
   125.45946            I.180506_1101.A  146.1252513  -31.7290559 212.05374   89.2243    17.785     0.012    22.241   MOON_BRIGHT
   125.72819            I.180506_1728.S  146.1252501  -31.7290569 179.81120   66.4645    17.965     0.016    22.002   _
   125.79537            I.180506_1905.S  146.1252560  -31.7290617 197.86130   100.713    17.861     0.011    22.482   _
   126.03075            I.180507_0044.C  146.1252495  -31.7290688 213.34695   43.9957    17.779     0.025    21.262   MOON_BRIGHT
   126.39698            I.180507_0931.A  146.1252553  -31.7290599 211.77233   88.5422    17.787     0.012    22.217   _
   126.46252            I.180507_1106.A  -99.9999999  -99.9999999 -99.99999    -99.99   -99.999   -99.999   -99.999   PSF_ERROR_BAD_IMAGE
   126.99469            I.180507_2352.C  146.1252486  -31.7290649 208.10595   45.6490    17.806     0.024    21.341   MOON_BRIGHT
   127.05622            I.180508_0120.C  146.1252560  -31.7290585 209.59769   51.4315    17.798     0.021    21.457   MOON_BRIGHT
   127.38711            I.180508_0917.A  146.1252884  -31.7290905 186.71840   11.4735    17.924     0.095    19.846   _
   127.99750            I.180508_2356.C  146.1252512  -31.7290596 208.26050   63.3254    17.805     0.017    21.691   MOON_BRIGHT
   128.06214            I.180509_0129.C  146.1252576  -31.7290666 206.14549   58.1188    17.816     0.019    21.590   MOON_BRIGHT
   128.38889            I.180509_0919.A  146.1252554  -31.7290501 214.95487   85.6190    17.770     0.013    22.148   _
   128.45336            I.180509_1052.A  146.1252515  -31.7290494 213.37963   81.9521    17.778     0.013    22.082   _
   128.74852            I.180509_1757.S  146.1252543  -31.7290613 193.15511   97.4758    17.887     0.011    22.531   _
   128.81252            I.180509_1930.S  146.1252590  -31.7290559 195.93799   92.7472    17.871     0.012    22.534   _
   129.74343            I.180510_1750.S  146.1252428  -31.7290611 188.49048   29.0244    17.914     0.038    20.968   _
   129.81072            I.180510_1927.S  146.1253005  -31.7291258 202.72697   12.7817    17.834     0.085    19.925   _
   130.00059            I.180511_0000.C  146.1252533  -31.7290621 223.10011   91.7659    17.730     0.012    22.210   MOON_BRIGHT
   130.07226            I.180511_0144.C  146.1252454  -31.7290621 216.01628   91.9380    17.765     0.012    22.270   MOON_BRIGHT
   130.73472            I.180511_1738.S  146.1252485  -31.7290626 208.45372   84.5442    17.804     0.013    22.084   _
   130.80152            I.180511_1914.S  146.1252585  -31.7290589 198.90756   84.1289    17.855     0.013    22.188   _
   130.99840            I.180511_2357.C  146.1252488  -31.7290610 215.49747   98.1174    17.768     0.011    22.446   MOON_BRIGHT
   131.06625            I.180512_0135.C  146.1252326  -31.7290481 217.86345   89.8890    17.756     0.012    22.327   MOON_BRIGHT
   131.46147            I.180512_1104.A  146.1252801  -31.7290631 206.37491   28.4395    17.815     0.038    20.764   _
   131.73573            I.180512_1739.S  146.1252543  -31.7290529 202.15460   92.2067    17.837     0.012    22.328   _
   131.80318            I.180512_1916.S  146.1252546  -31.7290644 197.37342   92.3481    17.863     0.012    22.360   _
   131.99519            I.180512_2353.C  146.1252537  -31.7290593 211.44741   78.6913    17.788     0.014    21.999   _
   132.05875            I.180513_0124.C  146.1252489  -31.7290605 210.98712   77.1598    17.791     0.014    21.959   MOON_BRIGHT
   132.39424            I.180513_0927.A  146.1252464  -31.7290580 213.58894   87.0471    17.777     0.013    22.205   _
   132.46551            I.180513_1110.A  146.1252548  -31.7290593 213.36555   93.6319    17.778     0.012    22.328   _
   132.74325            I.180513_1750.S  146.1252498  -31.7290614 204.01890   81.1370    17.827     0.013    22.046   _
   132.80862            I.180513_1924.S  146.1252471  -31.7290575 196.68265   93.9314    17.867     0.012    22.416   _
   133.38601            I.180514_0915.A  146.1252557  -31.7290590 207.58828   58.7783    17.808     0.019    21.606   _
   133.45154            I.180514_1050.A  146.1252581  -31.7290566 206.28152   72.3357    17.815     0.015    21.952   _
   133.73487            I.180514_1738.S  146.1252517  -31.7290580 207.82508   94.0302    17.807     0.012    22.367   _
   133.81376            I.180514_1931.S  146.1252483  -31.7290587 204.59594   92.2990    17.824     0.012    22.356   _
   133.98734            I.180514_2341.C  146.1252675  -31.7290680 212.78258   53.6876    17.781     0.020    21.535   _
   134.05883            I.180515_0124.C  146.1252273  -31.7290513 226.48300   87.1265    17.713     0.013    22.124   _
   134.38897            I.180515_0920.A  146.1252502  -31.7290555 209.63350   82.2275    17.798     0.013    22.110   _
   134.45253            I.180515_1051.A  146.1252521  -31.7290657 213.78731   80.2997    17.776     0.014    22.011   _
   134.73779            I.180515_1742.S  146.1252521  -31.7290621 203.35541   100.274    17.831     0.011    22.497   _
   134.74096            I.180515_1746.S  146.1252483  -31.7290606 204.86501   96.2845    17.823     0.011    22.406   _
   134.98292            I.180515_2335.C  146.1252447  -31.7290601 220.57851   79.3922    17.742     0.014    22.074   _
   135.05034            I.180516_0112.C  146.1252521  -31.7290554 222.51799   88.9823    17.733     0.012    22.286   _
   135.37372            I.180516_0858.A  146.1252556  -31.7290704 206.36304   51.5913    17.815     0.021    21.427   _
   135.43927            I.180516_1032.A  146.1252532  -31.7290601 209.61368   66.7880    17.798     0.016    21.759   _
   135.73917            I.180516_1744.S  146.1252546  -31.7290646 203.32178   104.121    17.831     0.011    22.594   MOON_BRIGHT
   135.80678            I.180516_1921.S  146.1252557  -31.7290588 198.46192   99.9279    17.857     0.011    22.500   MOON_BRIGHT
   135.99674            I.180516_2355.C  146.1252496  -31.7290657 217.79760   94.8119    17.756     0.012    22.395   _
   136.05753            I.180517_0122.C  146.1252498  -31.7290584 217.21872   95.4772    17.759     0.011    22.349   _
   136.38451            I.180517_0913.A  146.1252542  -31.7290631 213.67548   90.3868    17.777     0.012    22.240   _
   136.44747            I.180517_1044.A  146.1252545  -31.7290529 214.31387   74.6113    17.774     0.015    21.928   _
   136.73870            I.180517_1743.S  146.1252572  -31.7290599 202.49637   105.121    17.836     0.010    22.589   MOON_BRIGHT
   136.80095            I.180517_1913.S  146.1252544  -31.7290676 205.97237   105.005    17.817     0.010    22.573   MOON_BRIGHT
   136.98517            I.180517_2338.C  146.1252476  -31.7290659 224.77490   28.3521    17.722     0.039    20.705   _
   137.00699            I.180518_0010.C  146.1252448  -31.7290621 225.23141   68.6118    17.719     0.016    21.849   _
   137.02814            I.180518_0040.C  146.1252505  -31.7290602 219.54754   87.7189    17.747     0.013    22.220   _
   137.05089            I.180518_0113.C  146.1252569  -31.7290610 218.14991   101.815    17.754     0.011    22.455   _
   137.38575            I.180518_0915.A  146.1252616  -31.7290574 208.26515   54.4581    17.805     0.020    21.530   _
   137.45383            I.180518_1053.A  146.1252452  -31.7290691 204.67871   65.9249    17.824     0.017    21.792   _
   137.73851            I.180518_1743.S  146.1253622  -31.7293017 361.36532   1.99057    17.204     0.549    17.209   MOON_BRIGHT
   137.97725            I.180518_2327.C  146.1252508  -31.7290660 210.50963   83.0158    17.793     0.013    22.092   _
   138.02817            I.180519_0040.C  146.1252344  -31.7290504 227.79726   81.7674    17.707     0.013    22.002   _
   138.05644            I.180519_0121.C  146.1252328  -31.7290505 225.14217   83.9862    17.720     0.013    22.130   _
   138.37888            I.180519_0905.A  146.1252541  -31.7290601 208.16025   68.2308    17.805     0.016    21.824   _
   138.45156            I.180519_1050.A  146.1252661  -31.7290617 206.85573   62.2545    17.812     0.018    21.664   _
   138.95632            I.180519_2257.C  146.1252488  -31.7290672 214.17097   66.1848    17.774     0.017    21.757   _
   139.00664            I.180520_0009.C  146.1252551  -31.7290628 211.92137   87.1158    17.786     0.013    22.205   _
   139.03743            I.180520_0053.C  146.1252567  -31.7290571 225.63494   85.7147    17.717     0.013    22.096   _
   139.44483            I.180520_1040.A  146.1252540  -31.7290525 207.93325   49.7561    17.807     0.022    21.376   _
   139.97242            I.180520_2320.C  146.1252490  -31.7290610 215.31825   78.0234    17.769     0.014    22.027   _
   140.01740            I.180521_0025.C  146.1252313  -31.7290652 232.17316   78.2032    17.686     0.014    21.972   _
   140.04668            I.180521_0107.C  146.1252478  -31.7290594 232.94034   70.3243    17.683     0.016    21.726   _
   140.38380            I.180521_0912.A  146.1252447  -31.7290576 206.57930   74.8884    17.814     0.015    21.952   _
   140.97113            I.180521_2318.C  146.1252487  -31.7290633 215.23161   89.5287    17.769     0.012    22.191   _
   141.01644            I.180522_0023.C  146.1252307  -31.7290516 214.05368   72.5611    17.775     0.015    21.929   _
   141.04590            I.180522_0106.C  146.1252486  -31.7290686 219.22055   76.8571    17.749     0.014    21.944   _
   141.40528            I.180522_0943.A  146.1252496  -31.7290603 209.01465   58.2487    17.801     0.019    21.588   MOON_BRIGHT
   141.98242            I.180522_2334.C  146.1252509  -31.7290508 214.39763   97.6885    17.773     0.011    22.371   _
   142.05087            I.180523_0113.C  146.1252462  -31.7290532 220.19855   100.799    17.744     0.011    22.442   _
   142.38355            I.180523_0912.A  146.1252463  -31.7290640 213.88108   52.5880    17.776     0.021    21.429   MOON_BRIGHT
   142.44935            I.180523_1047.A  146.1252581  -31.7290633 220.25287   68.5118    17.744     0.016    21.779   MOON_BRIGHT
   142.72576            I.180523_1725.S  146.1252535  -31.7290595 205.07320   74.0024    17.822     0.015    21.983   MOON_BRIGHT
   142.79588            I.180523_1906.S  146.1252569  -31.7290713 206.01972   34.3786    17.817     0.032    20.997   MOON_BRIGHT
   142.97751            I.180523_2327.C  146.1252472  -31.7290639 220.70102   99.3811    17.742     0.011    22.436   _
   143.04350            I.180524_0102.C  146.1252569  -31.7290582 212.02868   85.2962    17.785     0.013    22.223   _
   143.97524            I.180524_2324.C  146.1252533  -31.7290618 224.45751   92.1902    17.723     0.012    22.239   _
   144.03641            I.180525_0052.C  146.1252563  -31.7290604 209.66195   83.5033    17.798     0.013    22.153   _
   144.37981            I.180525_0906.A  146.1252476  -31.7290588 215.02853   93.3000    17.770     0.012    22.339   MOON_BRIGHT
   144.97411            I.180525_2322.C  146.1252557  -31.7290566 214.21625   85.3479    17.774     0.013    22.180   _
   145.03483            I.180526_0050.C  146.1252478  -31.7290559 216.75418   85.6642    17.761     0.013    22.138   _
   145.71863            I.180526_1714.S  146.1252562  -31.7290619 204.06936   73.3898    17.827     0.015    21.944   MOON_BRIGHT
   145.78211            I.180526_1846.S  146.1252508  -31.7290548 203.12391   78.4064    17.832     0.014    22.058   MOON_BRIGHT
   145.98109            I.180526_2332.C  146.1252249  -31.7290601 216.37039   68.0689    17.763     0.016    21.753   MOON_BRIGHT
   146.04147            I.180527_0059.C  146.1252472  -31.7290613 224.21772   69.8104    17.724     0.016    21.799   _
   146.73535            I.180527_1738.S  146.1252534  -31.7290591 204.39490   92.5307    17.825     0.012    22.322   MOON_BRIGHT
   146.79748            I.180527_1908.S  -99.9999999  -99.9999999 -99.99999    -99.99   -99.999   -99.999   -99.999   PSF_ERROR_BAD_IMAGE
   146.98422            I.180527_2337.C  146.1252498  -31.7290528 219.83362   76.0428    17.746     0.014    21.931   MOON_BRIGHT
   147.37770            I.180528_0903.A  146.1252444  -31.7290541 205.56810   76.7523    17.819     0.014    21.957   MOON_BRIGHT
   148.38043            I.180529_0907.A  146.1252468  -31.7290572 219.00904   83.0029    17.750     0.013    22.082   MOON_BRIGHT
   148.39182            I.180529_0924.A  146.1252426  -31.7290484 219.31646   80.8806    17.748     0.014    22.015   MOON_BRIGHT
   148.74490            I.180529_1752.S  146.1252517  -31.7290706 206.91503   64.4580    17.812     0.017    21.724   _
   149.73302            I.180530_1735.S  146.1252462  -31.7290688 201.92490   21.3249    17.839     0.051    20.488   _
   150.37544            I.180531_0900.A  146.1252513  -31.7290569 205.09375   48.2272    17.822     0.023    21.378   MOON_BRIGHT
   150.72198            I.180531_1719.S  146.1252494  -31.7290652 202.79822   77.1655    17.834     0.014    22.030   _
   150.97561            I.180531_2324.C  146.1252522  -31.7290616 217.49949   71.3330    17.758     0.015    21.876   MOON_BRIGHT
   151.03753            I.180601_0054.C  146.1252541  -31.7290664 220.97663   70.7585    17.740     0.015    21.812   MOON_BRIGHT
   151.38731            I.180601_0917.A  146.1252540  -31.7290702 205.48436   61.9915    17.820     0.018    21.666   MOON_BRIGHT
   151.97697            I.180601_2326.C  146.1252469  -31.7290618 217.34080   88.6972    17.758     0.012    22.181   MOON_BRIGHT
   152.72014            I.180602_1717.S  146.1252566  -31.7290618 199.79810   81.2023    17.850     0.013    22.095   _
   152.97219            I.180602_2319.C  146.1252542  -31.7290635 215.41077   108.980    17.768     0.010    22.662   MOON_BRIGHT
   153.38384            I.180603_0912.A  146.1252483  -31.7290643 204.72980   64.4274    17.824     0.017    21.778   MOON_BRIGHT
   153.98072            I.180603_2332.C  -99.9999999  -99.9999999 -99.99999    -99.99   -99.999   -99.999   -99.999   PSF_ERROR_BAD_IMAGE
   154.37301            I.180604_0857.A  146.1252507  -31.7290573 205.46688   71.7428    17.820     0.015    21.957   _
   154.71984            I.180604_1716.S  146.1252569  -31.7290560 201.10304   76.2736    17.843     0.014    22.009   _
   154.77662            I.180604_1838.S  146.1252717  -31.7290654 202.54480   60.7405    17.835     0.018    21.654   _
   154.96961            I.180604_2316.C  146.1252565  -31.7290605 208.88604   85.4488    17.802     0.013    22.181   MOON_BRIGHT
   155.37902            I.180605_0905.A  146.1252467  -31.7290676 204.59128   54.4908    17.824     0.020    21.524   _
   155.72641            I.180605_1726.S  146.1252507  -31.7290614 209.74379   97.5910    17.797     0.011    22.371   _
   156.37648            I.180606_0902.A  146.1252545  -31.7290542 207.82251   50.6391    17.807     0.022    21.377   _
   156.72366            I.180606_1722.S  146.1252520  -31.7290586 204.46339   88.7157    17.825     0.012    22.242   _
   156.97395            I.180606_2322.C  146.1252479  -31.7290553 212.17756   72.2872    17.785     0.015    21.852   MOON_BRIGHT
   157.02794            I.180607_0040.C  146.1252461  -31.7290550 212.13141   78.4535    17.785     0.014    21.954   MOON_BRIGHT
   157.37847            I.180607_0905.A  146.1252620  -31.7290815 201.96290   34.8121    17.838     0.031    21.040   _
   157.71756            I.180607_1713.S  146.1252529  -31.7290615 203.91353   81.9150    17.828     0.013    22.314   _
   157.96463            I.180607_2309.C  146.1252461  -31.7290618 208.48995   75.7261    17.804     0.014    21.965   MOON_BRIGHT
   158.01802            I.180608_0025.C  146.1252442  -31.7290642 210.97884   78.7266    17.791     0.014    21.992   MOON_BRIGHT
   158.71546            I.180608_1710.S  146.1252522  -31.7290653 207.30527   59.4165    17.810     0.018    21.727   _
   158.96061            I.180608_2303.C  146.1252504  -31.7290573 220.23289   95.3821    17.744     0.012    22.322   MOON_BRIGHT
   159.01279            I.180609_0018.C  146.1252436  -31.7290591 232.46286   53.8854    17.685     0.020    21.445   MOON_BRIGHT
   160.37215            I.180610_0855.A  146.1252562  -31.7290737 204.49276   50.7991    17.825     0.022    21.432   _
   161.37294            I.180611_0857.A  146.1252482  -31.7290683 208.34151   52.1896    17.804     0.021    21.463   _
   161.71080            I.180611_1703.S  146.1252582  -31.7290583 204.16644   103.515    17.827     0.011    22.586   _
   162.36970            I.180612_0852.A  146.1252495  -31.7290637 207.15803   62.7117    17.811     0.017    21.723   _
   162.71157            I.180612_1704.S  146.1252578  -31.7290669 204.19329   101.023    17.826     0.011    22.523   _
   162.96939            I.180612_2315.C  146.1252520  -31.7290603 209.99329   76.1552    17.796     0.014    21.944   _
   163.37718            I.180613_0903.A  146.1252706  -31.7290621 212.19625   39.1540    17.784     0.028    21.039   _
   163.71213            I.180613_1705.S  146.1252503  -31.7290598 204.17046   87.7402    17.827     0.012    22.222   MOON_BRIGHT
   163.96627            I.180613_2311.C  146.1252510  -31.7290651 214.99366   99.9160    17.770     0.011    22.461   _
   164.37031            I.180614_0853.A  146.1252401  -31.7290573 214.97778   37.7307    17.770     0.029    21.070   _
   164.96788            I.180614_2313.C  146.1252495  -31.7290583 213.47062   99.6877    17.778     0.011    22.487   _
   166.70936            I.180616_1701.S  146.1252592  -31.7290711 207.36159   18.5683    17.810     0.059    20.279   MOON_BRIGHT
   166.97648            I.180616_2326.C  146.1252485  -31.7290559 212.71413   97.7432    17.782     0.011    22.453   _
   167.97435            I.180617_2323.C  146.1252527  -31.7290545 219.18042   89.8004    17.749     0.012    22.250   _
   168.97259            I.180618_2320.C  146.1252479  -31.7290605 211.24816   83.2644    17.789     0.013    22.112   _
   169.37392            I.180619_0858.A  146.1252541  -31.7290723 201.21858   52.5716    17.842     0.021    21.498   _
   169.96225            I.180619_2305.C  146.1252507  -31.7290590 210.83708   77.2431    17.791     0.014    21.990   _
   170.71046            I.180620_1703.S  146.1252611  -31.7290635 199.53354   63.5088    17.852     0.017    21.755   MOON_BRIGHT
   170.95159            I.180620_2250.C  146.1252648  -31.7290595 207.01274   57.4071    17.811     0.019    21.610   _
   171.37235            I.180621_0856.A  146.1252620  -31.7290484 202.68052   53.1986    17.835     0.021    21.500   MOON_BRIGHT
   171.95222            I.180621_2251.C  146.1252468  -31.7290627 210.89422   48.3711    17.791     0.023    21.319   _
   172.36810            I.180622_0850.A  146.1252547  -31.7290754 207.77738   48.0235    17.807     0.023    21.336   MOON_BRIGHT
   172.70594            I.180622_1656.S  146.1252542  -31.7290586 207.68586   95.5356    17.808     0.011    22.379   MOON_BRIGHT
   172.95605            I.180622_2256.C  146.1252702  -31.7290652 220.78974   44.7186    17.741     0.024    21.236   _
   173.36787            I.180623_0849.A  146.1252519  -31.7290613 208.00209   49.7021    17.806     0.022    21.382   MOON_BRIGHT
   173.95214            I.180623_2251.C  146.1252419  -31.7290643 204.30738   54.8927    17.826     0.020    21.539   _
   174.36390            I.180624_0844.A  146.1252513  -31.7290600 203.95998   54.0578    17.828     0.020    21.533   MOON_BRIGHT
   174.70708            I.180624_1658.S  146.1252542  -31.7290566 199.99029   77.6578    17.849     0.014    22.080   MOON_BRIGHT
   174.95338            I.180624_2252.C  146.1253140  -31.7290720 200.03022   25.8657    17.849     0.042    20.662   MOON_BRIGHT
   175.36274            I.180625_0842.A  146.1252486  -31.7290550 201.15716   51.0654    17.843     0.021    21.440   MOON_BRIGHT
   175.70418            I.180625_1654.S  146.1253091  -31.7290731 202.99092   9.54495    17.833     0.114    19.493   MOON_BRIGHT
   175.94955            I.180625_2247.C  146.1252544  -31.7290625 201.55536   32.0160    17.841     0.034    20.934   MOON_BRIGHT
   176.35823            I.180626_0835.A  146.1252537  -31.7290717 207.50185   57.5895    17.809     0.019    21.582   MOON_BRIGHT
   176.70551            I.180626_1655.S  146.1252484  -31.7290602 202.36511   70.2069    17.836     0.016    21.875   _
   176.96586            I.180626_2310.C  146.1252444  -31.7290600 204.22211   86.0688    17.826     0.013    22.254   MOON_BRIGHT
   177.95388            I.180627_2253.C  146.1252531  -31.7290610 212.80950   71.6988    17.781     0.015    21.860   MOON_BRIGHT