; SOURCE_NAME : oh_aux3
; SOURCE_RA_DEC	[146.12331, 146.1186771, 146.1211579, 146.1252263, 146.1211737]	[-31.72825, -31.72441639, -31.7266625, -31.72913221, -31.73156611]
; NUMBER_OF_REFERENCES	13
; Nilou Afsari	180627_2251
; OBSDAY2018                     STRTXT     RA_MC(")    DEC_MC(") Flux(uJy)       SNR    MAG_MC MAGERR_MC    LIM_MC   NOTE
    37.46196            V.180207_1105.A  146.1252422  -31.7290560 228.80868   57.4571    18.090     0.019    22.026   MOON_BRIGHT
    37.51028            V.180207_1214.A  146.1252450  -31.7290678 244.31523   72.8458    18.019     0.015    22.358   MOON_BRIGHT
    37.80196            V.180207_1914.S  -99.9999999  -99.9999999 -99.99999    -99.99   -99.999   -99.999   -99.999   PSF_ERROR_BAD_IMAGE
    37.80477            V.180207_1918.S  -99.9999999  -99.9999999 -99.99999    -99.99   -99.999   -99.999   -99.999   PSF_ERROR_BAD_IMAGE
    38.03818            V.180208_0054.C  146.1252445  -31.7290630 234.45208   55.5257    18.064     0.020    21.946   MOON_BRIGHT
    38.06505            V.180208_0133.C  146.1252415  -31.7290716 233.80393   63.4661    18.067     0.017    22.168   MOON_BRIGHT
    38.10010            V.180208_0224.C  146.1252475  -31.7290656 239.62776   76.8064    18.040     0.014    22.590   MOON_BRIGHT
    38.45528            V.180208_1055.A  146.1253055  -31.7291093 266.87343   16.6646    17.923     0.066    20.264   MOON_BRIGHT
    38.47821            V.180208_1128.A  146.1252475  -31.7290409 251.97123   63.2940    17.985     0.017    22.023   MOON_BRIGHT
    38.80818            V.180208_1923.S  146.1252502  -31.7290633 206.79518   78.6530    18.201     0.014    22.979   _
    39.83812            V.180209_2006.S  146.1252576  -31.7290794 219.24121   57.7261    18.137     0.019    21.999   _
    39.83953            V.180209_2008.S  146.1252672  -31.7290751 226.79669   62.0105    18.100     0.018    22.107   _
    39.89378            V.180209_2127.S  146.1252559  -31.7290675 224.97712   46.4791    18.109     0.024    21.660   _
    40.79058            V.180210_1858.S  146.1252742  -31.7290539 219.00287   63.0393    18.138     0.017    22.183   _
    40.87704            V.180210_2102.S  146.1252461  -31.7290643 209.67340   79.6768    18.186     0.014    22.804   _
    41.60462            V.180211_1430.A  146.1252561  -31.7290628 226.83158   71.9702    18.100     0.015    22.370   MOON_BRIGHT
    41.66545            V.180211_1558.A  146.1252596  -31.7290623 214.47962   75.7168    18.161     0.015    22.635   MOON_BRIGHT
    41.72572            V.180211_1725.A  146.1252572  -31.7290537 223.64313   73.7233    18.115     0.015    22.451   MOON_BRIGHT
    43.60488            V.180213_1431.A  146.1252510  -31.7290550 211.18112   73.0581    18.178     0.015    22.363   _
    43.67616            V.180213_1613.A  146.1252550  -31.7290573 223.33651   74.6770    18.117     0.015    22.522   MOON_BRIGHT
    43.74058            V.180213_1746.A  146.1252611  -31.7290687 220.45053   71.1186    18.131     0.016    22.366   MOON_BRIGHT
    46.43819            V.180216_1031.A  146.1252483  -31.7290683 222.67924   67.0370    18.120     0.016    22.314   _
    46.48083            V.180216_1132.A  146.1252478  -31.7290598 230.88346   74.0004    18.081     0.015    22.410   _
    46.53187            V.180216_1245.A  146.1252434  -31.7290551 218.69712   70.8791    18.140     0.016    22.372   _
    47.44345            V.180217_1038.A  146.1252453  -31.7290742 240.78986   51.1187    18.035     0.021    21.700   _
    47.49082            V.180217_1146.A  146.1252620  -31.7290656 220.59024   63.0814    18.130     0.017    22.255   _
    48.43356            V.180218_1024.A  146.1252539  -31.7290520 233.06696   48.9440    18.070     0.022    21.726   _
    48.48505            V.180218_1138.A  146.1252142  -31.7290222 265.01782   57.5710    17.930     0.019    21.865   _
    48.53587            V.180218_1251.A  146.1252545  -31.7290544 267.48728   70.5126    17.920     0.016    22.134   _
    48.56024            V.180218_1326.A  146.1253295  -31.7292238 272.57520   6.71283    17.900     0.163    19.241   _
    48.80274            V.180218_1915.S  146.1252582  -31.7290571 225.20523   58.8435    18.108     0.019    21.949   MOON_BRIGHT
    48.83450            V.180218_2001.S  146.1252486  -31.7290674 220.11398   60.9965    18.133     0.018    22.063   MOON_BRIGHT
    48.89350            V.180218_2126.S  146.1252415  -31.7290457 206.84084   67.4929    18.201     0.016    22.434   _
    49.04231            V.180219_0100.C  146.1252441  -31.7290663 233.56053   62.5863    18.068     0.018    22.089   _
    49.10225            V.180219_0227.C  146.1252539  -31.7290674 217.93804   72.8758    18.144     0.015    22.564   _
    49.20586            V.180219_0456.C  146.1252547  -31.7290659 232.44578   74.7826    18.073     0.015    22.556   _
    49.79641            V.180219_1906.S  146.1252436  -31.7290857 222.23010   43.9477    18.122     0.025    21.718   MOON_BRIGHT
    49.83206            V.180219_1958.S  146.1252535  -31.7290557 205.67633   77.5759    18.207     0.014    22.851   MOON_BRIGHT
    49.88550            V.180219_2115.S  146.1252534  -31.7290591 205.52532   75.9084    18.208     0.015    22.703   _
    49.96613            V.180219_2311.S  -99.9999999  -99.9999999 -99.99999    -99.99   -99.999   -99.999   -99.999   PSF_ERROR_BAD_IMAGE
    50.03655            V.180220_0052.C  146.1252540  -31.7290668 219.99438   61.8340    18.133     0.018    22.208   _
    50.06395            V.180220_0132.C  146.1252491  -31.7290547 228.13490   64.2540    18.094     0.017    22.248   _
    50.11883            V.180220_0251.C  146.1252492  -31.7290655 220.06937   70.1550    18.133     0.016    22.488   _
    50.23850            V.180220_0543.C  146.1252520  -31.7290653 240.75621   72.3073    18.035     0.015    22.472   _
    50.78470            V.180220_1849.S  146.1252552  -31.7290650 216.01946   64.6825    18.153     0.017    22.269   MOON_BRIGHT
    50.81155            V.180220_1928.S  146.1252514  -31.7290660 205.26414   73.0033    18.209     0.015    22.643   MOON_BRIGHT
    50.86206            V.180220_2041.S  146.1252584  -31.7290663 205.76687   66.5458    18.206     0.017    22.520   MOON_BRIGHT
    50.93182            V.180220_2221.S  146.1253053  -31.7291938 -99.99999    -99.99   -99.999   -99.999    17.647   _
    51.04387            V.180221_0103.C  146.1252518  -31.7290627 233.74502   65.9097    18.067     0.017    22.236   _
    51.11358            V.180221_0243.C  146.1252516  -31.7290648 221.64005   76.1616    18.125     0.015    22.626   _
    51.19514            V.180221_0441.C  146.1252532  -31.7290632 218.54474   80.8519    18.141     0.014    22.833   _
    51.26459            V.180221_0621.C  146.1252554  -31.7290697 246.74481   81.2644    18.008     0.014    22.808   _
    51.43633            V.180221_1028.A  146.1252541  -31.7290769 240.55842   43.5914    18.036     0.025    21.461   _
    51.46753            V.180221_1113.A  146.1252554  -31.7290663 235.47891   44.4896    18.059     0.025    21.577   _
    51.47172            V.180221_1119.A  146.1252523  -31.7290733 225.34591   22.4199    18.107     0.049    20.735   _
    51.51338            V.180221_1219.A  146.1252576  -31.7290666 220.33526   48.6095    18.132     0.023    21.729   _
    51.57480            V.180221_1347.A  146.1252583  -31.7290704 216.48452   75.4752    18.151     0.015    22.567   _
    51.63625            V.180221_1516.A  146.1252729  -31.7290733 209.84739   45.4449    18.185     0.024    21.813   _
    51.79006            V.180221_1857.S  146.1252413  -31.7290793 225.61553   65.8873    18.106     0.017    22.258   MOON_BRIGHT
    51.82457            V.180221_1947.S  146.1252588  -31.7290678 221.51325   68.7806    18.126     0.016    22.385   MOON_BRIGHT
    53.04458            V.180223_0104.C  146.1252543  -31.7290646 232.49403   47.3355    18.073     0.023    21.636   _
    53.09698            V.180223_0219.C  146.1252537  -31.7290656 227.55268   56.6139    18.096     0.019    21.952   _
    53.18360            V.180223_0424.C  146.1252559  -31.7290653 221.51258   79.7556    18.126     0.014    22.835   _
    53.24616            V.180223_0554.C  146.1252583  -31.7290594 213.97847   80.5523    18.164     0.014    22.942   _
    53.82507            V.180223_1948.S  146.1252730  -31.7290739 217.91770   44.9194    18.144     0.024    21.593   MOON_BRIGHT
    53.88475            V.180223_2114.S  146.1252610  -31.7290736 228.39603   46.5941    18.092     0.024    21.658   MOON_BRIGHT
    53.96620            V.180223_2311.S  146.1252532  -31.7290538 198.75407   58.2012    18.244     0.019    22.145   MOON_BRIGHT
    54.03872            V.180224_0055.S  146.1252601  -31.7290716 219.90803   57.1906    18.134     0.019    22.001   MOON_BRIGHT
    55.05824            V.180225_0123.C  146.1252496  -31.7290683 254.78750   74.4614    17.973     0.015    22.416   _
    55.11015            V.180225_0238.C  146.1252459  -31.7290678 231.33405   73.0724    18.079     0.015    22.430   _
    55.19664            V.180225_0443.C  146.1252474  -31.7290608 219.71696   81.0779    18.135     0.014    22.852   _
    55.26507            V.180225_0621.C  146.1252546  -31.7290652 232.77827   83.9663    18.072     0.013    22.965   _
    55.78182            V.180225_1845.S  146.1252510  -31.7290639 199.71824   43.8963    18.239     0.025    21.686   MOON_BRIGHT
    55.81321            V.180225_1931.S  146.1252464  -31.7290579 218.39461   39.1181    18.141     0.028    21.428   MOON_BRIGHT
    55.86817            V.180225_2050.S  146.1252384  -31.7290692 218.78385   52.4861    18.139     0.021    21.809   MOON_BRIGHT
    55.94316            V.180225_2238.S  146.1252488  -31.7290548 204.56694   50.8882    18.213     0.022    21.864   MOON_BRIGHT
    56.01572            V.180226_0022.S  146.1252532  -31.7290692 210.51933   51.5433    18.181     0.021    21.843   MOON_BRIGHT
    57.04623            V.180227_0106.C  146.1252408  -31.7290718 234.15814   45.1877    18.065     0.024    21.534   _
    57.10267            V.180227_0227.C  146.1252518  -31.7290657 235.65732   59.6304    18.058     0.018    21.962   _
    57.17985            V.180227_0418.C  146.1252492  -31.7290599 220.38879   60.5150    18.131     0.018    22.076   _
    57.24531            V.180227_0553.C  146.1252486  -31.7290635 223.99569   57.6923    18.114     0.019    21.967   _
    57.43014            V.180227_1019.A  146.1252587  -31.7290797 236.86711   36.6034    18.053     0.030    21.259   MOON_BRIGHT
    57.49956            V.180227_1159.A  146.1252646  -31.7290838 225.27186   32.1240    18.107     0.034    21.169   MOON_BRIGHT
    57.58672            V.180227_1404.A  146.1252659  -31.7290810 230.15184   32.9939    18.084     0.033    21.171   _
    57.66052            V.180227_1551.A  146.1252442  -31.7290818 221.87367   21.8945    18.124     0.050    20.735   _
    57.78591            V.180227_1851.S  146.1252511  -31.7290745 211.72856   51.3620    18.175     0.021    21.923   MOON_BRIGHT
    57.81387            V.180227_1931.S  146.1252419  -31.7290677 219.65776   54.4805    18.135     0.020    21.877   MOON_BRIGHT
    57.86598            V.180227_2047.S  146.1252621  -31.7290651 206.12325   57.4358    18.204     0.019    22.117   MOON_BRIGHT
    57.94843            V.180227_2245.S  146.1252527  -31.7290634 202.58392   61.0351    18.223     0.018    22.216   MOON_BRIGHT
    58.02133            V.180228_0030.S  146.1252657  -31.7290929 226.52341   28.0691    18.101     0.039    21.022   MOON_BRIGHT
    59.44668            V.180301_1043.A  146.1252675  -31.7290771 227.75376   26.7603    18.096     0.041    20.930   MOON_BRIGHT
    59.50862            V.180301_1212.A  146.1252305  -31.7290641 225.00789   22.5406    18.109     0.048    20.740   MOON_BRIGHT
    59.58597            V.180301_1403.A  146.1252752  -31.7290995 227.59468   20.5401    18.096     0.053    20.610   MOON_BRIGHT
    59.65854            V.180301_1548.A  146.1252562  -31.7290741 267.70440   20.3980    17.919     0.054    20.401   _
    59.77497            V.180301_1835.S  146.1252452  -31.7291178 219.14035   17.3004    18.138     0.063    20.403   _
    59.82655            V.180301_1950.S  146.1252818  -31.7291331 230.20795   19.6964    18.084     0.055    20.538   _
    61.03231            V.180303_0046.C  146.1252483  -31.7290685 226.50677   45.3815    18.102     0.024    21.619   MOON_BRIGHT
    61.09052            V.180303_0210.C  146.1252391  -31.7290703 228.65199   45.8034    18.091     0.024    21.604   MOON_BRIGHT
    61.15939            V.180303_0349.C  146.1252513  -31.7290639 220.30770   53.3130    18.132     0.021    21.942   _
    61.23185            V.180303_0533.C  146.1252501  -31.7290642 234.86469   47.2739    18.062     0.023    21.663   _
    61.77554            V.180303_1836.S  146.1252357  -31.7290777 221.58546   50.6428    18.125     0.022    21.773   _
    61.81365            V.180303_1931.S  146.1252433  -31.7290688 221.73499   48.8394    18.125     0.022    21.724   _
    61.86579            V.180303_2046.S  146.1252657  -31.7290750 217.96590   36.5354    18.143     0.030    21.308   _
    61.94094            V.180303_2234.S  146.1252700  -31.7290766 207.22210   44.5226    18.199     0.025    21.709   MOON_BRIGHT
    62.01176            V.180304_0016.S  146.1252618  -31.7290762 219.30309   39.3345    18.137     0.028    21.438   MOON_BRIGHT
    63.03931            V.180305_0056.C  146.1252478  -31.7290670 232.75893   79.8533    18.072     0.014    22.793   MOON_BRIGHT
    63.10691            V.180305_0233.C  146.1252512  -31.7290640 230.92776   69.3336    18.080     0.016    22.327   MOON_BRIGHT
    63.17743            V.180305_0415.C  146.1252489  -31.7290594 226.00961   64.5026    18.104     0.017    22.258   _
    63.25304            V.180305_0604.C  146.1252458  -31.7290608 258.46043   57.7752    17.958     0.019    21.822   _
    63.78601            V.180305_1851.S  146.1252524  -31.7290616 218.44418   58.1036    18.141     0.019    22.099   _
    63.81560            V.180305_1934.S  146.1252491  -31.7290551 226.39357   59.3810    18.102     0.019    22.160   _
    63.87108            V.180305_2054.S  146.1252585  -31.7290670 225.70277   56.4654    18.105     0.019    21.918   _
    63.94644            V.180305_2242.S  146.1252575  -31.7290614 202.60058   53.3328    18.223     0.021    22.019   MOON_BRIGHT
    64.01843            V.180306_0026.S  146.1252618  -31.7290905 221.16583   33.2518    18.128     0.033    21.209   MOON_BRIGHT
    65.03036            V.180307_0043.C  146.1252487  -31.7290610 229.32228   67.5729    18.088     0.016    22.331   MOON_BRIGHT
    65.07924            V.180307_0154.C  146.1252484  -31.7290624 214.47550   77.6658    18.161     0.014    22.815   MOON_BRIGHT
    65.17405            V.180307_0410.C  146.1252433  -31.7290594 233.36745   69.5114    18.069     0.016    22.314   MOON_BRIGHT
    65.18098            V.180307_0420.C  146.1252515  -31.7290637 228.66575   73.2016    18.091     0.015    22.466   MOON_BRIGHT
    65.24039            V.180307_0546.C  146.1252580  -31.7290705 216.68104   63.0112    18.150     0.017    22.215   MOON_BRIGHT
    65.76894            V.180307_1827.S  146.1252463  -31.7290645 202.32218   67.3704    18.225     0.016    22.428   _
    65.80119            V.180307_1913.S  146.1252434  -31.7290597 208.12946   70.7019    18.194     0.016    22.447   _
    65.85530            V.180307_2031.S  146.1252506  -31.7290756 202.74519   65.5089    18.222     0.017    22.329   _
    67.65205            V.180309_1538.A  146.1252529  -31.7290684 215.36227   60.0666    18.157     0.018    22.121   MOON_BRIGHT
    69.02301            V.180311_0033.C  146.1252556  -31.7290709 238.45171   80.6005    18.045     0.014    22.694   MOON_BRIGHT
    69.07595            V.180311_0149.C  146.1252601  -31.7290626 228.77078   77.2532    18.091     0.014    22.603   MOON_BRIGHT
    69.14958            V.180311_0335.C  146.1252531  -31.7290662 234.74017   83.4245    18.063     0.013    22.865   MOON_BRIGHT
    69.22185            V.180311_0519.C  146.1252603  -31.7290650 215.92220   78.9494    18.154     0.014    22.779   MOON_BRIGHT
    69.42086            V.180311_1006.A  146.1252508  -31.7290604 234.36861   77.2797    18.064     0.014    22.575   _
    69.47100            V.180311_1118.A  146.1252504  -31.7290651 234.43746   78.2305    18.064     0.014    22.606   _
    69.52111            V.180311_1230.A  146.1252419  -31.7290541 232.10158   69.2161    18.075     0.016    22.387   MOON_BRIGHT
    69.57177            V.180311_1343.A  146.1252653  -31.7290570 227.46040   73.9145    18.097     0.015    22.455   MOON_BRIGHT
    69.63545            V.180311_1515.A  146.1252555  -31.7290582 222.68543   79.3634    18.120     0.014    22.693   MOON_BRIGHT
    69.77030            V.180311_1829.S  146.1252533  -31.7290703 205.85414   77.2460    18.206     0.014    22.718   _
    69.81557            V.180311_1934.S  146.1252513  -31.7290669 220.07029   52.4371    18.133     0.021    22.076   _
    69.87866            V.180311_2105.S  146.1252663  -31.7290767 216.86503   58.0617    18.149     0.019    22.130   _
    69.94557            V.180311_2241.S  146.1252457  -31.7290601 206.29335   73.2302    18.203     0.015    22.662   _
    71.02566            V.180313_0036.C  146.1252501  -31.7290710 222.56050   81.7921    18.121     0.014    22.837   MOON_BRIGHT
    71.07534            V.180313_0148.C  146.1252487  -31.7290647 235.45278   80.4775    18.059     0.014    22.749   MOON_BRIGHT
    71.14418            V.180313_0327.C  146.1252555  -31.7290619 219.24221   78.5949    18.137     0.014    22.691   MOON_BRIGHT
    71.20896            V.180313_0500.C  146.1252544  -31.7290628 219.61142   78.1368    18.135     0.014    22.805   MOON_BRIGHT
    73.02531            V.180315_0036.C  146.1252548  -31.7290669 233.33164   81.0114    18.069     0.014    22.733   MOON_BRIGHT
    73.07515            V.180315_0148.C  146.1252543  -31.7290667 233.20650   82.6184    18.070     0.013    22.768   MOON_BRIGHT
    73.14358            V.180315_0326.C  146.1252531  -31.7290672 243.76696   83.2373    18.021     0.013    22.819   MOON_BRIGHT
    73.20624            V.180315_0456.C  146.1252507  -31.7290628 222.66199   80.5054    18.120     0.014    22.818   MOON_BRIGHT
    73.43081            V.180315_1020.A  146.1252486  -31.7290634 238.11593   71.5128    18.047     0.015    22.344   _
    73.48422            V.180315_1137.A  146.1252574  -31.7290661 215.38916   57.6063    18.156     0.019    22.009   _
    73.53333            V.180315_1247.A  146.1252520  -31.7290467 225.02138   74.2173    18.109     0.015    22.509   _
    73.60166            V.180315_1426.A  146.1252588  -31.7290542 222.44476   62.8037    18.121     0.018    22.261   _
    73.77689            V.180315_1838.S  146.1252484  -31.7291665 -99.99999    -99.99   -99.999   -99.999    18.236   _
    75.01919            V.180317_0027.C  146.1252544  -31.7290667 220.03439   75.9359    18.133     0.015    22.672   _
    75.07112            V.180317_0142.C  146.1252541  -31.7290633 235.10352   83.3673    18.061     0.013    22.928   _
    75.14208            V.180317_0324.C  146.1252516  -31.7290684 221.86429   84.2808    18.124     0.013    22.982   MOON_BRIGHT
    75.20904            V.180317_0501.C  146.1252578  -31.7290646 218.03408   83.7956    18.143     0.013    23.025   MOON_BRIGHT
    75.41396            V.180317_0956.A  146.1252553  -31.7290634 240.93252   69.9249    18.034     0.016    22.343   _
    75.46427            V.180317_1108.A  146.1252512  -31.7290616 242.51719   70.5578    18.027     0.016    22.344   _
    75.51831            V.180317_1226.A  146.1252570  -31.7290591 227.03305   71.1576    18.099     0.016    22.377   _
    75.58679            V.180317_1404.A  146.1252570  -31.7290620 219.64647   71.7581    18.135     0.015    22.459   _
    75.76740            V.180317_1825.S  146.1252335  -31.7290615 207.46013   77.3026    18.197     0.014    22.702   MOON_BRIGHT
    75.83559            V.180317_2003.S  146.1252528  -31.7290671 204.14509   80.0494    18.215     0.014    22.906   _
    75.90565            V.180317_2144.S  146.1252706  -31.7290578 216.72307   54.5526    18.150     0.020    21.926   _
    75.97418            V.180317_2322.S  146.1252599  -31.7290616 216.97342   55.2689    18.148     0.020    21.940   _
    76.40681            V.180318_0945.A  146.1252524  -31.7290720 230.95582   65.4540    18.080     0.017    22.198   _
    76.46009            V.180318_1102.A  146.1252572  -31.7290668 229.68806   68.2490    18.086     0.016    22.330   _
    76.50956            V.180318_1213.A  146.1252563  -31.7290581 221.14008   68.3783    18.128     0.016    22.364   _
    76.58120            V.180318_1356.A  146.1252585  -31.7290603 226.79944   71.2777    18.100     0.015    22.434   _
    76.76545            V.180318_1822.S  146.1252579  -31.7290690 217.85735   84.6642    18.144     0.013    23.104   MOON_BRIGHT
    76.82587            V.180318_1949.S  146.1252523  -31.7290673 211.36073   85.5726    18.177     0.013    23.142   _
    76.89053            V.180318_2122.S  146.1252604  -31.7290661 217.05147   84.1747    18.148     0.013    22.973   _
    76.96122            V.180318_2304.S  -99.9999999  -99.9999999 -99.99999    -99.99   -99.999   -99.999   -99.999   PSF_ERROR_BAD_IMAGE
    76.96438            V.180318_2308.S  146.1252623  -31.7290655 201.12212   82.3318    18.231     0.013    23.076   _
    77.15719            V.180319_0346.C  146.1252545  -31.7290685 218.44094   84.1824    18.141     0.013    23.060   _
    77.22535            V.180319_0524.C  146.1252515  -31.7290641 214.05250   80.1716    18.163     0.014    22.850   MOON_BRIGHT
    77.41753            V.180319_1001.A  146.1252555  -31.7290642 234.30463   69.8953    18.065     0.016    22.342   _
    77.47170            V.180319_1119.A  146.1252504  -31.7290632 230.60999   72.5359    18.082     0.015    22.406   _
    77.52281            V.180319_1232.A  146.1252577  -31.7290729 214.16666   41.0588    18.163     0.027    21.558   _
    77.59347            V.180319_1414.A  146.1252588  -31.7290558 215.09493   68.1369    18.158     0.016    22.355   _
    77.76340            V.180319_1819.S  146.1252500  -31.7290641 201.17759   79.2448    18.231     0.014    22.884   MOON_BRIGHT
    77.82971            V.180319_1954.S  146.1252596  -31.7290638 208.06571   83.3419    18.194     0.013    23.019   _
    77.90465            V.180319_2142.S  146.1252536  -31.7290632 199.52097   80.7395    18.240     0.014    22.964   _
    77.96880            V.180319_2315.S  146.1252574  -31.7290679 206.44326   77.9698    18.203     0.014    22.784   _
    78.15039            V.180320_0336.C  146.1252615  -31.7290655 231.54724   83.6342    18.078     0.013    22.891   _
    78.22270            V.180320_0520.C  146.1252551  -31.7290618 228.28550   75.7909    18.093     0.015    22.583   MOON_BRIGHT
    78.41731            V.180320_1000.A  146.1252597  -31.7290766 227.20826   40.4571    18.098     0.027    21.454   _
    78.47184            V.180320_1119.A  146.1252516  -31.7290701 236.51603   73.0852    18.054     0.015    22.505   _
    78.76201            V.180320_1817.S  -99.9999999  -99.9999999 -99.99999    -99.99   -99.999   -99.999   -99.999   PSF_ERROR_BAD_IMAGE
    78.81977            V.180320_1940.S  -99.9999999  -99.9999999 -99.99999    -99.99   -99.999   -99.999   -99.999   PSF_ERROR_BAD_IMAGE
    79.14074            V.180321_0322.C  146.1252576  -31.7290693 231.49530   80.3291    18.078     0.014    22.760   _
    79.21833            V.180321_0514.C  146.1252537  -31.7290634 218.38957   73.7691    18.141     0.015    22.533   _
    79.76159            V.180321_1816.S  146.1252481  -31.7290671 204.53640   72.2575    18.213     0.015    22.550   MOON_BRIGHT
    79.81892            V.180321_1939.S  146.1252584  -31.7290638 225.83160   61.7617    18.105     0.018    22.077   MOON_BRIGHT
    79.87308            V.180321_2057.S  146.1252846  -31.7290632 215.69597   56.0031    18.155     0.020    21.970   MOON_BRIGHT
    80.12729            V.180322_0303.C  146.1252510  -31.7290604 221.87281   82.5920    18.124     0.013    22.908   _
    80.19012            V.180322_0433.C  146.1252439  -31.7290621 231.59538   79.6120    18.077     0.014    22.883   _
    81.11862            V.180323_0250.C  146.1252585  -31.7290692 236.16500   82.9023    18.056     0.013    22.773   _
    81.18350            V.180323_0424.C  146.1252532  -31.7290653 230.02158   85.6939    18.085     0.013    23.001   _
    81.40817            V.180323_0947.A  146.1252537  -31.7290721 236.02709   63.8068    18.057     0.017    22.063   _
    81.46025            V.180323_1102.A  146.1252619  -31.7290555 231.40484   64.8913    18.078     0.017    22.107   _
    81.51052            V.180323_1215.A  146.1252501  -31.7290569 218.09557   68.5833    18.143     0.016    22.414   _
    81.76406            V.180323_1820.S  146.1252553  -31.7290642 216.47042   77.5193    18.151     0.014    22.731   MOON_BRIGHT
    81.82264            V.180323_1944.S  146.1252490  -31.7290643 203.44992   80.3313    18.219     0.014    22.979   MOON_BRIGHT
    83.02135            V.180325_0030.C  146.1252444  -31.7290642 219.59879   73.3132    18.135     0.015    22.547   _
    83.07348            V.180325_0145.C  146.1252526  -31.7290600 219.74822   78.6101    18.135     0.014    22.697   _
    83.14309            V.180325_0326.C  146.1252536  -31.7290637 226.37629   73.9866    18.102     0.015    22.512   _
    83.21507            V.180325_0509.C  146.1252660  -31.7290649 218.97379   76.7750    18.138     0.014    22.675   _
    83.76154            V.180325_1816.S  146.1252720  -31.7290602 222.24031   54.3014    18.122     0.020    21.905   MOON_BRIGHT
    83.81506            V.180325_1933.S  146.1252549  -31.7290584 198.54348   49.9091    18.245     0.022    21.870   MOON_BRIGHT
    83.88317            V.180325_2111.S  146.1252488  -31.7290830 204.83253   48.4288    18.211     0.023    21.854   MOON_BRIGHT
    83.94927            V.180325_2246.S  146.1252624  -31.7290667 206.68210   62.8861    18.201     0.018    22.216   MOON_BRIGHT
    85.40135            V.180327_0937.A  146.1252582  -31.7290743 220.29014   39.0843    18.132     0.028    21.488   MOON_BRIGHT
    85.45166            V.180327_1050.A  146.1252558  -31.7290803 227.10806   37.1315    18.099     0.029    21.336   MOON_BRIGHT
    85.50645            V.180327_1209.A  146.1252642  -31.7290701 225.31715   39.1954    18.107     0.028    21.394   _
    85.76164            V.180327_1816.S  146.1252409  -31.7290802 212.63736   31.4458    18.170     0.035    21.203   MOON_BRIGHT
    85.83547            V.180327_2003.S  146.1252530  -31.7290662 218.72462   61.3706    18.140     0.018    22.095   MOON_BRIGHT
    85.92251            V.180327_2208.S  146.1252545  -31.7290647 206.90476   60.1501    18.200     0.018    22.209   MOON_BRIGHT
    87.00389            V.180329_0005.C  146.1252567  -31.7290668 231.19664   58.7837    18.079     0.019    22.041   _
    87.07479            V.180329_0147.C  146.1252550  -31.7290583 233.08738   66.3867    18.070     0.017    22.218   _
    87.14154            V.180329_0323.C  146.1252543  -31.7290659 243.37703   59.7639    18.023     0.018    22.001   _
    87.20721            V.180329_0458.C  146.1252450  -31.7290667 255.04874   45.0168    17.972     0.024    21.513   _
    87.39653            V.180329_0931.A  146.1252314  -31.7290714 232.16298   37.9460    18.075     0.029    21.304   MOON_BRIGHT
    87.45198            V.180329_1050.A  146.1252448  -31.7290683 235.54574   41.8421    18.059     0.026    21.482   MOON_BRIGHT
    87.50618            V.180329_1208.A  146.1252459  -31.7290801 218.47354   40.5668    18.141     0.027    21.541   MOON_BRIGHT
    87.57924            V.180329_1354.A  146.1252514  -31.7290717 228.77462   45.6984    18.091     0.024    21.622   MOON_BRIGHT
    89.01083            V.180331_0015.C  146.1252440  -31.7290725 223.29176   40.0252    18.117     0.027    21.445   MOON_BRIGHT
    89.07898            V.180331_0153.C  146.1252549  -31.7290687 222.73092   54.1943    18.120     0.020    21.948   _
    89.16037            V.180331_0350.C  146.1252492  -31.7290728 246.02916   47.7772    18.011     0.023    21.620   _
    89.41059            V.180331_0951.A  146.1252634  -31.7290799 231.37011   24.4421    18.078     0.045    20.813   MOON_BRIGHT
    89.46837            V.180331_1114.A  146.1252696  -31.7290867 230.63558   32.9891    18.082     0.033    21.211   MOON_BRIGHT
    89.51870            V.180331_1226.A  146.1252563  -31.7290972 238.04974   33.7727    18.047     0.032    21.145   MOON_BRIGHT
    89.59316            V.180331_1414.A  146.1252633  -31.7290793 221.31337   18.4690    18.127     0.059    20.522   MOON_BRIGHT
    89.85215            V.180331_2027.S  146.1252403  -31.7290902 225.17278   31.7391    18.108     0.034    21.124   MOON_BRIGHT
    90.99975            V.180401_2359.C  146.1252462  -31.7290702 236.51840   68.5219    18.054     0.016    22.290   MOON_BRIGHT
    91.07184            V.180402_0143.C  146.1252472  -31.7290764 249.58407   59.9262    17.996     0.018    21.940   MOON_BRIGHT
    91.13935            V.180402_0320.C  146.1252503  -31.7290681 245.50726   53.6730    18.014     0.020    21.809   _
    91.19323            V.180402_0438.C  146.1252580  -31.7290696 251.54705   49.6910    17.987     0.022    21.642   _
    91.40066            V.180402_0936.A  146.1252492  -31.7290681 210.92648   56.8559    18.179     0.019    22.080   MOON_BRIGHT
    91.40350            V.180402_0941.A  146.1252521  -31.7290707 216.96450   55.3505    18.148     0.020    21.977   MOON_BRIGHT
    91.74881            V.180402_1758.S  146.1252484  -31.7290653 216.78463   75.8663    18.149     0.015    22.600   _
    91.83711            V.180402_2005.S  146.1252505  -31.7290747 215.21210   55.8367    18.157     0.020    22.004   _
    91.90287            V.180402_2140.S  146.1252647  -31.7290821 216.98959   39.9571    18.148     0.027    21.460   MOON_BRIGHT
    93.00339            V.180404_0004.C  146.1252514  -31.7290622 234.78687   79.3586    18.062     0.014    22.696   MOON_BRIGHT
    93.07906            V.180404_0153.C  146.1252504  -31.7290625 216.94770   75.8183    18.149     0.015    22.665   MOON_BRIGHT
    93.16346            V.180404_0355.C  146.1252554  -31.7290633 246.72220   72.2906    18.008     0.015    22.322   MOON_BRIGHT
    93.39609            V.180404_0930.A  146.1252492  -31.7290679 222.20273   73.9066    18.122     0.015    22.501   MOON_BRIGHT
    93.44697            V.180404_1043.A  146.1252546  -31.7290626 234.30112   72.5246    18.065     0.015    22.430   MOON_BRIGHT
    93.47699            V.180404_1126.A  146.1252547  -31.7290577 219.25357   67.2528    18.137     0.016    22.313   MOON_BRIGHT
    93.54112            V.180404_1259.A  146.1252620  -31.7290697 237.20699   43.6045    18.051     0.025    21.462   MOON_BRIGHT
    93.59624            V.180404_1418.A  146.1252604  -31.7290701 230.51855   47.6702    18.082     0.023    21.688   MOON_BRIGHT
    93.82300            V.180404_1945.S  146.1252538  -31.7290680 226.44023   79.0937    18.102     0.014    22.816   _
    93.89826            V.180404_2133.S  146.1252495  -31.7290683 223.76384   56.8505    18.115     0.019    22.064   _
    94.99470            V.180405_2352.C  146.1252547  -31.7290678 216.48100   68.8587    18.151     0.016    22.396   MOON_BRIGHT
    95.06714            V.180406_0136.C  146.1252570  -31.7290634 215.43314   76.1717    18.156     0.015    22.675   MOON_BRIGHT
    95.39424            V.180406_0927.A  146.1252526  -31.7290622 240.20502   70.2492    18.037     0.016    22.305   MOON_BRIGHT
    95.47044            V.180406_1117.A  146.1252536  -31.7290639 222.32278   76.1072    18.122     0.015    22.559   MOON_BRIGHT
    95.53308            V.180406_1247.A  146.1252487  -31.7290480 212.81510   64.3131    18.170     0.017    22.231   MOON_BRIGHT
    95.75249            V.180406_1803.S  146.1252414  -31.7290635 208.02322   72.2893    18.194     0.015    22.555   _
    95.82163            V.180406_1943.S  146.1252570  -31.7290680 216.94339   78.6286    18.149     0.014    22.760   _
    95.89435            V.180406_2127.S  146.1252603  -31.7290606 208.13161   77.0207    18.194     0.014    22.709   _
    96.99532            V.180407_2353.C  146.1252572  -31.7290685 233.81486   79.1875    18.067     0.014    22.658   MOON_BRIGHT
    97.07284            V.180408_0144.C  146.1252530  -31.7290703 213.76279   66.5311    18.165     0.017    22.351   MOON_BRIGHT
    97.13863            V.180408_0319.C  146.1252636  -31.7290633 217.77537   77.3522    18.144     0.014    22.683   MOON_BRIGHT
    97.39179            V.180408_0924.A  146.1252644  -31.7290611 258.14492   54.7673    17.959     0.020    21.776   _
    97.47398            V.180408_1122.A  146.1252514  -31.7290661 222.03638   74.5346    18.123     0.015    22.539   MOON_BRIGHT
    97.53693            V.180408_1253.A  146.1252492  -31.7290606 217.11525   72.6501    18.148     0.015    22.527   MOON_BRIGHT
    97.74193            V.180408_1748.S  146.1252314  -31.7290410 260.95204   55.0180    17.947     0.020    22.029   _
    97.81288            V.180408_1930.S  146.1252489  -31.7290177 276.04341   72.9821    17.886     0.015    22.427   _
    97.87713            V.180408_2103.S  146.1252597  -31.7290527 219.01286   62.4754    18.138     0.018    22.483   _
    98.99862            V.180409_2358.C  146.1252523  -31.7290660 219.35859   68.4285    18.137     0.016    22.408   MOON_BRIGHT
    99.06993            V.180410_0140.C  146.1252540  -31.7290627 220.49930   70.1196    18.131     0.016    22.562   MOON_BRIGHT
    99.13117            V.180410_0308.C  146.1252524  -31.7290691 248.70102   55.5650    18.000     0.020    22.123   MOON_BRIGHT
    99.75564            V.180410_1808.S  146.1252538  -31.7290600 204.91165   74.4287    18.211     0.015    22.700   _
   101.00064            V.180412_0000.C  146.1252594  -31.7290603 235.19481   66.2139    18.060     0.017    22.192   MOON_BRIGHT
   101.07867            V.180412_0153.C  146.1252496  -31.7290693 233.74453   82.1837    18.067     0.013    22.941   MOON_BRIGHT
   101.14051            V.180412_0322.C  146.1252574  -31.7290611 248.03191   74.2529    18.002     0.015    22.532   MOON_BRIGHT
   101.39058            V.180412_0922.A  146.1252354  -31.7290259 290.67184   69.3230    17.829     0.016    22.056   _
   101.46344            V.180412_1107.A  146.1252554  -31.7290616 215.85138   78.4661    18.154     0.014    22.692   _
   101.52564            V.180412_1236.A  146.1252569  -31.7290615 236.14875   81.5179    18.056     0.014    22.683   _
   101.75638            V.180412_1809.S  146.1252500  -31.7290682 199.40784   78.0857    18.241     0.014    23.060   _
   103.01381            V.180414_0019.C  146.1252561  -31.7290617 231.05613   73.4566    18.080     0.015    22.447   _
   103.07753            V.180414_0151.C  146.1252541  -31.7290615 220.44048   79.4044    18.131     0.014    22.754   MOON_BRIGHT
   103.14045            V.180414_0322.C  146.1252383  -31.7290531 238.62750   71.6184    18.045     0.015    22.469   MOON_BRIGHT
   103.40869            V.180414_0948.A  146.1252569  -31.7290567 214.90708   69.2157    18.159     0.016    22.357   _
   103.47579            V.180414_1125.A  146.1252483  -31.7290638 231.24346   53.8876    18.079     0.020    22.003   _
   103.54038            V.180414_1258.A  146.1252573  -31.7290589 214.32064   66.2124    18.162     0.017    22.415   _
   103.75666            V.180414_1809.S  146.1252557  -31.7290612 206.59406   75.2643    18.202     0.015    22.776   _
   103.82098            V.180414_1942.S  146.1252560  -31.7290659 205.14904   75.7224    18.210     0.015    22.794   _
   103.82426            V.180414_1946.S  146.1252549  -31.7290594 200.99450   73.4550    18.232     0.015    22.793   _
   103.88792            V.180414_2118.S  146.1252538  -31.7290666 208.85127   76.4894    18.190     0.014    22.777   _
   103.99198            V.180414_2348.C  146.1252546  -31.7290746 233.98363   81.6508    18.066     0.014    22.792   _
   104.06288            V.180415_0130.C  146.1252486  -31.7290682 216.84302   73.9860    18.149     0.015    22.537   _
   104.13142            V.180415_0309.C  146.1252485  -31.7290633 218.26381   70.9408    18.142     0.016    22.466   MOON_BRIGHT
   104.40823            V.180415_0947.A  146.1252531  -31.7290638 216.87813   81.8925    18.149     0.014    22.876   _
   104.47216            V.180415_1119.A  146.1252577  -31.7290638 219.57173   79.1550    18.135     0.014    22.718   _
   104.53799            V.180415_1254.A  146.1252528  -31.7290592 239.65080   83.0517    18.040     0.013    22.806   _
   104.83917            V.180415_2008.S  146.1252622  -31.7290709 205.45445   74.5633    18.208     0.015    22.775   _
   104.90164            V.180415_2138.S  146.1252615  -31.7290638 206.05482   67.2471    18.205     0.016    22.448   _
   105.01458            V.180416_0021.C  146.1252578  -31.7290667 240.87168   78.5828    18.034     0.014    22.552   _
   105.09507            V.180416_0216.C  146.1252562  -31.7290569 220.11086   73.8604    18.133     0.015    22.541   _
   106.00509            V.180417_0007.C  146.1252507  -31.7290687 215.82680   58.4804    18.154     0.019    22.251   _
   106.06946            V.180417_0140.C  146.1252508  -31.7290656 231.37268   71.8836    18.078     0.015    22.390   _
   106.13267            V.180417_0311.C  146.1252314  -31.7290524 302.43688   50.8574    17.786     0.022    21.468   _
   106.13620            V.180417_0316.C  146.1252570  -31.7290607 214.34868   66.7014    18.162     0.017    22.385   _
   106.40380            V.180417_0941.A  146.1252484  -31.7290578 217.28339   58.9286    18.147     0.019    22.070   _
   106.47051            V.180417_1117.A  146.1252525  -31.7290696 220.80597   73.9525    18.129     0.015    22.480   _
   106.53259            V.180417_1246.A  146.1252622  -31.7290620 220.22406   73.2541    18.132     0.015    22.447   _
   106.83377            V.180417_2000.S  146.1252524  -31.7290671 205.01859   67.6447    18.210     0.016    22.700   _
   106.90067            V.180417_2136.S  146.1252478  -31.7290640 204.80924   75.2506    18.211     0.015    22.835   _
   107.01684            V.180418_0024.C  146.1252540  -31.7290593 231.89285   50.1818    18.076     0.022    21.770   _
   107.08289            V.180418_0159.C  146.1252728  -31.7290719 223.03474   49.1173    18.118     0.022    21.767   _
   108.00704            V.180419_0010.C  146.1252591  -31.7290632 216.58747   72.5137    18.150     0.015    22.527   _
   108.07534            V.180419_0148.C  146.1252501  -31.7290672 225.96065   73.7884    18.104     0.015    22.578   _
   108.13622            V.180419_0316.C  146.1252591  -31.7290540 236.60013   70.1360    18.054     0.016    22.468   _
   108.75115            V.180419_1801.S  146.1252590  -31.7290613 205.75805   74.7164    18.206     0.015    22.654   MOON_BRIGHT
   108.81556            V.180419_1934.S  146.1252449  -31.7290646 206.46562   73.4704    18.203     0.015    22.572   MOON_BRIGHT
   108.88898            V.180419_2120.S  146.1252640  -31.7290689 201.50400   66.0564    18.229     0.017    22.428   MOON_BRIGHT
   109.00903            V.180420_0012.C  146.1252686  -31.7290690 234.95014   59.7875    18.062     0.018    21.968   _
   109.07606            V.180420_0149.C  146.1252591  -31.7290675 245.33562   75.3655    18.014     0.015    22.501   _
   109.13926            V.180420_0320.C  146.1252274  -31.7290509 240.83141   66.2673    18.035     0.017    22.331   _
   109.40377            V.180420_0941.A  146.1252540  -31.7290617 226.22661   76.4387    18.103     0.014    22.539   _
   109.47399            V.180420_1122.A  146.1252620  -31.7290610 218.39972   81.3037    18.141     0.014    22.864   _
   109.53527            V.180420_1250.A  146.1252616  -31.7290567 222.27029   77.3869    18.122     0.014    22.679   _
   109.74627            V.180420_1754.S  146.1252539  -31.7290645 204.39137   81.2625    18.214     0.014    22.988   MOON_BRIGHT
   109.82843            V.180420_1952.S  146.1252604  -31.7290670 200.43595   77.4543    18.235     0.014    22.877   MOON_BRIGHT
   109.88696            V.180420_2117.S  146.1252601  -31.7290627 218.36054   82.3996    18.141     0.013    22.975   MOON_BRIGHT
   110.00331            V.180421_0004.C  146.1252521  -31.7290658 234.22809   70.9705    18.065     0.015    22.359   _
   110.00630            V.180421_0009.C  146.1252544  -31.7290659 232.61852   76.1024    18.072     0.014    22.563   _
   110.07086            V.180421_0142.C  146.1252543  -31.7290547 224.18821   76.6709    18.113     0.014    22.714   _
   110.14125            V.180421_0323.C  146.1252348  -31.7290625 259.68273   72.9280    17.952     0.015    22.411   _
   110.40575            V.180421_0944.A  146.1252522  -31.7290619 214.50512   61.8627    18.161     0.018    22.179   _
   110.41087            V.180421_0951.A  146.1252457  -31.7290669 232.39202   62.3051    18.074     0.018    22.172   _
   110.48013            V.180421_1131.A  146.1252551  -31.7290704 219.75562   69.4126    18.135     0.016    22.341   _
   110.75437            V.180421_1806.S  146.1252567  -31.7290591 226.05805   77.5520    18.104     0.014    22.661   MOON_BRIGHT
   110.82759            V.180421_1951.S  146.1252604  -31.7290618 224.56778   82.7945    18.111     0.013    22.975   MOON_BRIGHT
   110.88479            V.180421_2114.S  146.1252552  -31.7290689 223.95125   84.0985    18.114     0.013    23.082   MOON_BRIGHT
   111.01427            V.180422_0020.C  146.1252583  -31.7290645 232.61952   75.9515    18.072     0.015    22.539   _
   111.08045            V.180422_0155.C  146.1252546  -31.7290606 222.22716   77.0327    18.122     0.014    22.695   _
   111.13708            V.180422_0317.C  146.1252540  -31.7290619 217.70170   72.0950    18.145     0.015    22.497   _
   111.39646            V.180422_0930.A  146.1252595  -31.7290628 216.31142   67.8051    18.152     0.016    22.313   _
   111.46075            V.180422_1103.A  146.1252484  -31.7290630 214.63028   40.7650    18.160     0.027    21.562   _
   111.75015            V.180422_1800.S  146.1252539  -31.7290641 204.27483   73.2233    18.214     0.015    22.569   MOON_BRIGHT
   111.82259            V.180422_1944.S  146.1252510  -31.7290641 214.24985   78.0140    18.162     0.014    22.825   MOON_BRIGHT
   112.02124            V.180423_0030.C  146.1252573  -31.7290700 232.35818   57.3750    18.074     0.019    21.943   _
   112.13834            V.180423_0319.C  146.1252494  -31.7290811 239.85665   41.4653    18.039     0.026    21.512   _
   112.40454            V.180423_0942.A  146.1252482  -31.7290658 215.16650   61.1309    18.158     0.018    22.231   MOON_BRIGHT
   112.47361            V.180423_1122.A  146.1252590  -31.7290694 211.92945   64.5802    18.174     0.017    22.324   _
   112.77514            V.180423_1836.S  146.1252572  -31.7290617 202.84918   58.0139    18.222     0.019    22.095   MOON_BRIGHT
   112.85308            V.180423_2028.S  146.1252470  -31.7290639 206.24139   53.7467    18.204     0.020    21.972   MOON_BRIGHT
   113.03793            V.180424_0054.C  146.1252504  -31.7290714 234.22765   48.7876    18.065     0.022    21.644   _
   113.10132            V.180424_0225.C  146.1252369  -31.7290670 243.06728   48.5221    18.025     0.023    21.696   _
   113.39631            V.180424_0930.A  146.1252500  -31.7290659 211.86581   60.1088    18.174     0.018    22.176   MOON_BRIGHT
   113.46427            V.180424_1108.A  146.1252594  -31.7290632 221.81012   55.4088    18.124     0.020    21.910   _
   113.75319            V.180424_1804.S  146.1252468  -31.7290720 206.96574   58.9780    18.200     0.019    22.141   MOON_BRIGHT
   113.83052            V.180424_1955.S  146.1252525  -31.7290621 202.07746   61.2185    18.226     0.018    22.243   MOON_BRIGHT
   113.99758            V.180424_2356.C  146.1252508  -31.7290720 229.11953   58.5555    18.089     0.019    21.956   _
   114.05861            V.180425_0124.C  146.1252545  -31.7290616 222.01246   56.5992    18.123     0.019    21.979   _
   115.39097            V.180426_0922.A  146.1252443  -31.7290685 228.57206   50.3801    18.092     0.022    21.773   MOON_BRIGHT
   115.46243            V.180426_1105.A  146.1252341  -31.7290715 225.61313   43.1460    18.106     0.025    21.488   MOON_BRIGHT
   116.02053            V.180427_0029.C  146.1252484  -31.7290699 237.18840   47.1950    18.051     0.023    21.579   _
   116.08328            V.180427_0159.C  146.1252497  -31.7290785 232.53642   46.2743    18.073     0.024    21.623   _
   116.38757            V.180427_0918.A  146.1252546  -31.7290696 227.89211   28.4553    18.095     0.038    21.001   MOON_BRIGHT
   116.45389            V.180427_1053.A  146.1252571  -31.7290867 227.40714   33.0954    18.097     0.033    21.178   MOON_BRIGHT
   116.73936            V.180427_1744.S  146.1252526  -31.7290583 222.62144   47.6832    18.120     0.023    21.687   MOON_BRIGHT
   116.80230            V.180427_1915.S  146.1252458  -31.7290686 223.25725   48.1779    18.117     0.023    21.696   MOON_BRIGHT
   116.86837            V.180427_2050.S  146.1252723  -31.7290673 218.47967   31.0281    18.141     0.035    21.150   MOON_BRIGHT
   117.00134            V.180428_0001.C  146.1252499  -31.7290623 253.65953   50.2722    17.978     0.022    21.636   _
   117.06434            V.180428_0132.C  146.1252563  -31.7290777 220.58310   46.0847    18.130     0.024    21.731   _
   117.38716            V.180428_0917.A  146.1252552  -31.7290727 230.04044   43.1198    18.085     0.025    21.513   MOON_BRIGHT
   117.45552            V.180428_1055.A  146.1252410  -31.7290745 223.68485   26.3046    18.115     0.042    20.912   MOON_BRIGHT
   117.73443            V.180428_1737.S  -99.9999999  -99.9999999 -99.99999    -99.99   -99.999   -99.999   -99.999   PSF_ERROR_BAD_IMAGE
   117.74243            V.180428_1749.S  146.1252390  -31.7291134 184.09399   7.76903    18.328     0.141    19.758   _
   117.80096            V.180428_1913.S  146.1252842  -31.7290715 221.21803   22.0356    18.127     0.050    20.725   MOON_BRIGHT
   117.86885            V.180428_2051.S  146.1252401  -31.7290820 225.78281   23.5830    18.105     0.046    20.775   MOON_BRIGHT
   117.99187            V.180428_2348.C  146.1252635  -31.7290876 227.84118   13.9452    18.095     0.078    20.200   MOON_BRIGHT
   118.05447            V.180429_0118.C  146.1252519  -31.7290958 222.35848   9.52676    18.122     0.115    19.832   _
   118.11716            V.180429_0248.C  146.1252970  -31.7291500 244.88032   7.21750    18.016     0.151    19.391   _
   118.39590            V.180429_0930.A  146.1252471  -31.7290685 234.13412   41.9818    18.065     0.026    21.474   MOON_BRIGHT
   118.46617            V.180429_1111.A  146.1252559  -31.7290803 226.20543   40.7729    18.103     0.027    21.500   MOON_BRIGHT
   118.73623            V.180429_1740.S  146.1252570  -31.7290663 220.44340   36.5738    18.131     0.030    21.339   _
   118.80014            V.180429_1912.S  146.1252856  -31.7291045 216.77584   22.0644    18.149     0.050    20.696   MOON_BRIGHT
   118.86778            V.180429_2049.S  146.1252955  -31.7290842 231.76490   26.4886    18.076     0.041    20.880   MOON_BRIGHT
   118.99611            V.180429_2354.C  146.1252488  -31.7290692 236.27747   46.8131    18.055     0.023    21.645   MOON_BRIGHT
   119.05741            V.180430_0122.C  146.1252516  -31.7290743 235.45026   43.3290    18.059     0.025    21.477   MOON_BRIGHT
   119.11664            V.180430_0247.C  146.1252454  -31.7290773 233.35137   31.5781    18.069     0.035    21.094   _
   119.38583            V.180430_0915.A  146.1252729  -31.7290563 230.34721   37.2867    18.083     0.029    21.369   MOON_BRIGHT
   119.45057            V.180430_1048.A  146.1252800  -31.7290699 231.94739   33.0104    18.076     0.033    21.144   MOON_BRIGHT
   119.79479            V.180430_1904.S  146.1252491  -31.7290561 208.55735   60.9434    18.192     0.018    22.176   _
   119.99807            V.180430_2357.C  146.1252382  -31.7291534 -99.99999    -99.99   -99.999   -99.999    17.488   MOON_BRIGHT
   121.38777            V.180502_0918.A  146.1252525  -31.7290506 218.95747   73.3497    18.139     0.015    22.524   MOON_BRIGHT
   121.44843            V.180502_1045.A  146.1252601  -31.7290602 230.55014   61.8200    18.082     0.018    22.134   MOON_BRIGHT
   121.50781            V.180502_1211.A  146.1252684  -31.7290598 221.39960   34.7923    18.126     0.032    21.350   MOON_BRIGHT
   121.82850            V.180502_1953.S  146.1252440  -31.7290713 223.11706   42.5486    18.118     0.026    21.492   _
   122.05399            V.180503_0117.C  146.1252501  -31.7290609 221.73728   61.0019    18.125     0.018    22.139   MOON_BRIGHT
   122.73257            V.180503_1734.S  146.1252632  -31.7290586 219.77417   69.5072    18.134     0.016    22.334   _
   122.79738            V.180503_1908.S  146.1252559  -31.7290699 223.37991   68.4884    18.117     0.016    22.278   _
   122.85927            V.180503_2037.S  -99.9999999  -99.9999999 -99.99999    -99.99   -99.999   -99.999   -99.999   PSF_ERROR_BAD_IMAGE
   122.86291            V.180503_2042.S  146.1252478  -31.7290646 219.43867   67.3298    18.136     0.016    22.277   _
   122.98720            V.180503_2341.C  146.1252496  -31.7290659 219.65335   76.6226    18.135     0.014    22.653   MOON_BRIGHT
   123.06138            V.180504_0128.C  146.1252541  -31.7290681 246.23894   71.1559    18.010     0.015    22.320   MOON_BRIGHT
   123.39539            V.180504_0929.A  146.1252398  -31.7290594 218.19310   60.8334    18.142     0.018    22.070   MOON_BRIGHT
   123.45819            V.180504_1059.A  146.1252628  -31.7290777 234.44218   38.3100    18.064     0.029    21.301   MOON_BRIGHT
   123.73194            V.180504_1733.S  146.1252572  -31.7290639 202.60054   82.4853    18.223     0.013    23.028   _
   123.73444            V.180504_1737.S  146.1252514  -31.7290645 204.54079   82.4681    18.213     0.013    23.004   _
   123.79755            V.180504_1908.S  146.1252568  -31.7290663 202.85602   79.2397    18.222     0.014    22.896   _
   123.99911            V.180504_2358.C  -99.9999999  -99.9999999 -99.99999    -99.99   -99.999   -99.999   -99.999   PSF_ERROR_BAD_IMAGE
   124.07176            V.180505_0143.C  146.1252560  -31.7290632 219.27530   73.1230    18.137     0.015    22.555   MOON_BRIGHT
   124.39051            V.180505_0922.A  146.1252689  -31.7290633 231.91753   47.6123    18.076     0.023    21.644   MOON_BRIGHT
   124.45824            V.180505_1059.A  146.1252529  -31.7290670 217.52036   64.3061    18.146     0.017    22.257   MOON_BRIGHT
   124.73084            V.180505_1732.S  146.1252547  -31.7290693 216.99884   76.7440    18.148     0.014    22.610   _
   124.79333            V.180505_1902.S  146.1252492  -31.7290574 207.45451   76.1281    18.197     0.015    22.687   _
   124.85316            V.180505_2028.S  146.1252553  -31.7290650 206.57976   66.2808    18.202     0.017    22.385   _
   125.08766            V.180506_0206.C  146.1252555  -31.7290619 218.38509   69.5431    18.141     0.016    22.475   MOON_BRIGHT
   125.45810            V.180506_1059.A  146.1252637  -31.7290628 223.31941   79.6723    18.117     0.014    22.734   MOON_BRIGHT
   125.72668            V.180506_1726.S  146.1252484  -31.7290701 215.87645   54.8150    18.154     0.020    22.101   _
   125.79387            V.180506_1903.S  146.1252621  -31.7290583 237.91373   75.9315    18.048     0.015    22.556   _
   126.02926            V.180507_0042.C  146.1252740  -31.7290808 224.84224   26.7766    18.110     0.041    21.036   MOON_BRIGHT
   126.39546            V.180507_0929.A  146.1252664  -31.7290531 216.97101   76.9871    18.148     0.014    22.594   _
   126.46119            V.180507_1104.A  146.1252621  -31.7290943 221.36159   26.2901    18.127     0.042    21.007   MOON_BRIGHT
   126.99319            V.180507_2350.C  146.1252570  -31.7290616 237.44713   55.9052    18.050     0.020    21.941   MOON_BRIGHT
   127.05468            V.180508_0118.C  146.1252553  -31.7290670 230.79620   44.9997    18.081     0.024    21.615   MOON_BRIGHT
   127.38563            V.180508_0915.A  146.1252756  -31.7291112 234.47984   13.5261    18.064     0.081    20.208   _
   127.44890            V.180508_1046.A  -99.9999999  -99.9999999 -99.99999    -99.99   -99.999   -99.999   -99.999   PSF_ERROR_BAD_IMAGE
   127.99597            V.180508_2354.C  146.1252437  -31.7290709 232.15133   60.5259    18.075     0.018    22.066   MOON_BRIGHT
   128.06059            V.180509_0127.C  146.1252699  -31.7290801 231.74571   46.4617    18.077     0.024    21.631   MOON_BRIGHT
   128.38751            V.180509_0917.A  146.1252547  -31.7290399 243.99198   76.0681    18.020     0.015    22.480   _
   128.45192            V.180509_1050.A  146.1252634  -31.7290522 236.15153   70.1031    18.056     0.016    22.283   _
   128.74185            V.180509_1748.S  146.1252607  -31.7290631 239.00777   76.4496    18.043     0.014    22.537   _
   128.81117            V.180509_1928.S  146.1252582  -31.7290604 230.08574   74.2054    18.084     0.015    22.719   _
   129.74192            V.180510_1748.S  146.1252725  -31.7290862 228.19700   25.1917    18.093     0.044    20.966   _
   129.80922            V.180510_1925.S  146.1252674  -31.7290997 222.33345   23.5181    18.122     0.047    20.953   _
   129.99922            V.180510_2358.C  146.1252427  -31.7290580 221.41086   71.8752    18.126     0.015    22.479   MOON_BRIGHT
   130.00488            V.180511_0006.C  146.1252592  -31.7290659 223.39069   75.0568    18.117     0.015    22.632   MOON_BRIGHT
   130.07088            V.180511_0142.C  146.1252531  -31.7290627 232.89851   74.4145    18.071     0.015    22.541   MOON_BRIGHT
   130.73322            V.180511_1735.S  146.1252462  -31.7290587 224.03154   67.7714    18.114     0.016    22.316   _
   130.80002            V.180511_1912.S  146.1252567  -31.7290602 214.45260   67.8488    18.161     0.016    22.406   _
   130.99696            V.180511_2355.C  146.1252527  -31.7290651 239.26060   76.5334    18.042     0.014    22.524   MOON_BRIGHT
   131.06484            V.180512_0133.C  146.1252620  -31.7290650 231.04602   78.1298    18.080     0.014    22.719   MOON_BRIGHT
   131.39330            V.180512_0926.A  146.1252719  -31.7290675 229.78149   52.4920    18.086     0.021    21.842   _
   131.46009            V.180512_1102.A  146.1252774  -31.7290651 226.50365   42.1788    18.102     0.026    21.533   _
   131.80170            V.180512_1914.S  146.1252569  -31.7290640 227.42447   72.7849    18.097     0.015    22.595   _
   131.99385            V.180512_2351.C  146.1252557  -31.7290585 219.27242   65.2337    18.137     0.017    22.297   _
   132.05738            V.180513_0122.C  146.1252514  -31.7290671 216.38654   66.8224    18.151     0.016    22.388   MOON_BRIGHT
   132.39280            V.180513_0925.A  146.1252579  -31.7290623 219.13748   75.9686    18.138     0.015    22.571   _
   132.46207            V.180513_1105.A  146.1252563  -31.7290604 216.22266   74.1872    18.152     0.015    22.592   _
   132.46374            V.180513_1107.A  146.1252622  -31.7290629 214.98903   71.2575    18.158     0.015    22.528   _
   132.74177            V.180513_1748.S  146.1252543  -31.7290672 225.45450   70.4204    18.107     0.016    22.380   _
   132.80712            V.180513_1922.S  146.1252520  -31.7290664 207.76423   74.4951    18.196     0.015    22.776   _
   133.38451            V.180514_0913.A  146.1252626  -31.7290633 229.97242   50.4383    18.085     0.022    21.763   _
   133.45002            V.180514_1048.A  146.1252532  -31.7290711 212.16850   61.8846    18.173     0.018    22.206   _
   133.73338            V.180514_1736.S  146.1252512  -31.7290635 235.63036   77.5502    18.058     0.014    22.642   _
   133.81227            V.180514_1929.S  146.1252600  -31.7290654 224.66580   74.8242    18.110     0.015    22.688   _
   133.98581            V.180514_2339.C  146.1252584  -31.7290768 378.98176   45.5317    17.540     0.024    21.102   _
   134.05738            V.180515_0122.C  146.1252502  -31.7290600 221.95203   65.9751    18.124     0.017    22.265   _
   134.38752            V.180515_0918.A  146.1252550  -31.7290620 220.48266   75.9264    18.131     0.015    22.588   _
   134.45110            V.180515_1049.A  146.1252576  -31.7290635 229.17001   71.0731    18.089     0.016    22.409   _
   134.73628            V.180515_1740.S  146.1252529  -31.7290654 213.29332   80.5228    18.167     0.014    22.984   _
   134.98140            V.180515_2333.C  146.1252507  -31.7290640 219.82866   74.4509    18.134     0.015    22.697   _
   135.04881            V.180516_0110.C  146.1252520  -31.7290599 221.37619   70.9150    18.127     0.016    22.655   _
   135.37226            V.180516_0856.A  146.1252630  -31.7290507 229.03245   46.4186    18.089     0.024    21.615   _
   135.43775            V.180516_1030.A  146.1252623  -31.7290662 212.84860   59.9201    18.169     0.018    22.104   _
   135.73779            V.180516_1742.S  146.1252540  -31.7290664 216.10833   80.7960    18.153     0.014    22.990   MOON_BRIGHT
   135.80529            V.180516_1919.S  146.1252636  -31.7290669 209.36707   77.4733    18.187     0.014    22.890   MOON_BRIGHT
   135.99524            V.180516_2353.C  146.1252506  -31.7290653 222.44920   75.9632    18.121     0.015    22.650   _
   136.05604            V.180517_0120.C  146.1252538  -31.7290571 222.81269   76.0456    18.119     0.015    22.622   _
   136.44597            V.180517_1042.A  146.1252623  -31.7290569 216.98466   56.3080    18.148     0.020    22.004   _
   136.73721            V.180517_1741.S  146.1252582  -31.7290620 215.36352   81.5713    18.157     0.014    22.993   MOON_BRIGHT
   136.79947            V.180517_1911.S  146.1252482  -31.7290667 228.08629   77.9501    18.094     0.014    22.731   MOON_BRIGHT
   137.38431            V.180518_0913.A  146.1252471  -31.7290568 220.88385   56.7018    18.129     0.019    21.949   _
   137.45231            V.180518_1051.A  146.1252593  -31.7290549 227.74801   57.5210    18.096     0.019    21.992   _
   137.73700            V.180518_1741.S  146.1253300  -31.7291709 -99.99999    -99.99   -99.999   -99.999    19.006   MOON_BRIGHT
   138.37742            V.180519_0903.A  146.1252592  -31.7290759 233.79749   56.6843    18.067     0.019    21.862   _
   138.44995            V.180519_1047.A  146.1252636  -31.7290761 230.04814   46.3458    18.085     0.024    21.596   _
   139.37684            V.180520_0902.A  146.1252660  -31.7290888 227.19350   35.2058    18.098     0.031    21.243   _
   139.44339            V.180520_1038.A  146.1252616  -31.7290762 217.38864   32.6636    18.146     0.033    21.248   _
   140.38227            V.180521_0910.A  146.1252526  -31.7290761 222.61676   57.1491    18.120     0.019    21.994   _
   141.40381            V.180522_0941.A  146.1252567  -31.7290666 233.20837   41.0989    18.070     0.027    21.471   MOON_BRIGHT
   141.98108            V.180522_2332.C  146.1252550  -31.7290693 219.87320   71.6519    18.134     0.015    22.502   _
   142.04950            V.180523_0111.C  146.1252491  -31.7290624 223.79237   72.2430    18.115     0.015    22.475   _
   142.38197            V.180523_0910.A  146.1252465  -31.7290838 231.97431   37.3415    18.076     0.029    21.319   MOON_BRIGHT
   142.44796            V.180523_1045.A  146.1252448  -31.7291029 219.19793   28.6841    18.137     0.038    21.034   MOON_BRIGHT
   142.72427            V.180523_1722.S  146.1252445  -31.7290666 225.74830   48.3137    18.105     0.023    21.766   MOON_BRIGHT
   142.79439            V.180523_1903.S  146.1252557  -31.7290856 219.72582   22.0114    18.135     0.050    20.742   MOON_BRIGHT
   142.97608            V.180523_2325.C  146.1252555  -31.7290622 225.06301   69.6802    18.108     0.016    22.346   _
   143.04200            V.180524_0100.C  146.1252561  -31.7290667 249.43120   64.4697    17.996     0.017    22.065   _
   143.97375            V.180524_2322.C  146.1252500  -31.7290725 235.67191   57.4082    18.058     0.019    21.940   _
   144.03484            V.180525_0050.C  146.1252442  -31.7290675 245.20564   57.0491    18.015     0.019    21.875   _
   144.37836            V.180525_0904.A  146.1252476  -31.7290616 220.13051   63.8077    18.133     0.017    22.168   MOON_BRIGHT
   144.97272            V.180525_2320.C  146.1252460  -31.7290681 222.97819   58.6472    18.119     0.019    22.023   _
   145.03348            V.180526_0048.C  146.1252449  -31.7290662 223.17569   55.1737    18.118     0.020    21.989   _
   145.71715            V.180526_1712.S  146.1252545  -31.7290684 231.76654   48.8231    18.076     0.022    21.648   MOON_BRIGHT
   145.78076            V.180526_1844.S  146.1252437  -31.7290734 224.26709   51.0971    18.112     0.021    21.796   MOON_BRIGHT
   145.97961            V.180526_2330.C  146.1252549  -31.7290649 236.29983   54.5382    18.055     0.020    21.840   MOON_BRIGHT
   146.03998            V.180527_0057.C  146.1252604  -31.7290750 240.24030   48.2545    18.037     0.023    21.652   _
   146.73385            V.180527_1736.S  146.1252492  -31.7290632 228.20678   56.0512    18.093     0.020    21.912   MOON_BRIGHT
   146.79597            V.180527_1906.S  146.1252633  -31.7290737 227.07273   41.8232    18.099     0.026    21.464   MOON_BRIGHT
   146.98279            V.180527_2335.C  146.1252532  -31.7290662 221.22538   55.5801    18.127     0.020    22.019   MOON_BRIGHT
   147.37633            V.180528_0901.A  146.1252535  -31.7290720 234.74996   45.0111    18.063     0.024    21.521   MOON_BRIGHT
   148.37909            V.180529_0905.A  146.1252456  -31.7290659 222.76977   53.4975    18.120     0.021    21.932   MOON_BRIGHT
   148.39047            V.180529_0922.A  146.1252480  -31.7290706 218.17446   48.9986    18.142     0.022    21.794   MOON_BRIGHT
   148.74341            V.180529_1750.S  146.1252657  -31.7290758 234.19515   38.4169    18.065     0.028    21.338   _
   149.73163            V.180530_1733.S  146.1252755  -31.7290927 232.93543   20.0982    18.071     0.054    20.593   _
   150.37398            V.180531_0858.A  146.1252478  -31.7290869 221.37622   32.6843    18.127     0.033    21.211   MOON_BRIGHT
   150.72050            V.180531_1717.S  146.1252551  -31.7290609 211.79918   66.4827    18.175     0.017    22.399   _
   150.97426            V.180531_2322.C  146.1252555  -31.7290639 219.07344   65.9724    18.138     0.017    22.281   MOON_BRIGHT
   151.03619            V.180601_0052.C  146.1252469  -31.7290737 227.83799   42.4190    18.095     0.026    21.528   MOON_BRIGHT
   151.38598            V.180601_0915.A  146.1252529  -31.7290616 211.88369   54.6054    18.174     0.020    21.939   MOON_BRIGHT
   152.71866            V.180602_1714.S  146.1252582  -31.7290573 215.72975   72.0975    18.155     0.015    22.571   _
   152.77561            V.180602_1836.S  -99.9999999  -99.9999999 -99.99999    -99.99   -99.999   -99.999   -99.999   PSF_ERROR_BAD_IMAGE
   152.97084            V.180602_2318.C  146.1252545  -31.7290664 219.17087   82.7751    18.137     0.013    22.960   MOON_BRIGHT
   153.38247            V.180603_0910.A  146.1252477  -31.7290676 216.22735   61.0427    18.152     0.018    22.208   MOON_BRIGHT
   153.97919            V.180603_2330.C  146.1252592  -31.7290677 221.10993   79.8329    18.128     0.014    22.806   MOON_BRIGHT
   154.37166            V.180604_0855.A  146.1252552  -31.7290621 215.07059   68.4725    18.158     0.016    22.431   _
   154.71833            V.180604_1714.S  146.1252458  -31.7290627 223.11039   72.6519    18.118     0.015    22.506   _
   154.77510            V.180604_1836.S  146.1252445  -31.7290655 226.41546   56.7240    18.102     0.019    21.986   _
   154.96825            V.180604_2314.C  146.1252569  -31.7290617 219.63272   68.4305    18.135     0.016    22.326   MOON_BRIGHT
   155.37767            V.180605_0903.A  146.1252596  -31.7290663 211.57088   52.9249    18.176     0.021    21.992   _
   155.72478            V.180605_1723.S  146.1252554  -31.7290663 234.20040   80.1799    18.065     0.014    22.781   _
   156.37513            V.180606_0900.A  146.1252557  -31.7290517 216.43233   55.7580    18.151     0.020    21.978   _
   156.72216            V.180606_1719.S  146.1252557  -31.7290552 215.62013   75.7037    18.155     0.015    22.707   _
   156.97260            V.180606_2320.C  146.1252564  -31.7290690 233.47268   70.2415    18.068     0.016    22.301   MOON_BRIGHT
   157.02654            V.180607_0038.C  146.1252574  -31.7290544 220.97390   68.8981    18.129     0.016    22.382   MOON_BRIGHT
   157.71606            V.180607_1711.S  146.1252555  -31.7290645 241.95814   76.5748    18.030     0.014    22.769   _
   157.96319            V.180607_2307.C  146.1252526  -31.7290650 227.23499   67.4862    18.098     0.016    22.305   MOON_BRIGHT
   158.01650            V.180608_0023.C  146.1252577  -31.7290640 229.86982   66.1507    18.085     0.017    22.276   MOON_BRIGHT
   158.71397            V.180608_1708.S  146.1252546  -31.7290718 234.79680   53.5304    18.062     0.021    22.033   _
   158.95926            V.180608_2301.C  146.1252497  -31.7290661 219.90076   76.0440    18.134     0.015    22.642   MOON_BRIGHT
   159.01142            V.180609_0016.C  146.1252477  -31.7290715 236.51226   44.9782    18.054     0.024    21.714   MOON_BRIGHT
   160.37023            V.180610_0853.A  146.1252582  -31.7290651 218.50466   57.8357    18.141     0.019    22.000   _
   160.71640            V.180610_1711.S  146.1252599  -31.7290692 232.56223   60.2838    18.073     0.018    22.099   _
   161.37157            V.180611_0855.A  146.1252592  -31.7290575 226.24884   49.7447    18.103     0.022    21.711   _
   161.70929            V.180611_1701.S  146.1252631  -31.7290678 240.38060   81.2104    18.037     0.014    22.834   _
   162.36826            V.180612_0850.A  146.1252556  -31.7290636 220.60891   66.3922    18.130     0.017    22.320   _
   162.71009            V.180612_1702.S  146.1252570  -31.7290697 230.02948   74.6544    18.085     0.015    22.652   _
   162.96801            V.180612_2313.C  146.1252387  -31.7290655 238.13323   67.7062    18.047     0.016    22.168   _
   163.37582            V.180613_0901.A  146.1252486  -31.7290935 236.23459   43.5681    18.056     0.025    21.536   _
   163.71079            V.180613_1703.S  146.1252510  -31.7290623 214.89812   71.1865    18.159     0.016    22.597   MOON_BRIGHT
   163.96493            V.180613_2309.C  146.1252598  -31.7290650 217.48415   76.9235    18.146     0.014    22.661   _
   164.36890            V.180614_0851.A  146.1252488  -31.7290759 223.89379   43.5965    18.114     0.025    21.597   _
   164.96634            V.180614_2311.C  146.1252558  -31.7290608 236.32612   76.1383    18.055     0.015    22.676   _
   166.70782            V.180616_1659.S  146.1253859  -31.7291972 225.43505   13.1034    18.107     0.083    20.152   MOON_BRIGHT
   166.97499            V.180616_2323.C  146.1252553  -31.7290583 215.67615   74.1974    18.155     0.015    22.636   _
   167.97282            V.180617_2320.C  146.1252543  -31.7290671 244.18702   67.6405    18.020     0.016    22.185   _
   168.97125            V.180618_2318.C  146.1252547  -31.7290633 221.88328   64.0708    18.124     0.017    22.236   _
   169.37258            V.180619_0856.A  146.1252656  -31.7290715 231.37747   43.9209    18.078     0.025    21.558   _
   169.96090            V.180619_2303.C  146.1252507  -31.7290675 222.68369   57.6310    18.120     0.019    21.995   _
   170.70894            V.180620_1700.S  146.1252657  -31.7290802 223.69616   46.2289    18.115     0.024    21.633   MOON_BRIGHT
   170.95006            V.180620_2248.C  146.1252664  -31.7290787 227.94700   47.8884    18.095     0.023    21.660   _
   171.37091            V.180621_0854.A  146.1252696  -31.7290985 230.78774   36.2090    18.081     0.030    21.308   MOON_BRIGHT
   171.95087            V.180621_2249.C  146.1252710  -31.7290610 233.34194   39.7080    18.069     0.028    21.414   _
   172.36675            V.180622_0848.A  146.1252640  -31.7290726 220.25718   31.1599    18.132     0.035    21.174   MOON_BRIGHT
   172.70457            V.180622_1654.S  146.1252471  -31.7290674 232.94027   64.2715    18.071     0.017    22.189   MOON_BRIGHT
   172.95470            V.180622_2254.C  146.1252453  -31.7290782 227.91597   46.3966    18.095     0.024    21.672   _
   173.36652            V.180623_0847.A  146.1252615  -31.7290725 236.41705   33.5874    18.055     0.033    21.168   MOON_BRIGHT
   173.95063            V.180623_2248.C  146.1252480  -31.7290624 229.79754   41.0572    18.086     0.027    21.449   _
   174.36257            V.180624_0842.A  146.1252425  -31.7290572 222.52401   30.0379    18.121     0.036    21.114   MOON_BRIGHT
   174.70569            V.180624_1656.S  146.1252535  -31.7290586 230.42974   46.2647    18.083     0.024    21.628   MOON_BRIGHT
   174.95198            V.180624_2250.C  146.1252451  -31.7291026 201.34943   19.5563    18.230     0.056    20.760   MOON_BRIGHT
   175.36105            V.180625_0839.A  146.1252658  -31.7290782 221.94641   31.1012    18.124     0.035    21.157   MOON_BRIGHT
   175.94808            V.180625_2245.C  146.1252795  -31.7290695 234.21626   28.1530    18.065     0.039    20.932   MOON_BRIGHT
   176.35656            V.180626_0833.A  146.1252418  -31.7290888 228.90171   32.8025    18.090     0.033    21.158   MOON_BRIGHT
   176.70402            V.180626_1653.S  146.1252592  -31.7290688 236.48524   41.4376    18.054     0.026    21.450   _
   176.96451            V.180626_2308.C  146.1252529  -31.7290749 239.36639   52.5739    18.041     0.021    21.818   MOON_BRIGHT
   177.95238            V.180627_2251.C  146.1252539  -31.7290749 217.25589   42.3985    18.147     0.026    21.600   MOON_BRIGHT