; SOURCE_NAME : oh_aux1
; SOURCE_RA_DEC	[146.12331, 146.1186771, 146.1211579, 146.1252263, 146.1211737]	[-31.72825, -31.72441639, -31.7266625, -31.72913221, -31.73156611]
; NUMBER_OF_REFERENCES	13
; Nilou Afsari	180627_2251
; OBSDAY2018                     STRTXT     RA_MC(")    DEC_MC(") Flux(uJy)       SNR    MAG_MC MAGERR_MC    LIM_MC   NOTE
    37.46196            V.180207_1105.A  146.1187088  -31.7243573 585.53929   115.409    17.065     0.010    22.026   MOON_BRIGHT
    37.51028            V.180207_1214.A  146.1186965  -31.7243676 607.76845   131.874    17.025     0.009    22.358   MOON_BRIGHT
    37.80196            V.180207_1914.S  -99.9999999  -99.9999999 -99.99999    -99.99   -99.999   -99.999   -99.999   PSF_ERROR_BAD_IMAGE
    37.80477            V.180207_1918.S  -99.9999999  -99.9999999 -99.99999    -99.99   -99.999   -99.999   -99.999   PSF_ERROR_BAD_IMAGE
    38.03818            V.180208_0054.C  146.1187105  -31.7243555 595.95968   111.997    17.046     0.010    21.946   MOON_BRIGHT
    38.06505            V.180208_0133.C  146.1187045  -31.7243681 600.37811   121.854    17.038     0.009    22.168   MOON_BRIGHT
    38.10010            V.180208_0224.C  146.1187113  -31.7243620 584.29216   133.150    17.068     0.008    22.590   MOON_BRIGHT
    38.45528            V.180208_1055.A  146.1187368  -31.7243983 625.84207   35.8239    16.993     0.031    20.264   MOON_BRIGHT
    38.47821            V.180208_1128.A  146.1186961  -31.7243126 574.83491   115.401    17.086     0.010    22.023   MOON_BRIGHT
    38.80818            V.180208_1923.S  146.1187119  -31.7243621 520.88178   135.045    17.193     0.008    22.979   _
    39.83812            V.180209_2006.S  146.1187256  -31.7243624 550.63045   115.943    17.132     0.010    21.999   _
    39.83953            V.180209_2008.S  146.1187262  -31.7243657 543.27373   118.209    17.147     0.009    22.107   _
    39.89378            V.180209_2127.S  146.1187319  -31.7243790 563.89123   94.1302    17.106     0.012    21.660   _
    40.79058            V.180210_1858.S  146.1187442  -31.7243486 551.09278   121.686    17.132     0.009    22.183   _
    40.87704            V.180210_2102.S  146.1187108  -31.7243607 521.81326   139.300    17.191     0.008    22.804   _
    41.60462            V.180211_1430.A  146.1187165  -31.7243562 563.98457   134.804    17.106     0.008    22.370   MOON_BRIGHT
    41.66545            V.180211_1558.A  146.1187204  -31.7243567 542.34634   138.848    17.149     0.008    22.635   MOON_BRIGHT
    41.72572            V.180211_1725.A  146.1187239  -31.7243562 551.11012   134.436    17.131     0.008    22.451   MOON_BRIGHT
    43.60488            V.180213_1431.A  146.1187190  -31.7243429 496.73568   139.259    17.245     0.008    22.363   _
    43.67616            V.180213_1613.A  146.1187222  -31.7243595 562.50355   139.243    17.109     0.008    22.522   MOON_BRIGHT
    43.74058            V.180213_1746.A  146.1187227  -31.7243618 539.58343   131.597    17.155     0.009    22.366   MOON_BRIGHT
    46.43819            V.180216_1031.A  146.1187018  -31.7243589 560.96999   128.646    17.112     0.009    22.314   _
    46.48083            V.180216_1132.A  146.1187120  -31.7243618 577.60840   135.804    17.080     0.008    22.410   _
    46.53187            V.180216_1245.A  146.1187112  -31.7243532 547.68789   134.962    17.138     0.008    22.372   _
    47.44345            V.180217_1038.A  146.1187082  -31.7243789 588.00080   104.230    17.061     0.011    21.700   _
    47.49082            V.180217_1146.A  146.1187207  -31.7243629 553.08719   122.073    17.128     0.009    22.255   _
    48.43356            V.180218_1024.A  146.1187137  -31.7243601 592.34208   103.925    17.053     0.011    21.726   _
    48.48505            V.180218_1138.A  146.1186551  -31.7242983 611.86205   107.717    17.017     0.010    21.865   _
    48.53587            V.180218_1251.A  146.1186968  -31.7243256 613.28759   125.194    17.015     0.009    22.134   _
    48.56024            V.180218_1326.A  146.1188029  -31.7244336 573.02844   13.5257    17.089     0.081    19.241   _
    48.80274            V.180218_1915.S  146.1187184  -31.7243585 557.09394   115.779    17.120     0.010    21.949   MOON_BRIGHT
    48.83450            V.180218_2001.S  146.1187188  -31.7243680 553.77876   119.486    17.126     0.009    22.063   MOON_BRIGHT
    48.89350            V.180218_2126.S  146.1187143  -31.7243517 515.67278   126.614    17.204     0.009    22.434   _
    49.04231            V.180219_0100.C  146.1187099  -31.7243650 586.38859   119.950    17.064     0.009    22.089   _
    49.10225            V.180219_0227.C  146.1187208  -31.7243615 548.77321   132.338    17.136     0.009    22.564   _
    49.20586            V.180219_0456.C  146.1187169  -31.7243621 584.38609   134.370    17.068     0.008    22.556   _
    49.79641            V.180219_1906.S  146.1187080  -31.7243779 554.58227   85.6353    17.125     0.013    21.718   MOON_BRIGHT
    49.83206            V.180219_1958.S  146.1187167  -31.7243518 515.72551   135.900    17.204     0.008    22.851   MOON_BRIGHT
    49.88550            V.180219_2115.S  146.1187148  -31.7243543 519.53907   135.648    17.196     0.008    22.703   _
    49.96613            V.180219_2311.S  -99.9999999  -99.9999999 -99.99999    -99.99   -99.999   -99.999   -99.999   PSF_ERROR_BAD_IMAGE
    50.03655            V.180220_0052.C  146.1187086  -31.7243641 544.81319   118.518    17.144     0.010    22.208   _
    50.06395            V.180220_0132.C  146.1187128  -31.7243637 577.18316   122.837    17.081     0.009    22.248   _
    50.11883            V.180220_0251.C  146.1187120  -31.7243579 554.57551   129.686    17.125     0.009    22.488   _
    50.23850            V.180220_0543.C  146.1187194  -31.7243662 601.51653   130.183    17.036     0.009    22.472   _
    50.78470            V.180220_1849.S  146.1187219  -31.7243674 554.36897   124.094    17.125     0.009    22.269   MOON_BRIGHT
    50.81155            V.180220_1928.S  146.1187102  -31.7243696 517.63650   130.988    17.200     0.009    22.643   MOON_BRIGHT
    50.86206            V.180220_2041.S  146.1187163  -31.7243605 526.44790   122.740    17.181     0.009    22.520   MOON_BRIGHT
    50.93182            V.180220_2221.S  146.1187917  -31.7244928 -99.99999    -99.99   -99.999   -99.999    17.647   _
    51.04387            V.180221_0103.C  146.1187174  -31.7243603 590.47322   124.861    17.056     0.009    22.236   _
    51.11358            V.180221_0243.C  146.1187090  -31.7243622 569.32750   136.878    17.096     0.008    22.626   _
    51.19514            V.180221_0441.C  146.1187185  -31.7243649 552.40772   140.345    17.129     0.008    22.833   _
    51.26459            V.180221_0621.C  146.1187131  -31.7243683 609.87488   137.139    17.021     0.008    22.808   _
    51.43633            V.180221_1028.A  146.1187187  -31.7243652 598.64618   93.9863    17.041     0.012    21.461   _
    51.46753            V.180221_1113.A  146.1187230  -31.7243551 608.77372   98.5526    17.023     0.011    21.577   _
    51.47172            V.180221_1119.A  146.1187318  -31.7243773 574.44060   53.2499    17.086     0.021    20.735   _
    51.51338            V.180221_1219.A  146.1187227  -31.7243623 560.18060   105.347    17.114     0.011    21.729   _
    51.57480            V.180221_1347.A  146.1187192  -31.7243632 547.44333   136.897    17.139     0.008    22.567   _
    51.63625            V.180221_1516.A  146.1187380  -31.7243737 541.17567   96.4539    17.151     0.012    21.813   _
    51.79006            V.180221_1857.S  146.1187096  -31.7243673 565.62060   124.459    17.103     0.009    22.258   MOON_BRIGHT
    51.82457            V.180221_1947.S  146.1187161  -31.7243636 561.25458   127.651    17.112     0.009    22.385   MOON_BRIGHT
    53.04458            V.180223_0104.C  146.1187186  -31.7243626 587.11727   100.858    17.062     0.011    21.636   _
    53.09698            V.180223_0219.C  146.1187169  -31.7243678 575.28814   114.467    17.085     0.010    21.952   _
    53.18360            V.180223_0424.C  146.1187192  -31.7243603 550.40670   138.616    17.133     0.008    22.835   _
    53.24616            V.180223_0554.C  146.1187201  -31.7243591 550.50551   139.988    17.133     0.008    22.942   _
    53.82507            V.180223_1948.S  146.1187388  -31.7243651 544.51655   96.9087    17.145     0.011    21.593   MOON_BRIGHT
    53.88475            V.180223_2114.S  146.1187123  -31.7243620 546.39945   95.9177    17.141     0.012    21.658   MOON_BRIGHT
    53.96620            V.180223_2311.S  146.1187182  -31.7243584 512.40292   118.636    17.211     0.009    22.145   MOON_BRIGHT
    54.03872            V.180224_0055.S  146.1187262  -31.7243622 547.11733   114.503    17.139     0.010    22.001   MOON_BRIGHT
    55.05824            V.180225_0123.C  146.1187150  -31.7243655 613.74295   129.557    17.014     0.009    22.416   _
    55.11015            V.180225_0238.C  146.1187111  -31.7243652 588.81947   134.203    17.059     0.008    22.430   _
    55.19664            V.180225_0443.C  146.1187109  -31.7243554 546.53422   140.060    17.141     0.008    22.852   _
    55.26507            V.180225_0621.C  146.1187176  -31.7243618 594.60091   143.079    17.049     0.008    22.965   _
    55.78182            V.180225_1845.S  146.1186999  -31.7243616 517.08500   97.5181    17.201     0.011    21.686   MOON_BRIGHT
    55.81321            V.180225_1931.S  146.1187110  -31.7243575 561.62885   88.3333    17.111     0.013    21.428   MOON_BRIGHT
    55.86817            V.180225_2050.S  146.1187061  -31.7243696 554.06082   109.319    17.126     0.010    21.809   MOON_BRIGHT
    55.94316            V.180225_2238.S  146.1187158  -31.7243562 517.66068   107.335    17.200     0.010    21.864   MOON_BRIGHT
    56.01572            V.180226_0022.S  146.1187286  -31.7243626 541.88481   109.138    17.150     0.010    21.843   MOON_BRIGHT
    57.04623            V.180227_0106.C  146.1187046  -31.7243699 586.91352   97.5768    17.063     0.011    21.534   _
    57.10267            V.180227_0227.C  146.1187126  -31.7243632 588.10333   118.170    17.061     0.009    21.962   _
    57.17985            V.180227_0418.C  146.1187139  -31.7243561 553.03501   119.913    17.128     0.009    22.076   _
    57.24531            V.180227_0553.C  146.1187101  -31.7243627 557.56663   115.777    17.119     0.010    21.967   _
    57.43014            V.180227_1019.A  146.1187211  -31.7243706 603.85350   84.2371    17.032     0.013    21.259   MOON_BRIGHT
    57.49956            V.180227_1159.A  146.1187224  -31.7243744 579.61015   76.3964    17.076     0.014    21.169   MOON_BRIGHT
    57.58672            V.180227_1404.A  146.1187219  -31.7243734 578.51676   76.7012    17.079     0.014    21.171   _
    57.66052            V.180227_1551.A  146.1187391  -31.7243792 571.65644   54.2068    17.092     0.020    20.735   _
    57.78591            V.180227_1851.S  146.1187099  -31.7243643 538.64536   107.469    17.156     0.010    21.923   MOON_BRIGHT
    57.81387            V.180227_1931.S  146.1187089  -31.7243677 565.88638   113.258    17.103     0.010    21.877   MOON_BRIGHT
    57.86598            V.180227_2047.S  146.1187198  -31.7243627 523.35509   116.631    17.188     0.010    22.117   MOON_BRIGHT
    57.94843            V.180227_2245.S  146.1187164  -31.7243604 511.58256   120.223    17.213     0.009    22.216   MOON_BRIGHT
    58.02133            V.180228_0030.S  146.1187480  -31.7243735 540.31206   63.3043    17.153     0.017    21.022   MOON_BRIGHT
    59.44668            V.180301_1043.A  146.1187213  -31.7243697 585.15301   65.0513    17.066     0.017    20.930   MOON_BRIGHT
    59.50862            V.180301_1212.A  146.1187148  -31.7243796 586.22295   56.4110    17.064     0.020    20.740   MOON_BRIGHT
    59.58597            V.180301_1403.A  146.1187338  -31.7243932 577.04874   50.4261    17.081     0.022    20.610   MOON_BRIGHT
    59.65854            V.180301_1548.A  146.1187220  -31.7243662 673.49426   50.0284    16.913     0.022    20.401   _
    59.77497            V.180301_1835.S  146.1187224  -31.7243998 542.88070   41.7703    17.148     0.026    20.403   _
    59.82655            V.180301_1950.S  146.1187377  -31.7243941 525.72063   43.7981    17.183     0.025    20.538   _
    61.03231            V.180303_0046.C  146.1187147  -31.7243642 599.04283   100.829    17.041     0.011    21.619   MOON_BRIGHT
    61.09052            V.180303_0210.C  146.1187039  -31.7243668 587.03023   100.106    17.063     0.011    21.604   MOON_BRIGHT
    61.15939            V.180303_0349.C  146.1187100  -31.7243608 552.19243   109.665    17.129     0.010    21.942   _
    61.23185            V.180303_0533.C  146.1187190  -31.7243622 590.30635   100.902    17.057     0.011    21.663   _
    61.77554            V.180303_1836.S  146.1187107  -31.7243655 555.55780   105.609    17.123     0.011    21.773   _
    61.81365            V.180303_1931.S  146.1187043  -31.7243720 546.67962   102.091    17.140     0.011    21.724   _
    61.86579            V.180303_2046.S  146.1187236  -31.7243699 545.45681   82.6690    17.143     0.013    21.308   _
    61.94094            V.180303_2234.S  146.1187219  -31.7243669 515.21205   96.1807    17.205     0.012    21.709   MOON_BRIGHT
    62.01176            V.180304_0016.S  146.1187269  -31.7243641 559.29889   88.8555    17.115     0.012    21.438   MOON_BRIGHT
    63.03931            V.180305_0056.C  146.1187101  -31.7243673 589.50979   137.593    17.058     0.008    22.793   MOON_BRIGHT
    63.10691            V.180305_0233.C  146.1187154  -31.7243611 595.07366   130.671    17.048     0.009    22.327   MOON_BRIGHT
    63.17743            V.180305_0415.C  146.1187129  -31.7243581 562.97153   123.785    17.108     0.009    22.258   _
    63.25304            V.180305_0604.C  146.1187097  -31.7243599 620.33098   110.063    17.002     0.010    21.822   _
    63.78601            V.180305_1851.S  146.1187183  -31.7243603 548.58221   111.544    17.137     0.010    22.099   _
    63.81560            V.180305_1934.S  146.1187058  -31.7243475 566.44802   111.332    17.102     0.010    22.160   _
    63.87108            V.180305_2054.S  146.1187095  -31.7243623 570.32766   113.882    17.094     0.010    21.918   _
    63.94644            V.180305_2242.S  146.1187082  -31.7243630 518.82212   111.407    17.197     0.010    22.019   MOON_BRIGHT
    64.01843            V.180306_0026.S  146.1187354  -31.7243792 554.62093   76.4282    17.125     0.014    21.209   MOON_BRIGHT
    65.03036            V.180307_0043.C  146.1187068  -31.7243578 587.18137   126.228    17.062     0.009    22.331   MOON_BRIGHT
    65.07924            V.180307_0154.C  146.1187124  -31.7243610 550.40386   137.596    17.133     0.008    22.815   MOON_BRIGHT
    65.17405            V.180307_0410.C  146.1187087  -31.7243553 578.32133   128.165    17.079     0.009    22.314   MOON_BRIGHT
    65.18098            V.180307_0420.C  146.1187168  -31.7243584 571.65456   132.657    17.092     0.009    22.466   MOON_BRIGHT
    65.24039            V.180307_0546.C  146.1187138  -31.7243611 546.72369   121.109    17.140     0.009    22.215   MOON_BRIGHT
    65.76894            V.180307_1827.S  146.1187099  -31.7243567 515.13471   127.490    17.205     0.009    22.428   _
    65.80119            V.180307_1913.S  146.1187074  -31.7243608 502.98065   128.022    17.231     0.009    22.447   _
    65.85530            V.180307_2031.S  146.1187131  -31.7243669 507.16761   124.493    17.222     0.009    22.329   _
    67.65205            V.180309_1538.A  146.1187202  -31.7243635 548.57618   120.986    17.137     0.009    22.121   MOON_BRIGHT
    69.02301            V.180311_0033.C  146.1187224  -31.7243665 600.74281   139.593    17.037     0.008    22.694   MOON_BRIGHT
    69.07595            V.180311_0149.C  146.1187238  -31.7243640 589.85877   139.538    17.057     0.008    22.603   MOON_BRIGHT
    69.14958            V.180311_0335.C  146.1187182  -31.7243632 595.61370   143.319    17.047     0.008    22.865   MOON_BRIGHT
    69.22185            V.180311_0519.C  146.1187248  -31.7243607 551.28645   139.896    17.131     0.008    22.779   MOON_BRIGHT
    69.42086            V.180311_1006.A  146.1187145  -31.7243601 577.44973   136.962    17.081     0.008    22.575   _
    69.47100            V.180311_1118.A  146.1187149  -31.7243625 557.35330   133.781    17.119     0.008    22.606   _
    69.52111            V.180311_1230.A  146.1187111  -31.7243483 571.02155   125.721    17.093     0.009    22.387   MOON_BRIGHT
    69.57177            V.180311_1343.A  146.1187167  -31.7243520 555.61674   134.514    17.123     0.008    22.455   MOON_BRIGHT
    69.63545            V.180311_1515.A  146.1187178  -31.7243539 552.71750   139.213    17.128     0.008    22.693   MOON_BRIGHT
    69.77030            V.180311_1829.S  146.1187105  -31.7243619 519.03343   137.150    17.197     0.008    22.718   _
    69.81557            V.180311_1934.S  146.1187081  -31.7243677 549.57230   95.6851    17.135     0.012    22.076   _
    69.87866            V.180311_2105.S  146.1187283  -31.7243657 547.26908   112.348    17.139     0.010    22.130   _
    69.94557            V.180311_2241.S  146.1187142  -31.7243646 527.11827   132.930    17.180     0.009    22.662   _
    71.02566            V.180313_0036.C  146.1187135  -31.7243680 553.75969   140.664    17.126     0.008    22.837   MOON_BRIGHT
    71.07534            V.180313_0148.C  146.1187120  -31.7243608 590.72039   140.484    17.056     0.008    22.749   MOON_BRIGHT
    71.14418            V.180313_0327.C  146.1187151  -31.7243618 550.37852   138.872    17.133     0.008    22.691   MOON_BRIGHT
    71.20896            V.180313_0500.C  146.1187192  -31.7243623 554.10369   137.189    17.126     0.008    22.805   MOON_BRIGHT
    73.02531            V.180315_0036.C  146.1187178  -31.7243653 593.01746   141.121    17.052     0.008    22.733   MOON_BRIGHT
    73.07515            V.180315_0148.C  146.1187141  -31.7243642 586.86254   142.775    17.063     0.008    22.768   MOON_BRIGHT
    73.14358            V.180315_0326.C  146.1187167  -31.7243639 617.41071   142.795    17.008     0.008    22.819   MOON_BRIGHT
    73.20624            V.180315_0456.C  146.1187157  -31.7243559 551.13647   138.643    17.131     0.008    22.818   MOON_BRIGHT
    73.43081            V.180315_1020.A  146.1187114  -31.7243596 595.25146   131.718    17.047     0.009    22.344   _
    73.48422            V.180315_1137.A  146.1187224  -31.7243576 540.67245   116.288    17.152     0.010    22.009   _
    73.53333            V.180315_1247.A  146.1187142  -31.7243275 547.31898   132.052    17.139     0.009    22.509   _
    73.60166            V.180315_1426.A  146.1187281  -31.7243392 563.42372   118.613    17.107     0.010    22.261   _
    73.77689            V.180315_1838.S  146.1187346  -31.7244672 -99.99999    -99.99   -99.999   -99.999    18.236   _
    75.01919            V.180317_0027.C  146.1187210  -31.7243599 550.92487   135.770    17.132     0.008    22.672   _
    75.07112            V.180317_0142.C  146.1187176  -31.7243625 594.63895   142.825    17.049     0.008    22.928   _
    75.14208            V.180317_0324.C  146.1187166  -31.7243637 551.95540   143.140    17.130     0.008    22.982   MOON_BRIGHT
    75.20904            V.180317_0501.C  146.1187211  -31.7243613 552.10700   142.552    17.130     0.008    23.025   MOON_BRIGHT
    75.41396            V.180317_0956.A  146.1187141  -31.7243643 592.69863   129.697    17.052     0.009    22.343   _
    75.46427            V.180317_1108.A  146.1187031  -31.7243535 588.80958   129.427    17.059     0.009    22.344   _
    75.51831            V.180317_1226.A  146.1187194  -31.7243486 560.75994   132.116    17.113     0.009    22.377   _
    75.58679            V.180317_1404.A  146.1187241  -31.7243594 542.13753   132.250    17.149     0.009    22.459   _
    75.76740            V.180317_1825.S  146.1187077  -31.7243538 529.01717   137.894    17.176     0.008    22.702   MOON_BRIGHT
    75.83559            V.180317_2003.S  146.1187178  -31.7243614 519.71881   140.695    17.195     0.008    22.906   _
    75.90565            V.180317_2144.S  146.1187282  -31.7243655 545.68679   111.991    17.142     0.010    21.926   _
    75.97418            V.180317_2322.S  146.1187320  -31.7243602 538.18537   110.382    17.157     0.010    21.940   _
    76.40681            V.180318_0945.A  146.1187185  -31.7243689 586.74707   126.449    17.063     0.009    22.198   _
    76.46009            V.180318_1102.A  146.1187191  -31.7243645 585.63065   130.041    17.065     0.009    22.330   _
    76.50956            V.180318_1213.A  146.1187165  -31.7243550 540.26815   128.501    17.153     0.009    22.364   _
    76.58120            V.180318_1356.A  146.1187226  -31.7243429 559.35084   130.068    17.115     0.009    22.434   _
    76.76545            V.180318_1822.S  146.1187169  -31.7243643 558.07527   143.306    17.118     0.008    23.104   MOON_BRIGHT
    76.82587            V.180318_1949.S  146.1187159  -31.7243612 536.04412   144.634    17.162     0.008    23.142   _
    76.89053            V.180318_2122.S  146.1187250  -31.7243655 552.35869   143.175    17.129     0.008    22.973   _
    76.96122            V.180318_2304.S  -99.9999999  -99.9999999 -99.99999    -99.99   -99.999   -99.999   -99.999   PSF_ERROR_BAD_IMAGE
    76.96438            V.180318_2308.S  146.1187215  -31.7243622 515.67782   141.539    17.204     0.008    23.076   _
    77.15719            V.180319_0346.C  146.1187177  -31.7243650 547.32051   143.269    17.139     0.008    23.060   _
    77.22535            V.180319_0524.C  146.1187146  -31.7243579 545.91120   140.282    17.142     0.008    22.850   MOON_BRIGHT
    77.41753            V.180319_1001.A  146.1187116  -31.7243629 589.20987   131.527    17.059     0.009    22.342   _
    77.47170            V.180319_1119.A  146.1187114  -31.7243576 574.79497   133.916    17.086     0.008    22.406   _
    77.52281            V.180319_1232.A  146.1187259  -31.7243715 519.66354   89.4833    17.196     0.012    21.558   _
    77.59347            V.180319_1414.A  146.1187222  -31.7243523 545.79640   130.452    17.142     0.009    22.355   _
    77.76340            V.180319_1819.S  146.1187109  -31.7243616 511.15245   138.646    17.214     0.008    22.884   MOON_BRIGHT
    77.82971            V.180319_1954.S  146.1187184  -31.7243585 519.03185   141.973    17.197     0.008    23.019   _
    77.90465            V.180319_2142.S  146.1187224  -31.7243582 518.87510   142.000    17.197     0.008    22.964   _
    77.96880            V.180319_2315.S  146.1187207  -31.7243634 510.42550   136.184    17.215     0.008    22.784   _
    78.15039            V.180320_0336.C  146.1187235  -31.7243629 592.38680   144.410    17.053     0.008    22.891   _
    78.22270            V.180320_0520.C  146.1187112  -31.7243567 573.50703   134.466    17.088     0.008    22.583   MOON_BRIGHT
    78.41731            V.180320_1000.A  146.1187350  -31.7243730 575.20204   89.3365    17.085     0.012    21.454   _
    78.47184            V.180320_1119.A  146.1187026  -31.7243582 573.42564   128.113    17.088     0.009    22.505   _
    78.76201            V.180320_1817.S  -99.9999999  -99.9999999 -99.99999    -99.99   -99.999   -99.999   -99.999   PSF_ERROR_BAD_IMAGE
    78.81977            V.180320_1940.S  -99.9999999  -99.9999999 -99.99999    -99.99   -99.999   -99.999   -99.999   PSF_ERROR_BAD_IMAGE
    79.14074            V.180321_0322.C  146.1187213  -31.7243667 583.94986   140.511    17.068     0.008    22.760   _
    79.21833            V.180321_0514.C  146.1187141  -31.7243604 549.46393   134.085    17.135     0.008    22.533   _
    79.76159            V.180321_1816.S  146.1187116  -31.7243642 516.43961   131.790    17.202     0.009    22.550   MOON_BRIGHT
    79.81892            V.180321_1939.S  146.1187274  -31.7243615 542.16762   117.473    17.149     0.009    22.077   MOON_BRIGHT
    79.87308            V.180321_2057.S  146.1187433  -31.7243666 547.60981   113.729    17.138     0.010    21.970   MOON_BRIGHT
    80.12729            V.180322_0303.C  146.1187153  -31.7243591 560.16437   142.700    17.114     0.008    22.908   _
    80.19012            V.180322_0433.C  146.1187060  -31.7243552 554.56116   132.535    17.125     0.009    22.883   _
    81.11862            V.180323_0250.C  146.1187205  -31.7243692 589.57553   143.075    17.058     0.008    22.773   _
    81.18350            V.180323_0424.C  146.1187150  -31.7243600 568.54227   143.309    17.098     0.008    23.001   _
    81.40817            V.180323_0947.A  146.1187107  -31.7243656 589.66401   123.240    17.058     0.009    22.063   _
    81.46025            V.180323_1102.A  146.1187288  -31.7243574 592.97404   127.149    17.052     0.009    22.107   _
    81.51052            V.180323_1215.A  146.1187104  -31.7243555 543.06527   128.274    17.148     0.009    22.414   _
    81.76406            V.180323_1820.S  146.1187173  -31.7243622 559.91835   137.566    17.114     0.008    22.731   MOON_BRIGHT
    81.82264            V.180323_1944.S  146.1187153  -31.7243609 526.80360   140.270    17.181     0.008    22.979   MOON_BRIGHT
    83.02135            V.180325_0030.C  146.1187081  -31.7243642 548.70312   133.680    17.136     0.008    22.547   _
    83.07348            V.180325_0145.C  146.1187150  -31.7243546 545.24482   138.190    17.143     0.008    22.697   _
    83.14309            V.180325_0326.C  146.1187205  -31.7243611 561.74714   133.746    17.111     0.008    22.512   _
    83.21507            V.180325_0509.C  146.1187303  -31.7243641 543.61234   135.780    17.146     0.008    22.675   _
    83.76154            V.180325_1816.S  146.1187159  -31.7243620 558.37427   111.615    17.117     0.010    21.905   MOON_BRIGHT
    83.81506            V.180325_1933.S  146.1187213  -31.7243585 511.99815   106.987    17.212     0.010    21.870   MOON_BRIGHT
    83.88317            V.180325_2111.S  146.1187077  -31.7243597 514.83536   102.989    17.206     0.011    21.854   MOON_BRIGHT
    83.94927            V.180325_2246.S  146.1187268  -31.7243603 510.99410   121.109    17.214     0.009    22.216   MOON_BRIGHT
    85.40135            V.180327_0937.A  146.1187128  -31.7243644 590.82158   92.4349    17.056     0.012    21.488   MOON_BRIGHT
    85.45166            V.180327_1050.A  146.1187177  -31.7243760 580.44355   85.6214    17.075     0.013    21.336   MOON_BRIGHT
    85.50645            V.180327_1209.A  146.1187158  -31.7243686 582.14887   90.2266    17.072     0.012    21.394   _
    85.76164            V.180327_1816.S  146.1187093  -31.7243688 555.41934   74.3034    17.123     0.015    21.203   MOON_BRIGHT
    85.83547            V.180327_2003.S  146.1187130  -31.7243623 562.73291   122.216    17.109     0.009    22.095   MOON_BRIGHT
    85.92251            V.180327_2208.S  146.1187181  -31.7243599 518.83344   118.877    17.197     0.009    22.209   MOON_BRIGHT
    87.00389            V.180329_0005.C  146.1187148  -31.7243634 586.95248   117.647    17.063     0.010    22.041   _
    87.07479            V.180329_0147.C  146.1187127  -31.7243542 568.51693   124.125    17.098     0.009    22.218   _
    87.14154            V.180329_0323.C  146.1187086  -31.7243596 583.99163   114.581    17.068     0.010    22.001   _
    87.20721            V.180329_0458.C  146.1187037  -31.7243562 636.62463   96.1260    16.974     0.012    21.513   _
    87.39653            V.180329_0931.A  146.1187079  -31.7243671 588.82240   86.5561    17.059     0.013    21.304   MOON_BRIGHT
    87.45198            V.180329_1050.A  146.1187137  -31.7243730 599.37879   94.0094    17.040     0.012    21.482   MOON_BRIGHT
    87.50618            V.180329_1208.A  146.1187128  -31.7243610 564.84217   92.4526    17.105     0.012    21.541   MOON_BRIGHT
    87.57924            V.180329_1354.A  146.1187226  -31.7243491 556.01925   96.3719    17.122     0.012    21.622   MOON_BRIGHT
    89.01083            V.180331_0015.C  146.1187124  -31.7243734 583.31656   91.2841    17.070     0.012    21.445   MOON_BRIGHT
    89.07898            V.180331_0153.C  146.1187129  -31.7243624 559.53478   111.389    17.115     0.010    21.948   _
    89.16037            V.180331_0350.C  146.1187201  -31.7243682 620.29506   102.075    17.002     0.011    21.620   _
    89.41059            V.180331_0951.A  146.1187254  -31.7243701 583.26869   58.8855    17.070     0.019    20.813   MOON_BRIGHT
    89.46837            V.180331_1114.A  146.1187148  -31.7243787 561.59119   73.9362    17.111     0.015    21.211   MOON_BRIGHT
    89.51870            V.180331_1226.A  146.1187177  -31.7243816 581.06956   76.0916    17.074     0.015    21.145   MOON_BRIGHT
    89.59316            V.180331_1414.A  146.1187230  -31.7243676 579.51655   46.9245    17.077     0.023    20.522   MOON_BRIGHT
    89.85215            V.180331_2027.S  146.1187193  -31.7243721 567.11380   73.6268    17.100     0.015    21.124   MOON_BRIGHT
    90.99975            V.180401_2359.C  146.1187115  -31.7243650 589.61225   128.301    17.058     0.009    22.290   MOON_BRIGHT
    91.07184            V.180402_0143.C  146.1186966  -31.7243639 593.45370   113.405    17.051     0.010    21.940   MOON_BRIGHT
    91.13935            V.180402_0320.C  146.1187133  -31.7243659 613.48339   110.186    17.015     0.010    21.809   _
    91.19323            V.180402_0438.C  146.1187190  -31.7243598 636.26439   104.570    16.975     0.011    21.642   _
    91.40066            V.180402_0936.A  146.1187128  -31.7243635 548.73151   117.331    17.136     0.010    22.080   MOON_BRIGHT
    91.40350            V.180402_0941.A  146.1187162  -31.7243624 551.33925   113.846    17.131     0.010    21.977   MOON_BRIGHT
    91.74881            V.180402_1758.S  146.1187092  -31.7243645 554.12814   136.402    17.126     0.008    22.600   _
    91.83711            V.180402_2005.S  146.1187115  -31.7243630 551.83015   114.830    17.130     0.010    22.004   _
    91.90287            V.180402_2140.S  146.1187203  -31.7243635 560.10802   90.9099    17.114     0.012    21.460   MOON_BRIGHT
    93.00339            V.180404_0004.C  146.1187122  -31.7243607 602.23376   139.410    17.035     0.008    22.696   MOON_BRIGHT
    93.07906            V.180404_0153.C  146.1187150  -31.7243605 556.43911   136.929    17.121     0.008    22.665   MOON_BRIGHT
    93.16346            V.180404_0355.C  146.1187177  -31.7243569 612.63872   130.385    17.016     0.009    22.322   MOON_BRIGHT
    93.39609            V.180404_0930.A  146.1187126  -31.7243642 568.21148   135.227    17.098     0.008    22.501   MOON_BRIGHT
    93.44697            V.180404_1043.A  146.1187175  -31.7243602 590.80354   133.318    17.056     0.008    22.430   MOON_BRIGHT
    93.47699            V.180404_1126.A  146.1187200  -31.7243546 544.81569   127.253    17.144     0.009    22.313   MOON_BRIGHT
    93.54112            V.180404_1259.A  146.1187144  -31.7243693 572.13161   92.8236    17.091     0.012    21.462   MOON_BRIGHT
    93.59624            V.180404_1418.A  146.1187260  -31.7243663 587.54130   102.678    17.062     0.011    21.688   MOON_BRIGHT
    93.82300            V.180404_1945.S  146.1187200  -31.7243699 535.32295   131.555    17.163     0.009    22.816   _
    93.89826            V.180404_2133.S  146.1187142  -31.7243648 556.36310   107.723    17.121     0.010    22.064   _
    94.99470            V.180405_2352.C  146.1187182  -31.7243673 550.71740   129.628    17.132     0.009    22.396   MOON_BRIGHT
    95.06714            V.180406_0136.C  146.1187180  -31.7243614 551.13256   137.169    17.131     0.008    22.675   MOON_BRIGHT
    95.39424            V.180406_0927.A  146.1187146  -31.7243539 590.67904   128.986    17.056     0.009    22.305   MOON_BRIGHT
    95.47044            V.180406_1117.A  146.1187144  -31.7243558 548.36929   136.058    17.137     0.008    22.559   MOON_BRIGHT
    95.53308            V.180406_1247.A  146.1187171  -31.7243469 546.49846   126.624    17.141     0.009    22.231   MOON_BRIGHT
    95.75249            V.180406_1803.S  146.1187111  -31.7243590 524.08853   132.359    17.186     0.009    22.555   _
    95.82163            V.180406_1943.S  146.1187207  -31.7243591 539.58707   137.104    17.155     0.008    22.760   _
    95.89435            V.180406_2127.S  146.1187187  -31.7243561 518.39497   136.098    17.198     0.008    22.709   _
    96.99532            V.180407_2353.C  146.1187193  -31.7243648 586.49819   139.295    17.064     0.008    22.658   MOON_BRIGHT
    97.07284            V.180408_0144.C  146.1187179  -31.7243684 543.07891   128.509    17.148     0.009    22.351   MOON_BRIGHT
    97.13863            V.180408_0319.C  146.1187242  -31.7243598 557.47436   138.893    17.119     0.008    22.683   MOON_BRIGHT
    97.39179            V.180408_0924.A  146.1187255  -31.7243518 621.02303   108.682    17.001     0.010    21.776   _
    97.47398            V.180408_1122.A  146.1187186  -31.7243596 553.90447   134.894    17.126     0.008    22.539   MOON_BRIGHT
    97.53693            V.180408_1253.A  146.1187195  -31.7243528 550.09826   133.234    17.134     0.009    22.527   MOON_BRIGHT
    97.74193            V.180408_1748.S  146.1186981  -31.7243228 588.42119   94.3661    17.060     0.012    22.029   _
    97.81288            V.180408_1930.S  146.1186980  -31.7243034 613.81577   119.842    17.014     0.010    22.427   _
    97.87713            V.180408_2103.S  146.1187270  -31.7243235 529.34216   106.437    17.175     0.011    22.483   _
    98.99862            V.180409_2358.C  146.1187179  -31.7243581 549.14215   126.769    17.135     0.009    22.408   MOON_BRIGHT
    99.06993            V.180410_0140.C  146.1187148  -31.7243604 549.68280   124.411    17.134     0.009    22.562   MOON_BRIGHT
    99.13117            V.180410_0308.C  146.1186956  -31.7243565 587.18699   96.6669    17.062     0.012    22.123   MOON_BRIGHT
    99.75564            V.180410_1808.S  146.1187142  -31.7243521 521.97937   134.713    17.191     0.008    22.700   _
   101.00064            V.180412_0000.C  146.1187229  -31.7243601 586.36913   126.052    17.064     0.009    22.192   MOON_BRIGHT
   101.07867            V.180412_0153.C  146.1187121  -31.7243644 576.54189   138.925    17.082     0.008    22.941   MOON_BRIGHT
   101.14051            V.180412_0322.C  146.1187071  -31.7243565 579.34671   126.028    17.077     0.009    22.532   MOON_BRIGHT
   101.39058            V.180412_0922.A  146.1186915  -31.7243156 585.56566   111.983    17.065     0.010    22.056   _
   101.46344            V.180412_1107.A  146.1187166  -31.7243598 545.32978   140.888    17.143     0.008    22.692   _
   101.52564            V.180412_1236.A  146.1187227  -31.7243465 573.33469   141.014    17.088     0.008    22.683   _
   101.75638            V.180412_1809.S  146.1187145  -31.7243625 518.01730   134.736    17.199     0.008    23.060   _
   103.01381            V.180414_0019.C  146.1187182  -31.7243596 587.38194   134.935    17.062     0.008    22.447   _
   103.07753            V.180414_0151.C  146.1187181  -31.7243615 556.67411   139.998    17.121     0.008    22.754   MOON_BRIGHT
   103.14045            V.180414_0322.C  146.1187152  -31.7243474 559.74025   123.501    17.115     0.009    22.469   MOON_BRIGHT
   103.40869            V.180414_0948.A  146.1187205  -31.7243584 546.91379   131.894    17.140     0.009    22.357   _
   103.47579            V.180414_1125.A  146.1187173  -31.7243603 583.21113   101.795    17.070     0.011    22.003   _
   103.54038            V.180414_1258.A  146.1187254  -31.7243563 546.77429   123.971    17.140     0.009    22.415   _
   103.75666            V.180414_1809.S  146.1187185  -31.7243578 519.32094   131.880    17.196     0.009    22.776   _
   103.82098            V.180414_1942.S  146.1187168  -31.7243638 521.57912   133.420    17.192     0.009    22.794   _
   103.82426            V.180414_1946.S  146.1187185  -31.7243566 512.42246   130.961    17.211     0.009    22.793   _
   103.88792            V.180414_2118.S  146.1187197  -31.7243638 519.71234   132.520    17.195     0.009    22.777   _
   103.99198            V.180414_2348.C  146.1187150  -31.7243694 596.42294   141.938    17.045     0.008    22.792   _
   104.06288            V.180415_0130.C  146.1187141  -31.7243600 553.08236   135.308    17.128     0.008    22.537   _
   104.13142            V.180415_0309.C  146.1187175  -31.7243586 554.31883   131.879    17.125     0.009    22.466   MOON_BRIGHT
   104.40823            V.180415_0947.A  146.1187165  -31.7243594 555.42029   143.552    17.123     0.008    22.876   _
   104.47216            V.180415_1119.A  146.1187163  -31.7243581 557.61536   141.219    17.119     0.008    22.718   _
   104.53799            V.180415_1254.A  146.1187190  -31.7243531 586.16525   141.902    17.064     0.008    22.806   _
   104.83917            V.180415_2008.S  146.1187222  -31.7243617 517.21638   131.189    17.201     0.009    22.775   _
   104.90164            V.180415_2138.S  146.1187247  -31.7243606 521.99597   124.596    17.191     0.009    22.448   _
   105.01458            V.180416_0021.C  146.1187193  -31.7243638 599.23819   138.126    17.040     0.008    22.552   _
   105.09507            V.180416_0216.C  146.1187205  -31.7243587 544.36030   133.326    17.145     0.009    22.541   _
   106.00509            V.180417_0007.C  146.1187139  -31.7243616 547.90952   108.441    17.138     0.010    22.251   _
   106.06946            V.180417_0140.C  146.1187136  -31.7243633 594.23888   132.619    17.049     0.008    22.390   _
   106.13267            V.180417_0311.C  146.1186947  -31.7243590 720.64883   100.774    16.839     0.011    21.468   _
   106.13620            V.180417_0316.C  146.1187266  -31.7243599 542.51125   126.385    17.149     0.009    22.385   _
   106.40380            V.180417_0941.A  146.1187188  -31.7243584 538.82578   118.323    17.156     0.010    22.070   _
   106.47051            V.180417_1117.A  146.1187142  -31.7243604 557.79787   137.155    17.118     0.008    22.480   _
   106.53259            V.180417_1246.A  146.1187245  -31.7243566 543.53915   133.517    17.147     0.008    22.447   _
   106.83377            V.180417_2000.S  146.1187151  -31.7243651 518.31903   117.334    17.198     0.010    22.700   _
   106.90067            V.180417_2136.S  146.1187171  -31.7243552 517.54174   131.162    17.200     0.009    22.835   _
   107.01684            V.180418_0024.C  146.1187234  -31.7243664 584.51702   105.657    17.067     0.011    21.770   _
   107.08289            V.180418_0159.C  146.1187312  -31.7243611 581.33498   106.081    17.073     0.011    21.767   _
   108.00704            V.180419_0010.C  146.1187210  -31.7243630 544.71252   132.434    17.144     0.009    22.527   _
   108.07534            V.180419_0148.C  146.1187130  -31.7243605 572.60619   132.794    17.090     0.009    22.578   _
   108.13622            V.180419_0316.C  146.1187275  -31.7243553 587.02748   126.085    17.063     0.009    22.468   _
   108.75115            V.180419_1801.S  146.1187216  -31.7243587 513.47871   134.123    17.209     0.008    22.654   MOON_BRIGHT
   108.81556            V.180419_1934.S  146.1187259  -31.7243572 517.48771   133.308    17.200     0.009    22.572   MOON_BRIGHT
   108.88898            V.180419_2120.S  146.1187216  -31.7243624 511.51912   125.687    17.213     0.009    22.428   MOON_BRIGHT
   109.00903            V.180420_0012.C  146.1187251  -31.7243679 590.57689   119.008    17.056     0.009    21.968   _
   109.07606            V.180420_0149.C  146.1187205  -31.7243627 601.57464   133.125    17.036     0.008    22.501   _
   109.13926            V.180420_0320.C  146.1187069  -31.7243402 555.18602   114.100    17.123     0.010    22.331   _
   109.40377            V.180420_0941.A  146.1187151  -31.7243527 566.58573   137.675    17.101     0.008    22.539   _
   109.47399            V.180420_1122.A  146.1187239  -31.7243615 568.21018   143.962    17.098     0.008    22.864   _
   109.53527            V.180420_1250.A  146.1187267  -31.7243541 559.56608   138.080    17.115     0.008    22.679   _
   109.74627            V.180420_1754.S  146.1187187  -31.7243604 526.21991   141.067    17.182     0.008    22.988   MOON_BRIGHT
   109.82843            V.180420_1952.S  146.1187220  -31.7243621 516.57153   137.871    17.202     0.008    22.877   MOON_BRIGHT
   109.88696            V.180420_2117.S  146.1187217  -31.7243625 556.25614   140.415    17.121     0.008    22.975   MOON_BRIGHT
   110.00331            V.180421_0004.C  146.1187112  -31.7243659 585.41467   130.728    17.066     0.009    22.359   _
   110.00630            V.180421_0009.C  146.1187178  -31.7243626 591.18998   136.735    17.055     0.008    22.563   _
   110.07086            V.180421_0142.C  146.1187130  -31.7243484 538.87986   130.095    17.156     0.009    22.714   _
   110.14125            V.180421_0323.C  146.1186932  -31.7243601 611.69759   124.512    17.018     0.009    22.411   _
   110.40575            V.180421_0944.A  146.1187129  -31.7243580 550.00132   122.610    17.134     0.009    22.179   _
   110.41087            V.180421_0951.A  146.1187118  -31.7243652 588.67404   119.490    17.060     0.009    22.172   _
   110.48013            V.180421_1131.A  146.1187222  -31.7243629 547.96541   130.612    17.138     0.009    22.341   _
   110.75437            V.180421_1806.S  146.1187170  -31.7243582 575.78575   137.374    17.084     0.008    22.661   MOON_BRIGHT
   110.82759            V.180421_1951.S  146.1187186  -31.7243572 543.61882   137.958    17.146     0.008    22.975   MOON_BRIGHT
   110.88479            V.180421_2114.S  146.1187190  -31.7243650 567.65552   141.333    17.099     0.008    23.082   MOON_BRIGHT
   111.01427            V.180422_0020.C  146.1187170  -31.7243632 590.21109   135.721    17.057     0.008    22.539   _
   111.08045            V.180422_0155.C  146.1187189  -31.7243589 557.45387   135.754    17.119     0.008    22.695   _
   111.13708            V.180422_0317.C  146.1187177  -31.7243600 543.47447   130.770    17.147     0.009    22.497   _
   111.39646            V.180422_0930.A  146.1187229  -31.7243613 554.89029   130.068    17.124     0.009    22.313   _
   111.46075            V.180422_1103.A  146.1187158  -31.7243694 546.81637   92.2229    17.140     0.012    21.562   _
   111.75015            V.180422_1800.S  146.1187173  -31.7243590 516.90615   133.457    17.201     0.008    22.569   MOON_BRIGHT
   111.82259            V.180422_1944.S  146.1187168  -31.7243603 531.92524   135.889    17.170     0.008    22.825   MOON_BRIGHT
   112.02124            V.180423_0030.C  146.1187135  -31.7243623 579.59460   114.617    17.077     0.010    21.943   _
   112.13834            V.180423_0319.C  146.1187151  -31.7243691 597.58505   85.4633    17.043     0.013    21.512   _
   112.40454            V.180423_0942.A  146.1187145  -31.7243581 550.75093   117.599    17.132     0.010    22.231   MOON_BRIGHT
   112.47361            V.180423_1122.A  146.1187207  -31.7243615 553.27047   127.663    17.127     0.009    22.324   _
   112.77514            V.180423_1836.S  146.1187230  -31.7243553 522.44175   117.718    17.190     0.010    22.095   MOON_BRIGHT
   112.85308            V.180423_2028.S  146.1187203  -31.7243666 514.79813   109.438    17.206     0.010    21.972   MOON_BRIGHT
   113.03793            V.180424_0054.C  146.1187179  -31.7243667 584.02663   103.305    17.068     0.011    21.644   _
   113.10132            V.180424_0225.C  146.1187001  -31.7243584 582.37538   96.1740    17.071     0.012    21.696   _
   113.39631            V.180424_0930.A  146.1187183  -31.7243662 553.00118   121.604    17.128     0.009    22.176   MOON_BRIGHT
   113.46427            V.180424_1108.A  146.1187228  -31.7243617 555.59036   113.533    17.123     0.010    21.910   _
   113.75319            V.180424_1804.S  146.1187145  -31.7243614 514.72571   115.406    17.206     0.010    22.141   MOON_BRIGHT
   113.83052            V.180424_1955.S  146.1187115  -31.7243589 520.94243   120.031    17.193     0.009    22.243   MOON_BRIGHT
   113.99758            V.180424_2356.C  146.1187161  -31.7243639 584.97094   117.972    17.066     0.009    21.956   _
   114.05861            V.180425_0124.C  146.1187201  -31.7243591 550.10601   113.986    17.133     0.010    21.979   _
   115.39097            V.180426_0922.A  146.1187125  -31.7243650 604.74630   109.638    17.030     0.010    21.773   MOON_BRIGHT
   115.46243            V.180426_1105.A  146.1187145  -31.7243670 589.10203   97.8509    17.059     0.011    21.488   MOON_BRIGHT
   116.02053            V.180427_0029.C  146.1187116  -31.7243691 588.95633   99.8831    17.059     0.011    21.579   _
   116.08328            V.180427_0159.C  146.1187165  -31.7243750 592.44577   99.7873    17.053     0.011    21.623   _
   116.38757            V.180427_0918.A  146.1187235  -31.7243687 571.14798   66.8828    17.093     0.017    21.001   MOON_BRIGHT
   116.45389            V.180427_1053.A  146.1187187  -31.7243754 585.61681   78.2751    17.065     0.014    21.178   MOON_BRIGHT
   116.73936            V.180427_1744.S  146.1187171  -31.7243637 565.24469   102.159    17.104     0.011    21.687   MOON_BRIGHT
   116.80230            V.180427_1915.S  146.1187118  -31.7243684 564.60609   102.760    17.105     0.011    21.696   MOON_BRIGHT
   116.86837            V.180427_2050.S  146.1187227  -31.7243682 548.15503   71.9358    17.137     0.015    21.150   MOON_BRIGHT
   117.00134            V.180428_0001.C  146.1187071  -31.7243599 614.25085   102.235    17.013     0.011    21.636   _
   117.06434            V.180428_0132.C  146.1187147  -31.7243633 556.04835   98.8823    17.122     0.011    21.731   _
   117.38716            V.180428_0917.A  146.1187165  -31.7243713 583.59228   94.6746    17.069     0.012    21.513   MOON_BRIGHT
   117.45552            V.180428_1055.A  146.1187304  -31.7243736 582.20793   64.6998    17.072     0.017    20.912   MOON_BRIGHT
   117.73443            V.180428_1737.S  -99.9999999  -99.9999999 -99.99999    -99.99   -99.999   -99.999   -99.999   PSF_ERROR_BAD_IMAGE
   117.74243            V.180428_1749.S  146.1187349  -31.7243956 531.87718   22.1442    17.170     0.050    19.758   _
   117.80096            V.180428_1913.S  146.1187257  -31.7243862 570.44790   53.6650    17.094     0.021    20.725   MOON_BRIGHT
   117.86885            V.180428_2051.S  146.1187044  -31.7243800 553.67343   54.4091    17.126     0.020    20.775   MOON_BRIGHT
   117.99187            V.180428_2348.C  146.1187429  -31.7243940 565.02602   33.4721    17.104     0.033    20.200   MOON_BRIGHT
   118.05447            V.180429_0118.C  146.1187379  -31.7244047 543.62290   22.7941    17.146     0.048    19.832   _
   118.11716            V.180429_0248.C  146.1187726  -31.7244363 619.05731   18.0030    17.005     0.061    19.391   _
   118.39590            V.180429_0930.A  146.1187170  -31.7243721 591.16863   93.5134    17.055     0.012    21.474   MOON_BRIGHT
   118.46617            V.180429_1111.A  146.1187201  -31.7243701 586.87453   93.3597    17.063     0.012    21.500   MOON_BRIGHT
   118.73623            V.180429_1740.S  146.1187191  -31.7243617 558.18128   83.4896    17.118     0.013    21.339   _
   118.80014            V.180429_1912.S  146.1187670  -31.7243781 553.99523   54.0905    17.126     0.020    20.696   MOON_BRIGHT
   118.86778            V.180429_2049.S  146.1187429  -31.7243770 550.35086   59.7708    17.133     0.018    20.880   MOON_BRIGHT
   118.99611            V.180429_2354.C  146.1187139  -31.7243748 609.07964   102.038    17.022     0.011    21.645   MOON_BRIGHT
   119.05741            V.180430_0122.C  146.1187160  -31.7243690 589.14236   94.5914    17.059     0.012    21.477   MOON_BRIGHT
   119.11664            V.180430_0247.C  146.1187179  -31.7243672 602.43021   74.8568    17.034     0.015    21.094   _
   119.38583            V.180430_0915.A  146.1187150  -31.7243638 590.91346   85.2827    17.055     0.013    21.369   MOON_BRIGHT
   119.45057            V.180430_1048.A  146.1187372  -31.7243732 574.45067   75.6490    17.086     0.015    21.144   MOON_BRIGHT
   119.79479            V.180430_1904.S  146.1187110  -31.7243562 536.90958   121.375    17.160     0.009    22.176   _
   119.99807            V.180430_2357.C  146.1187385  -31.7244421 -99.99999    -99.99   -99.999   -99.999    17.488   MOON_BRIGHT
   121.38777            V.180502_0918.A  146.1187175  -31.7243519 558.18252   134.636    17.118     0.008    22.524   MOON_BRIGHT
   121.44843            V.180502_1045.A  146.1187243  -31.7243401 557.59413   118.541    17.119     0.010    22.134   MOON_BRIGHT
   121.50781            V.180502_1211.A  146.1187307  -31.7243578 573.20354   77.7186    17.089     0.014    21.350   MOON_BRIGHT
   121.82850            V.180502_1953.S  146.1187113  -31.7243642 551.56304   92.1630    17.131     0.012    21.492   _
   122.05399            V.180503_0117.C  146.1187143  -31.7243594 554.95460   119.574    17.124     0.009    22.139   MOON_BRIGHT
   122.73257            V.180503_1734.S  146.1187189  -31.7243607 550.21969   129.280    17.133     0.009    22.334   _
   122.79738            V.180503_1908.S  146.1187186  -31.7243642 569.07396   128.560    17.097     0.009    22.278   _
   122.85927            V.180503_2037.S  -99.9999999  -99.9999999 -99.99999    -99.99   -99.999   -99.999   -99.999   PSF_ERROR_BAD_IMAGE
   122.86291            V.180503_2042.S  146.1187140  -31.7243627 557.45346   126.718    17.119     0.009    22.277   _
   122.98720            V.180503_2341.C  146.1187129  -31.7243619 549.76040   135.733    17.134     0.008    22.653   MOON_BRIGHT
   123.06138            V.180504_0128.C  146.1187191  -31.7243667 597.89286   127.456    17.043     0.009    22.320   MOON_BRIGHT
   123.39539            V.180504_0929.A  146.1187115  -31.7243520 541.15977   120.911    17.151     0.009    22.070   MOON_BRIGHT
   123.45819            V.180504_1059.A  146.1187293  -31.7243722 581.35177   86.0189    17.073     0.013    21.301   MOON_BRIGHT
   123.73194            V.180504_1733.S  146.1187162  -31.7243596 515.87190   142.233    17.204     0.008    23.028   _
   123.73444            V.180504_1737.S  146.1187146  -31.7243610 517.63373   142.024    17.200     0.008    23.004   _
   123.79755            V.180504_1908.S  146.1187187  -31.7243638 507.96450   138.175    17.220     0.008    22.896   _
   123.99911            V.180504_2358.C  -99.9999999  -99.9999999 -99.99999    -99.99   -99.999   -99.999   -99.999   PSF_ERROR_BAD_IMAGE
   124.07176            V.180505_0143.C  146.1187190  -31.7243582 558.24076   133.408    17.117     0.009    22.555   MOON_BRIGHT
   124.39051            V.180505_0922.A  146.1187309  -31.7243675 562.05756   100.008    17.110     0.011    21.644   MOON_BRIGHT
   124.45824            V.180505_1059.A  146.1187225  -31.7243577 547.65451   126.123    17.138     0.009    22.257   MOON_BRIGHT
   124.73084            V.180505_1732.S  146.1187224  -31.7243626 551.87335   137.294    17.130     0.008    22.610   _
   124.79333            V.180505_1902.S  146.1187171  -31.7243570 520.28599   135.049    17.194     0.008    22.687   _
   124.85316            V.180505_2028.S  146.1187216  -31.7243626 511.60561   123.584    17.213     0.009    22.385   _
   125.08766            V.180506_0206.C  146.1187225  -31.7243563 547.10890   128.012    17.139     0.009    22.475   MOON_BRIGHT
   125.45810            V.180506_1059.A  146.1187287  -31.7243555 548.81872   140.084    17.136     0.008    22.734   MOON_BRIGHT
   125.72668            V.180506_1726.S  146.1187149  -31.7243677 547.90200   102.714    17.138     0.011    22.101   _
   125.79387            V.180506_1903.S  146.1187235  -31.7243524 598.48406   135.226    17.042     0.008    22.556   _
   126.02926            V.180507_0042.C  146.1187215  -31.7243841 591.69437   59.8599    17.054     0.019    21.036   MOON_BRIGHT
   126.39546            V.180507_0929.A  146.1187199  -31.7243522 550.90078   139.529    17.132     0.008    22.594   _
   126.46119            V.180507_1104.A  146.1187282  -31.7243776 574.49827   57.1807    17.086     0.019    21.007   MOON_BRIGHT
   126.99319            V.180507_2350.C  146.1187209  -31.7243619 583.69823   105.709    17.069     0.011    21.941   MOON_BRIGHT
   127.05468            V.180508_0118.C  146.1187147  -31.7243627 582.77753   92.0346    17.071     0.012    21.615   MOON_BRIGHT
   127.38563            V.180508_0915.A  146.1187448  -31.7244043 556.23466   29.6651    17.121     0.037    20.208   _
   127.44890            V.180508_1046.A  -99.9999999  -99.9999999 -99.99999    -99.99   -99.999   -99.999   -99.999   PSF_ERROR_BAD_IMAGE
   127.99597            V.180508_2354.C  146.1187135  -31.7243671 588.14634   120.167    17.061     0.009    22.066   MOON_BRIGHT
   128.06059            V.180509_0127.C  146.1187342  -31.7243630 568.16620   98.0459    17.098     0.011    21.631   MOON_BRIGHT
   128.38751            V.180509_0917.A  146.1187185  -31.7243216 571.70393   132.456    17.091     0.009    22.480   _
   128.45192            V.180509_1050.A  146.1187265  -31.7243461 575.93234   129.992    17.083     0.009    22.283   _
   128.74185            V.180509_1748.S  146.1187157  -31.7243581 606.82188   136.697    17.026     0.008    22.537   _
   128.81117            V.180509_1928.S  146.1187233  -31.7243579 565.66277   126.500    17.103     0.009    22.719   _
   129.74192            V.180510_1748.S  146.1187306  -31.7243826 544.51083   50.3467    17.145     0.022    20.966   _
   129.80922            V.180510_1925.S  146.1187353  -31.7243737 541.97760   48.4139    17.150     0.023    20.953   _
   129.99922            V.180510_2358.C  146.1187099  -31.7243608 558.21347   131.375    17.118     0.009    22.479   MOON_BRIGHT
   130.00488            V.180511_0006.C  146.1187224  -31.7243599 557.03026   133.997    17.120     0.008    22.632   MOON_BRIGHT
   130.07088            V.180511_0142.C  146.1187185  -31.7243541 569.97397   130.536    17.095     0.009    22.541   MOON_BRIGHT
   130.73322            V.180511_1735.S  146.1187131  -31.7243567 563.08020   126.327    17.108     0.009    22.316   _
   130.80002            V.180511_1912.S  146.1187168  -31.7243594 528.87254   124.788    17.176     0.009    22.406   _
   130.99696            V.180511_2355.C  146.1187138  -31.7243647 586.21666   133.884    17.064     0.008    22.524   MOON_BRIGHT
   131.06484            V.180512_0133.C  146.1187146  -31.7243565 569.59612   134.361    17.096     0.008    22.719   MOON_BRIGHT
   131.39330            V.180512_0926.A  146.1187310  -31.7243598 577.00196   108.446    17.081     0.010    21.842   _
   131.46009            V.180512_1102.A  146.1187292  -31.7243683 557.93638   91.0191    17.118     0.012    21.533   _
   131.80170            V.180512_1914.S  146.1187190  -31.7243653 571.09491   128.157    17.093     0.009    22.595   _
   131.99385            V.180512_2351.C  146.1187186  -31.7243606 543.56702   124.380    17.147     0.009    22.297   _
   132.05738            V.180513_0122.C  146.1187132  -31.7243607 546.20204   126.634    17.141     0.009    22.388   MOON_BRIGHT
   132.39280            V.180513_0925.A  146.1187177  -31.7243611 543.69734   136.278    17.146     0.008    22.571   _
   132.46207            V.180513_1105.A  146.1187212  -31.7243591 548.37973   134.750    17.137     0.008    22.592   _
   132.46374            V.180513_1107.A  146.1187245  -31.7243568 544.48863   131.607    17.145     0.009    22.528   _
   132.74177            V.180513_1748.S  146.1187222  -31.7243632 578.67596   130.269    17.078     0.009    22.380   _
   132.80712            V.180513_1922.S  146.1187238  -31.7243599 535.62853   132.995    17.163     0.009    22.776   _
   133.38451            V.180514_0913.A  146.1187303  -31.7243623 560.46392   104.270    17.113     0.011    21.763   _
   133.45002            V.180514_1048.A  146.1187194  -31.7243631 545.38703   123.213    17.143     0.009    22.206   _
   133.73338            V.180514_1736.S  146.1187128  -31.7243620 591.26317   134.794    17.055     0.008    22.642   _
   133.81227            V.180514_1929.S  146.1187240  -31.7243639 575.36970   131.240    17.084     0.009    22.688   _
   133.98581            V.180514_2339.C  146.1187210  -31.7243837 889.18234   89.6952    16.610     0.013    21.102   _
   134.05738            V.180515_0122.C  146.1187208  -31.7243556 554.52803   125.452    17.125     0.009    22.265   _
   134.38752            V.180515_0918.A  146.1187228  -31.7243609 548.80394   137.241    17.136     0.008    22.588   _
   134.45110            V.180515_1049.A  146.1187277  -31.7243498 566.76327   131.689    17.101     0.009    22.409   _
   134.73628            V.180515_1740.S  146.1187163  -31.7243638 535.92272   137.235    17.162     0.008    22.984   _
   134.98140            V.180515_2333.C  146.1187127  -31.7243618 552.18411   130.433    17.129     0.009    22.697   _
   135.04881            V.180516_0110.C  146.1187186  -31.7243558 565.28382   125.061    17.104     0.009    22.655   _
   135.37226            V.180516_0856.A  146.1187327  -31.7243686 574.44956   100.323    17.086     0.011    21.615   _
   135.43775            V.180516_1030.A  146.1187225  -31.7243491 548.08236   121.098    17.138     0.009    22.104   _
   135.73779            V.180516_1742.S  146.1187181  -31.7243603 536.06521   137.135    17.162     0.008    22.990   MOON_BRIGHT
   135.80529            V.180516_1919.S  146.1187225  -31.7243618 540.52982   135.407    17.153     0.008    22.890   MOON_BRIGHT
   135.99524            V.180516_2353.C  146.1187154  -31.7243620 557.35025   135.621    17.119     0.008    22.650   _
   136.05604            V.180517_0120.C  146.1187249  -31.7243566 559.10180   134.930    17.116     0.008    22.622   _
   136.44597            V.180517_1042.A  146.1187201  -31.7243452 534.44088   113.074    17.165     0.010    22.004   _
   136.73721            V.180517_1741.S  146.1187196  -31.7243608 537.08938   138.138    17.160     0.008    22.993   MOON_BRIGHT
   136.79947            V.180517_1911.S  146.1187181  -31.7243628 572.05823   134.790    17.091     0.008    22.731   MOON_BRIGHT
   137.38431            V.180518_0913.A  146.1187185  -31.7243543 540.00239   113.888    17.154     0.010    21.949   _
   137.45231            V.180518_1051.A  146.1187187  -31.7243569 581.01794   117.118    17.074     0.010    21.992   _
   137.73700            V.180518_1741.S  146.1186831  -31.7244754 -99.99999    -99.99   -99.999   -99.999    19.006   MOON_BRIGHT
   138.37742            V.180519_0903.A  146.1187176  -31.7243629 569.48679   113.677    17.096     0.010    21.862   _
   138.44995            V.180519_1047.A  146.1187265  -31.7243757 574.53274   99.7028    17.086     0.011    21.596   _
   139.37684            V.180520_0902.A  146.1187415  -31.7243778 574.92428   81.3162    17.085     0.014    21.243   _
   139.44339            V.180520_1038.A  146.1187305  -31.7243770 537.83914   74.7308    17.158     0.015    21.248   _
   140.38227            V.180521_0910.A  146.1187164  -31.7243655 551.17928   114.937    17.131     0.010    21.994   _
   141.40381            V.180522_0941.A  146.1187130  -31.7243632 578.07789   90.5127    17.079     0.012    21.471   MOON_BRIGHT
   141.98108            V.180522_2332.C  146.1187152  -31.7243608 562.95108   132.848    17.108     0.009    22.502   _
   142.04950            V.180523_0111.C  146.1187187  -31.7243587 556.88717   130.877    17.120     0.009    22.475   _
   142.38197            V.180523_0910.A  146.1187334  -31.7243683 569.06201   83.1166    17.097     0.013    21.319   MOON_BRIGHT
   142.44796            V.180523_1045.A  146.1187300  -31.7243817 571.09660   69.5528    17.093     0.016    21.034   MOON_BRIGHT
   142.72427            V.180523_1722.S  146.1187053  -31.7243653 566.21472   98.0216    17.102     0.011    21.766   MOON_BRIGHT
   142.79439            V.180523_1903.S  146.1187155  -31.7243819 572.80322   51.9562    17.089     0.021    20.742   MOON_BRIGHT
   142.97608            V.180523_2325.C  146.1187146  -31.7243619 569.18810   129.857    17.096     0.009    22.346   _
   143.04200            V.180524_0100.C  146.1187148  -31.7243630 610.16649   121.205    17.020     0.009    22.065   _
   143.97375            V.180524_2322.C  146.1187120  -31.7243680 588.89335   115.066    17.059     0.010    21.940   _
   144.03484            V.180525_0050.C  146.1187117  -31.7243643 605.11274   113.190    17.030     0.010    21.875   _
   144.37836            V.180525_0904.A  146.1187132  -31.7243583 557.17634   124.276    17.120     0.009    22.168   MOON_BRIGHT
   144.97272            V.180525_2320.C  146.1187103  -31.7243657 566.63960   117.798    17.101     0.010    22.023   _
   145.03348            V.180526_0048.C  146.1187127  -31.7243611 559.12607   111.566    17.116     0.010    21.989   _
   145.71715            V.180526_1712.S  146.1187147  -31.7243630 570.18711   101.301    17.094     0.011    21.648   MOON_BRIGHT
   145.78076            V.180526_1844.S  146.1187128  -31.7243659 572.58006   106.623    17.090     0.010    21.796   MOON_BRIGHT
   145.97961            V.180526_2330.C  146.1187139  -31.7243647 592.93871   111.549    17.052     0.010    21.840   MOON_BRIGHT
   146.03998            V.180527_0057.C  146.1187195  -31.7243731 592.50673   101.135    17.052     0.011    21.652   _
   146.73385            V.180527_1736.S  146.1187141  -31.7243619 584.10234   114.136    17.068     0.010    21.912   MOON_BRIGHT
   146.79597            V.180527_1906.S  146.1187129  -31.7243733 558.63300   89.7248    17.117     0.012    21.464   MOON_BRIGHT
   146.98279            V.180527_2335.C  146.1187143  -31.7243621 560.59168   113.378    17.113     0.010    22.019   MOON_BRIGHT
   147.37633            V.180528_0901.A  146.1187217  -31.7243707 581.82552   97.0861    17.072     0.011    21.521   MOON_BRIGHT
   148.37909            V.180529_0905.A  146.1187181  -31.7243617 569.07134   111.430    17.097     0.010    21.932   MOON_BRIGHT
   148.39047            V.180529_0922.A  146.1187144  -31.7243664 547.80741   103.689    17.138     0.011    21.794   MOON_BRIGHT
   148.74341            V.180529_1750.S  146.1187205  -31.7243683 580.20847   84.7811    17.075     0.013    21.338   _
   149.73163            V.180530_1733.S  146.1187482  -31.7243885 561.95105   45.3392    17.110     0.024    20.593   _
   150.37398            V.180531_0858.A  146.1187262  -31.7243802 567.51598   76.9141    17.099     0.014    21.211   MOON_BRIGHT
   150.72050            V.180531_1717.S  146.1187184  -31.7243556 534.53159   124.271    17.165     0.009    22.399   _
   150.97426            V.180531_2322.C  146.1187220  -31.7243614 548.93900   125.720    17.136     0.009    22.281   MOON_BRIGHT
   151.03619            V.180601_0052.C  146.1187135  -31.7243752 581.95785   93.3296    17.072     0.012    21.528   MOON_BRIGHT
   151.38598            V.180601_0915.A  146.1187205  -31.7243609 538.75727   113.307    17.156     0.010    21.939   MOON_BRIGHT
   152.71866            V.180602_1714.S  146.1187216  -31.7243566 535.44522   128.115    17.163     0.009    22.571   _
   152.77561            V.180602_1836.S  -99.9999999  -99.9999999 -99.99999    -99.99   -99.999   -99.999   -99.999   PSF_ERROR_BAD_IMAGE
   152.97084            V.180602_2318.C  146.1187186  -31.7243622 552.93255   141.812    17.128     0.008    22.960   MOON_BRIGHT
   153.38247            V.180603_0910.A  146.1187163  -31.7243661 541.67998   118.092    17.150     0.010    22.208   MOON_BRIGHT
   153.97919            V.180603_2330.C  146.1187200  -31.7243632 560.73383   139.268    17.113     0.008    22.806   MOON_BRIGHT
   154.37166            V.180604_0855.A  146.1187239  -31.7243617 549.27334   130.313    17.135     0.009    22.431   _
   154.71833            V.180604_1714.S  146.1187170  -31.7243657 570.48289   131.134    17.094     0.009    22.506   _
   154.77510            V.180604_1836.S  146.1187222  -31.7243686 570.74645   113.033    17.093     0.010    21.986   _
   154.96825            V.180604_2314.C  146.1187160  -31.7243603 554.13907   130.136    17.126     0.009    22.326   MOON_BRIGHT
   155.37767            V.180605_0903.A  146.1187293  -31.7243547 551.16622   110.639    17.131     0.010    21.992   _
   155.72478            V.180605_1723.S  146.1187163  -31.7243672 585.25360   137.589    17.066     0.008    22.781   _
   156.37513            V.180606_0900.A  146.1187141  -31.7243505 535.69965   110.538    17.162     0.010    21.978   _
   156.72216            V.180606_1719.S  146.1187156  -31.7243591 543.31090   133.822    17.147     0.008    22.707   _
   156.97260            V.180606_2320.C  146.1187162  -31.7243649 585.49970   130.477    17.065     0.009    22.301   MOON_BRIGHT
   157.02654            V.180607_0038.C  146.1187164  -31.7243508 547.92687   127.841    17.138     0.009    22.382   MOON_BRIGHT
   157.71606            V.180607_1711.S  146.1187226  -31.7243628 604.94776   129.869    17.030     0.009    22.769   _
   157.96319            V.180607_2307.C  146.1187143  -31.7243579 586.28926   129.274    17.064     0.009    22.305   MOON_BRIGHT
   158.01650            V.180608_0023.C  146.1187240  -31.7243575 586.77121   126.504    17.063     0.009    22.276   MOON_BRIGHT
   158.71397            V.180608_1708.S  146.1187149  -31.7243647 580.58290   96.4079    17.075     0.012    22.033   _
   158.95926            V.180608_2301.C  146.1187143  -31.7243646 548.12441   134.568    17.137     0.008    22.642   MOON_BRIGHT
   159.01142            V.180609_0016.C  146.1187075  -31.7243648 596.54892   87.3919    17.045     0.013    21.714   MOON_BRIGHT
   160.37023            V.180610_0853.A  146.1187207  -31.7243636 543.17285   115.889    17.147     0.010    22.000   _
   160.71640            V.180610_1711.S  146.1187372  -31.7243671 564.28972   114.891    17.106     0.010    22.099   _
   161.37157            V.180611_0855.A  146.1187219  -31.7243627 568.27627   104.695    17.098     0.011    21.711   _
   161.70929            V.180611_1701.S  146.1187260  -31.7243661 597.25614   137.356    17.044     0.008    22.834   _
   162.36826            V.180612_0850.A  146.1187205  -31.7243614 539.43030   122.511    17.155     0.009    22.320   _
   162.71009            V.180612_1702.S  146.1187213  -31.7243656 585.20305   130.903    17.066     0.009    22.652   _
   162.96801            V.180612_2313.C  146.1187096  -31.7243615 596.77844   127.885    17.045     0.009    22.168   _
   163.37582            V.180613_0901.A  146.1187304  -31.7243722 570.80780   90.8749    17.093     0.012    21.536   _
   163.71079            V.180613_1703.S  146.1187190  -31.7243596 538.98523   128.680    17.156     0.009    22.597   MOON_BRIGHT
   163.96493            V.180613_2309.C  146.1187213  -31.7243650 551.73969   136.995    17.130     0.008    22.661   _
   164.36890            V.180614_0851.A  146.1187371  -31.7243654 560.87698   93.4663    17.112     0.012    21.597   _
   164.96634            V.180614_2311.C  146.1187180  -31.7243598 569.69697   130.348    17.095     0.009    22.676   _
   166.70782            V.180616_1659.S  146.1187977  -31.7244513 523.18652   28.3514    17.188     0.039    20.152   MOON_BRIGHT
   166.97499            V.180616_2323.C  146.1187204  -31.7243559 546.61776   133.399    17.140     0.009    22.636   _
   167.97282            V.180617_2320.C  146.1187156  -31.7243655 616.35233   126.617    17.009     0.009    22.185   _
   168.97125            V.180618_2318.C  146.1187189  -31.7243577 556.31161   122.893    17.121     0.009    22.236   _
   169.37258            V.180619_0856.A  146.1187268  -31.7243724 583.78696   96.2292    17.069     0.012    21.558   _
   169.96090            V.180619_2303.C  146.1187237  -31.7243638 576.19496   115.992    17.083     0.010    21.995   _
   170.70894            V.180620_1700.S  146.1187317  -31.7243618 567.51017   99.0281    17.100     0.011    21.633   MOON_BRIGHT
   170.95006            V.180620_2248.C  146.1187335  -31.7243723 582.74320   101.616    17.071     0.011    21.660   _
   171.37091            V.180621_0854.A  146.1187449  -31.7243807 568.96015   80.9318    17.097     0.014    21.308   MOON_BRIGHT
   171.95087            V.180621_2249.C  146.1187432  -31.7243659 582.80203   86.4260    17.070     0.013    21.414   _
   172.36675            V.180622_0848.A  146.1187101  -31.7243709 582.13882   75.6411    17.072     0.015    21.174   MOON_BRIGHT
   172.70457            V.180622_1654.S  146.1187170  -31.7243624 587.65918   121.912    17.061     0.009    22.189   MOON_BRIGHT
   172.95470            V.180622_2254.C  146.1187141  -31.7243757 579.96603   98.0193    17.076     0.011    21.672   _
   173.36652            V.180623_0847.A  146.1187258  -31.7243663 575.96062   75.4391    17.083     0.015    21.168   MOON_BRIGHT
   173.95063            V.180623_2248.C  146.1187172  -31.7243719 579.18641   90.1503    17.077     0.012    21.449   _
   174.36257            V.180624_0842.A  146.1187162  -31.7243690 574.67388   72.0321    17.086     0.015    21.114   MOON_BRIGHT
   174.70569            V.180624_1656.S  146.1187138  -31.7243656 572.15670   97.7918    17.091     0.011    21.628   MOON_BRIGHT
   174.95198            V.180624_2250.C  146.1187224  -31.7243877 513.01951   48.1211    17.210     0.023    20.760   MOON_BRIGHT
   175.36105            V.180625_0839.A  146.1187226  -31.7243680 595.40514   76.4691    17.047     0.014    21.157   MOON_BRIGHT
   175.94808            V.180625_2245.C  146.1187466  -31.7243848 576.61775   65.0793    17.082     0.017    20.932   MOON_BRIGHT
   176.35656            V.180626_0833.A  146.1187107  -31.7243743 576.11314   75.5693    17.083     0.015    21.158   MOON_BRIGHT
   176.70402            V.180626_1653.S  146.1187201  -31.7243629 575.08028   87.8884    17.085     0.013    21.450   _
   176.96451            V.180626_2308.C  146.1187148  -31.7243643 588.38011   105.710    17.060     0.011    21.818   MOON_BRIGHT
   177.95238            V.180627_2251.C  146.1187189  -31.7243686 555.09729   93.1914    17.124     0.012    21.600   MOON_BRIGHT