; SOURCE_NAME : oh_aux2
; SOURCE_RA_DEC	[146.12331, 146.1186771, 146.1211579, 146.1252263, 146.1211737]	[-31.72825, -31.72441639, -31.7266625, -31.72913221, -31.73156611]
; NUMBER_OF_REFERENCES	11
; Nilou Afsari	180627_2251
; OBSDAY2018                     STRTXT     RA_MC(")    DEC_MC(") Flux(uJy)       SNR    MAG_MC MAGERR_MC    LIM_MC   NOTE
    37.46333            B.180207_1107.A  146.1211882  -31.7266600 30.699979   12.0996    20.453     0.091    22.459   MOON_BRIGHT
    37.50887            B.180207_1212.A  146.1211515  -31.7266463 32.422519   18.7754    20.394     0.060    22.993   MOON_BRIGHT
    37.80058            B.180207_1912.S  -99.9999999  -99.9999999 -99.99999    -99.99   -99.999   -99.999   -99.999   PSF_ERROR_BAD_IMAGE
    38.03679            B.180208_0052.C  146.1211824  -31.7266231 31.255982   12.6994    20.434     0.087    22.536   MOON_BRIGHT
    38.06370            B.180208_0131.C  146.1211738  -31.7266205 29.841400   16.4185    20.484     0.068    22.856   MOON_BRIGHT
    38.09876            B.180208_0222.C  146.1211465  -31.7266264 31.880246   22.5997    20.412     0.050    23.236   MOON_BRIGHT
    38.45348            B.180208_1053.A  146.1211976  -31.7267275 -99.99999    -99.99   -99.999   -99.999    19.486   MOON_BRIGHT
    38.47685            B.180208_1126.A  146.1211732  -31.7266603 31.835142   12.8288    20.414     0.086    22.451   MOON_BRIGHT
    38.80666            B.180208_1921.S  146.1211606  -31.7266227 31.115468   24.8492    20.439     0.046    23.515   _
    39.83674            B.180209_2004.S  -99.9999999  -99.9999999 -99.99999    -99.99   -99.999   -99.999   -99.999   PSF_ERROR_BAD_IMAGE
    39.89186            B.180209_2124.S  146.1211728  -31.7265829 29.295609   12.7651    20.504     0.086    22.631   _
    40.78906            B.180210_1856.S  146.1211735  -31.7266254 30.548495   16.3309    20.459     0.068    22.845   _
    40.87553            B.180210_2100.S  146.1211348  -31.7266212 29.975337   23.7742    20.479     0.048    23.435   _
    41.60304            B.180211_1428.A  146.1211628  -31.7266529 31.595597   11.5094    20.422     0.096    22.353   MOON_BRIGHT
    41.66407            B.180211_1556.A  146.1211529  -31.7266368 30.879441   15.1258    20.447     0.073    22.756   MOON_BRIGHT
    41.72435            B.180211_1723.A  146.1211294  -31.7266342 31.764239   12.4085    20.416     0.089    22.470   MOON_BRIGHT
    43.67481            B.180213_1611.A  146.1211619  -31.7266338 32.992535   19.3259    20.375     0.058    22.928   MOON_BRIGHT
    43.73911            B.180213_1744.A  146.1211417  -31.7266208 31.809198   17.7120    20.415     0.063    22.854   MOON_BRIGHT
    46.43675            B.180216_1028.A  146.1211457  -31.7266216 29.114890   14.4407    20.511     0.077    22.723   _
    46.47925            B.180216_1130.A  -99.9999999  -99.9999999 -99.99999    -99.99   -99.999   -99.999   -99.999   PSF_ERROR_BAD_IMAGE
    46.53052            B.180216_1243.A  146.1211247  -31.7266041 29.478779   17.6775    20.498     0.063    22.939   _
    47.44201            B.180217_1036.A  146.1211957  -31.7266394 25.932624   10.4690    20.637     0.105    22.410   _
    47.48938            B.180217_1144.A  146.1211780  -31.7266272 29.603502   14.9885    20.493     0.074    22.734   _
    48.43181            B.180218_1021.A  146.1211745  -31.7266251 33.923288   13.2752    20.344     0.083    22.419   _
    48.48350            B.180218_1136.A  146.1211684  -31.7266556 35.584637   12.4808    20.292     0.088    22.370   _
    48.53432            B.180218_1249.A  146.1211615  -31.7266348 32.782298   19.0723    20.382     0.059    23.007   _
    48.55866            B.180218_1324.A  146.1216005  -31.7269737 34.327628   2.41191    20.332     0.453    20.531   _
    48.80095            B.180218_1913.S  146.1211431  -31.7266197 26.602182   13.0721    20.610     0.084    22.728   MOON_BRIGHT
    48.83302            B.180218_1959.S  146.1211947  -31.7266449 29.687377   16.8935    20.490     0.066    22.896   MOON_BRIGHT
    48.89200            B.180218_2124.S  146.1211691  -31.7266268 30.287041   18.5304    20.468     0.060    23.066   _
    49.04081            B.180219_0058.C  146.1211440  -31.7266663 30.268041   13.7988    20.469     0.080    22.623   _
    49.10075            B.180219_0225.C  146.1211359  -31.7266134 29.151666   18.5116    20.510     0.060    23.097   _
    49.20450            B.180219_0454.C  146.1211481  -31.7266156 32.491697   22.5969    20.392     0.050    23.264   _
    49.79507            B.180219_1904.S  146.1211506  -31.7266043 28.831683   18.1858    20.522     0.061    23.096   MOON_BRIGHT
    49.83058            B.180219_1956.S  146.1211413  -31.7266104 30.366161   22.2632    20.465     0.051    23.287   MOON_BRIGHT
    49.88400            B.180219_2112.S  146.1211656  -31.7266145 29.355954   22.2744    20.502     0.051    23.317   _
    49.96463            B.180219_2309.S  -99.9999999  -99.9999999 -99.99999    -99.99   -99.999   -99.999   -99.999   PSF_ERROR_BAD_IMAGE
    50.03512            B.180220_0050.C  146.1211299  -31.7266665 30.965839   14.6098    20.444     0.076    22.626   _
    50.06257            B.180220_0130.C  146.1211703  -31.7266115 31.175821   16.6324    20.437     0.067    22.782   _
    50.11730            B.180220_0248.C  146.1211617  -31.7266430 30.225270   18.9071    20.470     0.059    23.086   _
    50.23714            B.180220_0541.C  146.1211419  -31.7266435 30.415747   19.5050    20.464     0.057    23.091   _
    50.78319            B.180220_1847.S  146.1211817  -31.7265945 28.205631   12.3812    20.546     0.089    22.581   MOON_BRIGHT
    50.81003            B.180220_1926.S  146.1211544  -31.7266185 29.190039   19.4634    20.508     0.058    23.125   MOON_BRIGHT
    50.86057            B.180220_2039.S  146.1211699  -31.7266390 31.051151   12.9590    20.441     0.085    22.561   MOON_BRIGHT
    50.93032            B.180220_2219.S  146.1212795  -31.7268017 54.192474   1.95334    19.833     0.559    19.794   _
    50.93376            B.180220_2224.S  146.1211731  -31.7267319 56.496825   3.82182    19.788     0.286    20.528   _
    51.04237            B.180221_0101.C  146.1211355  -31.7266327 31.049180   17.3139    20.441     0.064    22.887   _
    51.11205            B.180221_0241.C  146.1211293  -31.7266268 30.223401   20.9961    20.470     0.054    23.192   _
    51.19372            B.180221_0438.C  146.1211489  -31.7266245 30.688772   25.6963    20.454     0.044    23.508   _
    51.26022            B.180221_0614.C  146.1211483  -31.7266377 32.648651   26.6545    20.386     0.043    23.444   _
    51.43499            B.180221_1026.A  146.1211608  -31.7266198 28.551999   7.38150    20.533     0.148    21.940   _
    51.46617            B.180221_1111.A  146.1211730  -31.7266905 28.886073   6.13881    20.520     0.178    21.731   _
    51.47023            B.180221_1117.A  146.1211583  -31.7265507 28.672009   6.15718    20.528     0.178    21.745   _
    51.50892            B.180221_1212.A  146.1211673  -31.7266448 35.682575   10.7651    20.289     0.102    22.177   _
    51.57343            B.180221_1345.A  146.1211448  -31.7266147 30.771974   19.6543    20.451     0.057    23.087   _
    51.63488            B.180221_1514.A  146.1211122  -31.7265925 28.975088   7.87169    20.516     0.139    22.035   _
    51.78856            B.180221_1855.S  146.1211987  -31.7266336 27.842360   15.0608    20.560     0.074    22.830   MOON_BRIGHT
    51.82308            B.180221_1945.S  146.1211472  -31.7266269 26.008197   16.4123    20.634     0.068    22.999   MOON_BRIGHT
    53.04308            B.180223_0102.C  146.1212113  -31.7267065 27.560472   8.93124    20.571     0.123    22.258   _
    53.09544            B.180223_0217.C  146.1211111  -31.7266232 32.788496   13.6512    20.382     0.081    22.502   _
    53.18226            B.180223_0422.C  146.1211486  -31.7266309 31.189870   25.3552    20.436     0.045    23.481   _
    53.24464            B.180223_0552.C  146.1211420  -31.7266278 31.510527   26.9997    20.425     0.042    23.556   _
    53.82358            B.180223_1945.S  146.1212159  -31.7266169 25.906865   7.69054    20.639     0.142    22.116   MOON_BRIGHT
    53.88227            B.180223_2110.S  146.1213100  -31.7267387 26.245988   5.64111    20.624     0.194    21.793   MOON_BRIGHT
    53.96470            B.180223_2309.S  146.1211970  -31.7266408 27.627564   13.9126    20.568     0.079    22.703   MOON_BRIGHT
    54.03718            B.180224_0053.S  146.1211654  -31.7266224 24.881800   11.9602    20.683     0.092    22.678   MOON_BRIGHT
    55.04559            B.180225_0105.C  146.1211543  -31.7266053 32.766954   16.8857    20.382     0.066    22.749   _
    55.05682            B.180225_0121.C  146.1211462  -31.7266321 31.582988   17.1655    20.422     0.065    22.857   _
    55.11597            B.180225_0247.C  146.1211375  -31.7266296 31.203565   18.7384    20.436     0.060    23.017   _
    55.19512            B.180225_0440.C  146.1211431  -31.7266191 31.038654   23.8973    20.441     0.048    23.317   _
    55.26370            B.180225_0619.C  146.1211399  -31.7266137 31.604418   29.0000    20.422     0.040    23.718   _
    55.26794            B.180225_0625.C  146.1211488  -31.7266318 31.874466   27.7708    20.412     0.041    23.657   _
    55.78030            B.180225_1843.S  146.1211207  -31.7266637 29.743578   9.61880    20.488     0.114    22.240   MOON_BRIGHT
    55.81170            B.180225_1928.S  146.1211591  -31.7265507 31.387895   7.00459    20.429     0.156    21.749   MOON_BRIGHT
    55.86668            B.180225_2048.S  146.1211532  -31.7265821 27.256729   8.28542    20.583     0.132    22.128   MOON_BRIGHT
    55.94166            B.180225_2235.S  146.1210968  -31.7266374 29.432611   9.76866    20.499     0.112    22.226   MOON_BRIGHT
    56.01422            B.180226_0020.S  146.1211789  -31.7266146 29.938797   16.0697    20.481     0.069    22.795   MOON_BRIGHT
    57.04325            B.180227_0102.C  146.1211357  -31.7266722 33.986771   7.15601    20.342     0.153    21.747   _
    57.04471            B.180227_0104.C  146.1211339  -31.7266609 29.662088   6.67603    20.491     0.164    21.834   _
    57.10113            B.180227_0225.C  146.1211286  -31.7266478 31.887378   10.9394    20.412     0.101    22.260   _
    57.17851            B.180227_0417.C  146.1211281  -31.7266531 30.440391   12.1126    20.463     0.091    22.454   _
    57.24381            B.180227_0551.C  146.1211241  -31.7266322 31.521116   11.3483    20.425     0.097    22.331   _
    57.42861            B.180227_1017.A  146.1211917  -31.7266642 33.402200   7.54710    20.361     0.145    21.860   MOON_BRIGHT
    57.49797            B.180227_1157.A  146.1211595  -31.7266415 32.545975   6.90405    20.390     0.159    21.729   MOON_BRIGHT
    57.58515            B.180227_1402.A  146.1211781  -31.7266617 34.071114   6.07436    20.340     0.180    21.567   _
    57.65891            B.180227_1548.A  146.1215006  -31.7267972 26.382499   3.34401    20.619     0.326    21.197   _
    57.78442            B.180227_1849.S  146.1211628  -31.7266557 30.509548   8.86994    20.460     0.124    22.127   MOON_BRIGHT
    57.81236            B.180227_1929.S  146.1211174  -31.7266443 28.292523   9.26025    20.542     0.119    22.251   MOON_BRIGHT
    57.86448            B.180227_2044.S  -99.9999999  -99.9999999 -99.99999    -99.99   -99.999   -99.999   -99.999   PSF_ERROR_BAD_IMAGE
    57.86765            B.180227_2049.S  146.1211887  -31.7266404 31.058370   11.0373    20.441     0.100    22.353   MOON_BRIGHT
    57.94693            B.180227_2243.S  146.1211539  -31.7266292 26.819291   10.7311    20.601     0.102    22.456   MOON_BRIGHT
    58.02297            B.180228_0033.S  146.1212547  -31.7265515 27.258955   5.35857    20.583     0.204    21.632   MOON_BRIGHT
    59.44355            B.180301_1038.A  146.1211838  -31.7266910 35.949478   5.15021    20.281     0.212    21.302   MOON_BRIGHT
    59.44510            B.180301_1040.A  146.1210697  -31.7267213 32.052218   4.81822    20.406     0.227    21.369   MOON_BRIGHT
    59.50713            B.180301_1210.A  146.1211773  -31.7266448 39.423001   5.25301    20.181     0.208    21.283   MOON_BRIGHT
    59.58412            B.180301_1401.A  146.1213596  -31.7266100 28.662747   3.66920    20.528     0.298    21.177   MOON_BRIGHT
    59.65719            B.180301_1546.A  146.1212690  -31.7265577 23.163055   2.68051    20.761     0.407    21.063   _
    59.77347            B.180301_1833.S  146.1211939  -31.7267781 42.409740   4.05808    20.101     0.269    20.819   _
    59.82506            B.180301_1948.S  146.1210291  -31.7264919 42.922236   4.51241    20.088     0.242    20.961   _
    61.03093            B.180303_0044.C  146.1211694  -31.7266439 29.738696   7.14249    20.488     0.153    21.854   MOON_BRIGHT
    61.08899            B.180303_0208.C  146.1211780  -31.7266637 31.510776   8.23237    20.425     0.133    21.953   MOON_BRIGHT
    61.15796            B.180303_0347.C  146.1211330  -31.7266397 36.229415   10.8173    20.273     0.102    22.123   _
    61.23045            B.180303_0531.C  146.1211288  -31.7266401 31.011420   8.23341    20.442     0.133    21.984   _
    61.77403            B.180303_1834.S  146.1212218  -31.7266658 29.867826   10.2664    20.483     0.107    22.279   _
    61.81215            B.180303_1929.S  146.1211123  -31.7266031 27.781568   8.35366    20.562     0.131    22.093   _
    61.86429            B.180303_2044.S  146.1211711  -31.7266758 31.840125   5.27419    20.414     0.207    21.491   _
    62.01027            B.180304_0014.S  146.1211140  -31.7266806 33.350981   7.07738    20.363     0.155    21.734   MOON_BRIGHT
    63.03719            B.180305_0053.C  146.1211501  -31.7266206 33.124221   26.6206    20.370     0.043    23.469   MOON_BRIGHT
    63.10539            B.180305_0231.C  146.1211178  -31.7266179 32.827247   16.2778    20.380     0.068    22.756   MOON_BRIGHT
    63.17589            B.180305_0413.C  146.1211597  -31.7266243 34.285770   14.4993    20.333     0.076    22.511   _
    63.25169            B.180305_0602.C  146.1211675  -31.7266354 31.615064   11.3898    20.421     0.097    22.344   _
    63.78453            B.180305_1849.S  146.1212140  -31.7265946 26.512267   12.7007    20.613     0.087    22.656   _
    63.81411            B.180305_1932.S  146.1211484  -31.7266236 31.439185   18.8388    20.427     0.059    23.065   _
    63.86958            B.180305_2052.S  146.1211931  -31.7266741 28.603266   9.40446    20.531     0.117    22.287   _
    63.94494            B.180305_2240.S  146.1211629  -31.7266472 30.131761   9.31138    20.474     0.118    22.203   MOON_BRIGHT
    64.01693            B.180306_0024.S  146.1211213  -31.7267159 20.372288   4.54667    20.901     0.240    21.776   MOON_BRIGHT
    65.02892            B.180307_0041.C  146.1211222  -31.7266422 31.478545   19.2415    20.426     0.058    23.010   MOON_BRIGHT
    65.07775            B.180307_0151.C  146.1211437  -31.7266233 30.590317   23.7407    20.457     0.048    23.361   MOON_BRIGHT
    65.17253            B.180307_0408.C  146.1211475  -31.7266174 28.452851   14.3665    20.536     0.077    22.719   MOON_BRIGHT
    65.23900            B.180307_0544.C  146.1211437  -31.7266293 30.102088   14.5662    20.475     0.076    22.687   MOON_BRIGHT
    65.76744            B.180307_1825.S  146.1211921  -31.7266417 30.032857   17.4331    20.477     0.064    22.946   _
    65.79970            B.180307_1911.S  146.1211400  -31.7266032 25.345552   16.4938    20.662     0.067    23.047   _
    65.85395            B.180307_2029.S  146.1211968  -31.7266199 29.291921   13.0785    20.505     0.084    22.639   _
    67.65010            B.180309_1536.A  146.1211567  -31.7266837 29.659272   11.2183    20.491     0.098    22.368   MOON_BRIGHT
    67.65507            B.180309_1543.A  146.1211949  -31.7266565 29.943730   11.2016    20.481     0.098    22.355   MOON_BRIGHT
    69.02166            B.180311_0031.C  146.1211467  -31.7266309 31.966053   27.1553    20.409     0.042    23.535   MOON_BRIGHT
    69.07459            B.180311_0147.C  146.1211472  -31.7266424 30.979244   23.2799    20.444     0.049    23.273   MOON_BRIGHT
    69.14815            B.180311_0333.C  146.1211422  -31.7266328 32.127763   26.4061    20.404     0.043    23.481   MOON_BRIGHT
    69.22032            B.180311_0517.C  146.1211462  -31.7266200 30.910199   23.0286    20.446     0.049    23.322   MOON_BRIGHT
    69.41931            B.180311_1003.A  146.1211533  -31.7266442 31.786327   19.5079    20.415     0.057    23.008   _
    69.46963            B.180311_1116.A  146.1211538  -31.7266219 34.517827   22.9469    20.326     0.049    23.201   _
    69.51954            B.180311_1228.A  146.1211504  -31.7266311 28.954749   17.2341    20.517     0.065    22.975   MOON_BRIGHT
    69.57032            B.180311_1341.A  146.1211399  -31.7266336 28.458710   18.3095    20.536     0.061    23.074   MOON_BRIGHT
    69.63403            B.180311_1513.A  146.1211578  -31.7266187 31.360171   21.7447    20.430     0.052    23.208   MOON_BRIGHT
    69.76895            B.180311_1827.S  146.1211289  -31.7266381 28.595099   22.7498    20.531     0.050    23.414   _
    69.80699            B.180311_1922.S  146.1211720  -31.7266404 29.165145   22.5728    20.509     0.050    23.350   _
    69.87730            B.180311_2103.S  146.1211307  -31.7266073 31.738790   18.3913    20.417     0.061    22.892   _
    69.94407            B.180311_2239.S  146.1211588  -31.7266148 28.556327   21.0899    20.532     0.053    23.286   _
    71.02431            B.180313_0034.C  146.1211668  -31.7266273 30.215164   24.9324    20.471     0.046    23.478   MOON_BRIGHT
    71.07391            B.180313_0146.C  146.1211482  -31.7266192 31.270743   24.7289    20.433     0.046    23.334   MOON_BRIGHT
    71.14281            B.180313_0325.C  146.1211442  -31.7266236 31.386832   23.9799    20.429     0.047    23.343   MOON_BRIGHT
    71.20745            B.180313_0458.C  146.1211378  -31.7266282 32.666180   24.7872    20.386     0.046    23.355   MOON_BRIGHT
    73.02397            B.180315_0034.C  146.1211500  -31.7266215 31.889122   26.3026    20.412     0.043    23.504   MOON_BRIGHT
    73.07381            B.180315_0146.C  146.1211461  -31.7266280 32.470175   27.6563    20.392     0.042    23.526   MOON_BRIGHT
    73.14225            B.180315_0324.C  146.1211470  -31.7266244 32.080653   27.2591    20.405     0.042    23.545   MOON_BRIGHT
    73.20485            B.180315_0454.C  146.1211548  -31.7266421 32.534297   25.8715    20.390     0.044    23.408   MOON_BRIGHT
    73.42944            B.180315_1018.A  146.1211350  -31.7266262 30.722588   18.2922    20.453     0.061    22.984   _
    73.48285            B.180315_1135.A  146.1211608  -31.7266549 30.562079   16.1996    20.458     0.069    22.794   _
    73.53199            B.180315_1246.A  146.1211378  -31.7266258 29.829148   18.4744    20.485     0.060    23.081   _
    73.60028            B.180315_1424.A  146.1211327  -31.7266339 30.346006   17.7732    20.466     0.063    22.992   _
    73.77538            B.180315_1836.S  -99.9999999  -99.9999999 -99.99999    -99.99   -99.999   -99.999   -99.999   PSF_ERROR_BAD_IMAGE
    75.01766            B.180317_0025.C  146.1211327  -31.7266338 29.345519   22.2131    20.503     0.051    23.291   _
    75.06978            B.180317_0140.C  146.1211527  -31.7266229 31.509710   26.2972    20.425     0.043    23.483   _
    75.14069            B.180317_0322.C  146.1211579  -31.7266378 29.930554   26.6113    20.481     0.043    23.588   MOON_BRIGHT
    75.20770            B.180317_0459.C  146.1211573  -31.7266209 33.497512   28.3091    20.358     0.041    23.559   MOON_BRIGHT
    75.41247            B.180317_0953.A  146.1211498  -31.7266446 35.446879   19.0914    20.297     0.059    22.844   _
    75.46174            B.180317_1104.A  146.1211397  -31.7266518 34.884494   12.3633    20.314     0.089    22.427   _
    75.51696            B.180317_1224.A  146.1211774  -31.7265999 32.918971   19.3396    20.377     0.058    23.009   _
    75.58532            B.180317_1402.A  146.1211597  -31.7266226 29.143991   19.4719    20.510     0.058    23.101   _
    75.76591            B.180317_1822.S  146.1211389  -31.7266086 32.136792   24.5090    20.403     0.046    23.402   MOON_BRIGHT
    75.83410            B.180317_2001.S  146.1211493  -31.7266336 30.472608   25.9653    20.461     0.044    23.528   _
    75.90414            B.180317_2141.S  146.1211762  -31.7265998 27.005605   15.5491    20.593     0.071    22.936   _
    75.97269            B.180317_2320.S  146.1211947  -31.7266368 25.104043   10.5814    20.673     0.104    22.508   _
    76.40544            B.180318_0943.A  146.1211632  -31.7266334 28.652123   14.6218    20.529     0.076    22.790   _
    76.45869            B.180318_1100.A  146.1211472  -31.7266044 29.621868   17.0634    20.492     0.065    22.903   _
    76.50815            B.180318_1211.A  146.1211646  -31.7266511 28.205637   15.0678    20.546     0.074    22.841   _
    76.57984            B.180318_1354.A  146.1211531  -31.7266366 32.566375   19.1670    20.389     0.058    22.977   _
    76.76356            B.180318_1819.S  146.1211416  -31.7266286 30.024557   27.8722    20.478     0.041    23.745   MOON_BRIGHT
    76.82435            B.180318_1947.S  146.1211444  -31.7266263 31.259779   29.4997    20.434     0.039    23.748   _
    76.88903            B.180318_2120.S  146.1211627  -31.7266374 29.682614   28.2129    20.490     0.041    23.694   _
    76.95966            B.180318_2301.S  146.1211447  -31.7266270 29.051214   26.8746    20.514     0.043    23.655   _
    77.15582            B.180319_0344.C  146.1211487  -31.7266405 31.389577   26.8583    20.429     0.043    23.536   _
    77.22382            B.180319_0522.C  146.1211573  -31.7266137 31.603745   25.4711    20.422     0.045    23.437   MOON_BRIGHT
    77.41617            B.180319_0959.A  146.1211446  -31.7266408 28.964193   15.7799    20.517     0.070    22.852   _
    77.47019            B.180319_1117.A  146.1211453  -31.7266333 30.167099   19.2115    20.472     0.058    23.104   _
    77.52035            B.180319_1229.A  146.1211929  -31.7266474 26.270889   8.18229    20.623     0.134    22.157   _
    77.59203            B.180319_1412.A  146.1211729  -31.7266300 29.874460   16.1957    20.483     0.069    22.872   _
    77.76203            B.180319_1817.S  146.1211458  -31.7266377 31.456467   26.4789    20.427     0.043    23.544   MOON_BRIGHT
    77.82822            B.180319_1952.S  146.1211613  -31.7266297 30.376017   27.8506    20.465     0.041    23.692   _
    77.90330            B.180319_2140.S  146.1211432  -31.7266288 31.219605   27.0737    20.435     0.042    23.569   _
    77.96730            B.180319_2312.S  146.1211555  -31.7266293 31.062795   24.9281    20.441     0.046    23.412   _
    78.14904            B.180320_0334.C  146.1211540  -31.7266277 32.079207   27.0161    20.405     0.042    23.536   _
    78.22117            B.180320_0518.C  146.1211657  -31.7266246 30.497668   22.4689    20.461     0.050    23.296   MOON_BRIGHT
    78.41575            B.180320_0958.A  146.1212519  -31.7266789 27.099734   8.43010    20.589     0.130    22.199   _
    78.47034            B.180320_1117.A  146.1211290  -31.7266424 31.175794   19.0463    20.437     0.059    23.040   _
    78.51956            B.180320_1228.A  146.1211385  -31.7266185 30.803418   15.7122    20.450     0.071    22.810   _
    78.76064            B.180320_1815.S  -99.9999999  -99.9999999 -99.99999    -99.99   -99.999   -99.999   -99.999   PSF_ERROR_BAD_IMAGE
    78.81828            B.180320_1938.S  -99.9999999  -99.9999999 -99.99999    -99.99   -99.999   -99.999   -99.999   PSF_ERROR_BAD_IMAGE
    79.13939            B.180321_0320.C  146.1211516  -31.7266274 29.382456   23.3220    20.501     0.049    23.335   _
    79.21696            B.180321_0512.C  146.1211508  -31.7266124 30.731801   20.7641    20.452     0.054    23.135   _
    79.76010            B.180321_1814.S  146.1211511  -31.7266116 28.352262   18.7452    20.540     0.060    23.109   MOON_BRIGHT
    79.81742            B.180321_1937.S  146.1212149  -31.7266239 29.377670   15.2213    20.501     0.073    22.793   MOON_BRIGHT
    79.87157            B.180321_2055.S  146.1211957  -31.7266644 27.620750   13.8623    20.569     0.080    22.791   MOON_BRIGHT
    80.12591            B.180322_0301.C  146.1211520  -31.7266319 32.156084   24.5036    20.403     0.046    23.313   _
    80.18870            B.180322_0431.C  146.1211424  -31.7266356 31.223426   25.4308    20.435     0.045    23.483   _
    81.11727            B.180323_0248.C  146.1211522  -31.7266421 30.931022   25.2939    20.445     0.045    23.439   _
    81.18190            B.180323_0421.C  146.1211411  -31.7266360 31.733899   27.5870    20.417     0.042    23.584   _
    81.40681            B.180323_0945.A  146.1211429  -31.7266257 29.889889   13.6866    20.483     0.081    22.637   _
    81.45743            B.180323_1058.A  146.1211443  -31.7266353 27.264410   7.23061    20.583     0.151    21.993   _
    81.45890            B.180323_1100.A  146.1211500  -31.7266328 30.451561   15.6074    20.462     0.071    22.818   _
    81.50918            B.180323_1213.A  146.1211594  -31.7266255 31.980254   18.3231    20.409     0.061    22.923   _
    81.60639            B.180323_1433.A  146.1211523  -31.7266489 28.302162   8.40053    20.542     0.131    22.105   _
    81.76258            B.180323_1818.S  146.1211469  -31.7266340 30.458242   23.0225    20.462     0.049    23.387   MOON_BRIGHT
    81.82115            B.180323_1942.S  146.1211449  -31.7266379 30.861924   25.5834    20.448     0.045    23.498   MOON_BRIGHT
    83.01993            B.180325_0028.C  146.1211504  -31.7266388 30.522498   18.8123    20.460     0.059    23.000   _
    83.07194            B.180325_0143.C  146.1211585  -31.7266348 30.926071   17.9923    20.445     0.062    22.930   _
    83.14166            B.180325_0323.C  146.1211414  -31.7266246 29.856045   18.3472    20.484     0.061    22.983   _
    83.21362            B.180325_0507.C  146.1211472  -31.7266224 32.070067   24.9333    20.406     0.046    23.385   _
    83.76019            B.180325_1814.S  146.1211648  -31.7265973 27.646289   9.18168    20.568     0.120    22.276   MOON_BRIGHT
    83.81354            B.180325_1931.S  146.1211952  -31.7266500 28.112542   8.69718    20.549     0.126    22.212   MOON_BRIGHT
    83.88168            B.180325_2109.S  146.1211646  -31.7266286 27.295088   8.61819    20.582     0.127    22.218   MOON_BRIGHT
    83.94777            B.180325_2244.S  146.1211379  -31.7266151 28.409928   15.0378    20.538     0.074    22.777   MOON_BRIGHT
    85.40000            B.180327_0936.A  146.1211883  -31.7266698 27.059835   7.42255    20.591     0.148    22.016   MOON_BRIGHT
    85.45031            B.180327_1048.A  146.1211743  -31.7266198 26.887310   5.83807    20.598     0.187    21.772   MOON_BRIGHT
    85.50509            B.180327_1207.A  146.1212194  -31.7266760 29.963639   7.16722    20.480     0.153    21.878   _
    85.76015            B.180327_1814.S  146.1211614  -31.7267348 23.316429   4.64763    20.754     0.235    21.698   MOON_BRIGHT
    85.83397            B.180327_2000.S  146.1211470  -31.7266456 34.996114   7.86488    20.310     0.139    21.814   MOON_BRIGHT
    85.92100            B.180327_2206.S  146.1211346  -31.7266445 30.432585   11.7997    20.463     0.093    22.450   MOON_BRIGHT
    87.00255            B.180329_0003.C  146.1211371  -31.7266233 31.451406   11.7142    20.427     0.094    22.393   _
    87.07177            B.180329_0143.C  146.1211448  -31.7266218 31.573713   12.5953    20.423     0.088    22.478   _
    87.07328            B.180329_0145.C  146.1211504  -31.7266376 34.761152   13.5451    20.318     0.082    22.441   _
    87.14017            B.180329_0321.C  146.1211505  -31.7266318 34.026594   13.5834    20.341     0.081    22.438   _
    87.20582            B.180329_0456.C  146.1210965  -31.7266031 29.464539   7.49968    20.498     0.146    21.978   _
    87.39495            B.180329_0928.A  146.1211414  -31.7266506 35.155326   7.04375    20.306     0.155    21.695   MOON_BRIGHT
    87.44534            B.180329_1041.A  146.1211378  -31.7266790 36.694542   4.22279    20.259     0.259    21.079   MOON_BRIGHT
    87.45064            B.180329_1048.A  146.1211363  -31.7266379 32.534583   7.50076    20.390     0.146    21.830   MOON_BRIGHT
    87.50481            B.180329_1206.A  146.1211136  -31.7265813 30.175490   7.19084    20.472     0.152    21.925   MOON_BRIGHT
    87.57788            B.180329_1352.A  146.1211273  -31.7266427 31.484955   7.21099    20.426     0.152    21.832   MOON_BRIGHT
    89.00948            B.180331_0013.C  146.1211293  -31.7266719 35.012491   7.89533    20.310     0.139    21.839   MOON_BRIGHT
    89.07763            B.180331_0151.C  146.1211528  -31.7266284 27.013764   8.23256    20.593     0.133    22.141   _
    89.15902            B.180331_0348.C  146.1211429  -31.7266401 26.090021   6.80773    20.631     0.161    21.932   _
    89.40919            B.180331_0949.A  146.1210345  -31.7266907 27.723595   4.69049    20.565     0.233    21.526   MOON_BRIGHT
    89.46701            B.180331_1112.A  146.1210793  -31.7266212 28.776987   5.08532    20.524     0.215    21.547   MOON_BRIGHT
    89.51735            B.180331_1225.A  146.1211286  -31.7265750 29.971614   5.33853    20.480     0.205    21.534   MOON_BRIGHT
    89.59178            B.180331_1412.A  146.1211292  -31.7265954 27.832245   2.87260    20.560     0.380    20.909   MOON_BRIGHT
    89.85066            B.180331_2024.S  146.1211085  -31.7266934 36.572254   6.34777    20.262     0.172    21.524   MOON_BRIGHT
    90.99839            B.180401_2357.C  146.1211482  -31.7266183 30.226231   17.3441    20.470     0.064    22.867   MOON_BRIGHT
    91.07042            B.180402_0141.C  146.1211312  -31.7266467 29.907206   11.8091    20.482     0.093    22.498   MOON_BRIGHT
    91.13799            B.180402_0318.C  146.1211619  -31.7266377 28.832244   9.27903    20.522     0.118    22.213   _
    91.19169            B.180402_0436.C  146.1211283  -31.7266045 33.872512   9.76108    20.346     0.113    22.125   _
    91.39932            B.180402_0935.A  146.1211621  -31.7266389 29.986706   10.8816    20.479     0.101    22.368   MOON_BRIGHT
    91.74730            B.180402_1756.S  146.1211670  -31.7266311 30.799921   22.5778    20.450     0.050    23.284   _
    91.83559            B.180402_2003.S  146.1211621  -31.7266678 29.952068   9.81031    20.480     0.112    22.212   _
    91.90138            B.180402_2137.S  146.1212256  -31.7266443 31.321226   7.41054    20.432     0.148    21.862   MOON_BRIGHT
    93.00205            B.180404_0002.C  146.1211543  -31.7266107 30.286318   21.7490    20.468     0.052    23.240   MOON_BRIGHT
    93.07762            B.180404_0151.C  146.1211357  -31.7266308 32.609469   20.0177    20.388     0.056    22.991   MOON_BRIGHT
    93.16204            B.180404_0353.C  146.1211291  -31.7266406 31.762256   16.2213    20.416     0.068    22.810   MOON_BRIGHT
    93.39454            B.180404_0928.A  146.1211331  -31.7266256 32.740323   20.9555    20.383     0.054    23.100   MOON_BRIGHT
    93.44547            B.180404_1041.A  146.1211518  -31.7266352 30.748789   13.4018    20.452     0.082    22.587   MOON_BRIGHT
    93.47557            B.180404_1124.A  146.1211774  -31.7266485 31.101281   16.0619    20.439     0.069    22.788   MOON_BRIGHT
    93.53961            B.180404_1257.A  146.1211374  -31.7265917 34.745811   10.6476    20.318     0.103    22.200   MOON_BRIGHT
    93.59471            B.180404_1416.A  146.1211147  -31.7266083 30.558002   9.35867    20.458     0.117    22.130   MOON_BRIGHT
    93.82148            B.180404_1942.S  146.1211278  -31.7266417 28.355439   13.9810    20.540     0.079    22.860   _
    93.89676            B.180404_2131.S  146.1211270  -31.7266684 29.849837   12.6977    20.484     0.087    22.565   _
    94.99317            B.180405_2350.C  146.1211693  -31.7266276 31.382800   21.3758    20.429     0.053    23.122   MOON_BRIGHT
    95.06561            B.180406_0134.C  146.1211434  -31.7266116 33.617770   21.8155    20.354     0.052    23.129   MOON_BRIGHT
    95.39288            B.180406_0925.A  146.1211778  -31.7266439 33.185215   16.7829    20.368     0.066    22.805   MOON_BRIGHT
    95.46890            B.180406_1115.A  146.1211445  -31.7266136 31.489111   22.4073    20.426     0.050    23.234   MOON_BRIGHT
    95.53174            B.180406_1245.A  146.1211424  -31.7265706 28.898984   14.3622    20.519     0.077    22.712   MOON_BRIGHT
    95.75113            B.180406_1801.S  146.1211539  -31.7266156 30.374546   21.9568    20.465     0.051    23.228   _
    95.82013            B.180406_1940.S  146.1211483  -31.7266439 27.484327   12.2223    20.574     0.090    22.602   _
    95.89285            B.180406_2125.S  146.1211434  -31.7266295 28.710175   20.3405    20.526     0.055    23.231   _
    96.99395            B.180407_2351.C  146.1211485  -31.7266259 31.268223   24.7301    20.433     0.046    23.392   MOON_BRIGHT
    97.07133            B.180408_0142.C  146.1211531  -31.7266334 30.277218   25.6598    20.469     0.044    23.483   MOON_BRIGHT
    97.13718            B.180408_0317.C  146.1211388  -31.7266334 30.382647   22.8570    20.465     0.049    23.331   MOON_BRIGHT
    97.39036            B.180408_0922.A  146.1212377  -31.7266766 33.947854   9.07632    20.344     0.121    21.988   _
    97.47253            B.180408_1120.A  146.1211394  -31.7266253 31.272295   20.6488    20.433     0.054    23.124   MOON_BRIGHT
    97.53546            B.180408_1251.A  146.1211417  -31.7266486 30.301274   18.3400    20.468     0.061    23.024   MOON_BRIGHT
    97.74044            B.180408_1746.S  146.1211588  -31.7266038 35.044106   16.3255    20.309     0.068    22.830   _
    97.81139            B.180408_1928.S  146.1211340  -31.7266457 31.628510   13.1292    20.421     0.084    22.624   _
    97.87564            B.180408_2100.S  146.1211567  -31.7266613 32.187000   14.1554    20.402     0.078    22.674   _
    98.99713            B.180409_2355.C  146.1211555  -31.7266208 30.979541   18.2367    20.443     0.061    22.966   MOON_BRIGHT
    99.06840            B.180410_0138.C  146.1211499  -31.7266255 30.927190   21.9576    20.445     0.051    23.276   MOON_BRIGHT
    99.12983            B.180410_0306.C  146.1211412  -31.7266333 28.172920   15.9239    20.547     0.070    22.977   MOON_BRIGHT
    99.75414            B.180410_1805.S  146.1211527  -31.7266357 30.511488   20.7328    20.460     0.054    23.217   _
   100.99912            B.180411_2358.C  146.1211442  -31.7266412 30.424069   11.5920    20.463     0.095    22.462   MOON_BRIGHT
   101.07716            B.180412_0151.C  146.1211451  -31.7266285 33.414064   28.6300    20.361     0.040    23.583   MOON_BRIGHT
   101.38924            B.180412_0920.A  146.1211519  -31.7266233 31.893843   13.4199    20.412     0.082    22.541   _
   101.46186            B.180412_1105.A  146.1211517  -31.7266168 29.436039   20.3975    20.499     0.055    23.147   _
   101.52429            B.180412_1234.A  146.1211348  -31.7266195 32.457996   24.5882    20.393     0.046    23.362   _
   101.75488            B.180412_1807.S  146.1211476  -31.7266301 30.586761   28.0280    20.457     0.041    23.739   _
   103.01245            B.180414_0017.C  146.1211428  -31.7266270 31.233661   20.7453    20.435     0.054    23.169   _
   103.07609            B.180414_0149.C  146.1211487  -31.7266349 30.549618   26.5882    20.459     0.043    23.537   MOON_BRIGHT
   103.13891            B.180414_0320.C  146.1211613  -31.7266443 31.760431   22.2945    20.416     0.051    23.235   MOON_BRIGHT
   103.40735            B.180414_0946.A  146.1211440  -31.7266512 30.878226   16.5452    20.447     0.067    22.855   _
   103.47435            B.180414_1123.A  146.1211457  -31.7266378 29.310133   16.8097    20.504     0.066    22.918   _
   103.53900            B.180414_1256.A  146.1211585  -31.7266538 31.191513   15.3693    20.436     0.072    22.773   _
   103.75515            B.180414_1807.S  146.1211374  -31.7266260 30.402279   23.7785    20.464     0.048    23.417   _
   103.81913            B.180414_1939.S  146.1211552  -31.7266380 32.867656   24.0959    20.379     0.047    23.363   _
   103.88644            B.180414_2116.S  146.1211427  -31.7266327 30.457114   24.0937    20.462     0.047    23.425   _
   103.99045            B.180414_2346.C  146.1211489  -31.7266326 32.963480   20.1782    20.376     0.056    23.101   _
   104.06155            B.180415_0128.C  146.1211492  -31.7266281 30.082701   20.3178    20.476     0.055    23.169   _
   104.12992            B.180415_0307.C  146.1211444  -31.7266272 30.355305   16.3006    20.466     0.068    22.873   MOON_BRIGHT
   104.40687            B.180415_0945.A  146.1211428  -31.7266171 32.471585   17.9804    20.392     0.062    22.946   _
   104.47079            B.180415_1117.A  146.1211508  -31.7266390 30.439153   23.1578    20.463     0.049    23.330   _
   104.53652            B.180415_1252.A  146.1211456  -31.7266279 33.136094   26.0236    20.370     0.044    23.434   _
   104.75317            B.180415_1804.S  -99.9999999  -99.9999999 -99.99999    -99.99   -99.999   -99.999   -99.999   PSF_ERROR_BAD_IMAGE
   104.83769            B.180415_2006.S  146.1211596  -31.7266331 30.734866   23.7801    20.452     0.048    23.341   _
   104.90014            B.180415_2136.S  146.1211324  -31.7266574 29.648474   18.9796    20.491     0.059    23.114   _
   105.01308            B.180416_0018.C  146.1211428  -31.7266437 28.261149   14.4289    20.544     0.077    22.736   _
   105.09372            B.180416_0214.C  146.1211426  -31.7266334 31.003314   22.4911    20.443     0.050    23.246   _
   106.00374            B.180417_0005.C  146.1211375  -31.7266541 27.630840   13.5906    20.568     0.081    22.696   _
   106.06786            B.180417_0137.C  146.1211351  -31.7266124 31.145271   22.6826    20.438     0.050    23.279   _
   106.13132            B.180417_0309.C  146.1211924  -31.7266539 35.564679   15.5424    20.293     0.071    22.598   _
   106.13469            B.180417_0313.C  146.1211637  -31.7266097 31.547455   17.1995    20.424     0.065    22.827   _
   106.40080            B.180417_0937.A  146.1211937  -31.7266161 30.342330   10.6365    20.466     0.103    22.376   _
   106.40228            B.180417_0939.A  146.1211423  -31.7266054 33.362236   14.8773    20.363     0.074    22.645   _
   106.46698            B.180417_1112.A  146.1211399  -31.7266318 29.239088   19.7118    20.507     0.057    23.116   _
   106.53109            B.180417_1244.A  146.1211329  -31.7266420 30.919910   18.1882    20.446     0.061    22.929   _
   106.83228            B.180417_1958.S  146.1211507  -31.7266264 26.741420   20.1974    20.604     0.056    23.382   _
   106.89917            B.180417_2134.S  146.1211605  -31.7266232 27.921062   22.6087    20.557     0.050    23.459   _
   107.01532            B.180418_0022.C  146.1211806  -31.7266406 29.312204   11.5383    20.504     0.095    22.438   _
   107.08144            B.180418_0157.C  146.1211662  -31.7266247 28.748559   12.3642    20.525     0.089    22.601   _
   107.41164            B.180418_0952.A  146.1211480  -31.7266183 28.950497   10.7207    20.517     0.103    22.433   _
   108.00417            B.180419_0006.C  146.1211618  -31.7266342 30.537016   22.3376    20.459     0.051    23.293   _
   108.00569            B.180419_0008.C  146.1211610  -31.7266299 31.054039   23.4785    20.441     0.048    23.290   _
   108.07399            B.180419_0146.C  146.1211498  -31.7266311 31.288063   23.1608    20.433     0.049    23.248   _
   108.13487            B.180419_0314.C  146.1211516  -31.7266109 31.157388   21.9274    20.437     0.051    23.200   _
   108.74966            B.180419_1759.S  146.1211784  -31.7266254 24.767614   14.7093    20.688     0.075    22.963   MOON_BRIGHT
   108.81419            B.180419_1932.S  146.1211496  -31.7266168 30.981977   21.9290    20.443     0.051    23.238   MOON_BRIGHT
   108.88748            B.180419_2117.S  146.1211651  -31.7266204 27.793024   19.9473    20.562     0.056    23.201   MOON_BRIGHT
   109.00769            B.180420_0011.C  146.1211491  -31.7266395 30.425424   21.1118    20.463     0.053    23.137   _
   109.07471            B.180420_0147.C  146.1211615  -31.7266184 31.922275   24.0235    20.411     0.047    23.340   _
   109.13792            B.180420_0318.C  146.1211378  -31.7266133 32.729679   20.8969    20.384     0.054    23.085   _
   109.40094            B.180420_0937.A  146.1211282  -31.7266196 32.814492   16.4938    20.381     0.067    22.808   _
   109.40242            B.180420_0939.A  146.1211509  -31.7266211 31.207504   21.1239    20.435     0.053    23.107   _
   109.47245            B.180420_1120.A  146.1211506  -31.7266217 33.154484   26.5677    20.369     0.043    23.434   _
   109.53392            B.180420_1248.A  146.1211502  -31.7266313 30.988564   18.9925    20.443     0.059    23.043   _
   109.53662            B.180420_1252.A  146.1211380  -31.7266130 31.488858   22.1527    20.426     0.051    23.188   _
   109.74477            B.180420_1752.S  -99.9999999  -99.9999999 -99.99999    -99.99   -99.999   -99.999   -99.999   PSF_ERROR_BAD_IMAGE
   109.74792            B.180420_1756.S  146.1211397  -31.7266169 28.316331   24.3340    20.542     0.047    23.514   MOON_BRIGHT
   109.82707            B.180420_1950.S  146.1211471  -31.7266276 27.437609   19.0691    20.576     0.059    23.176   MOON_BRIGHT
   109.88543            B.180420_2115.S  146.1211506  -31.7266332 30.424120   28.0469    20.463     0.041    23.720   MOON_BRIGHT
   110.00182            B.180421_0002.C  146.1211478  -31.7266295 31.029593   24.0703    20.442     0.047    23.352   _
   110.06935            B.180421_0139.C  146.1211464  -31.7266237 30.435854   25.7627    20.463     0.044    23.466   _
   110.13991            B.180421_0321.C  146.1211429  -31.7266346 32.549139   22.9556    20.390     0.049    23.254   _
   110.40439            B.180421_0942.A  146.1211358  -31.7266484 31.636472   15.0134    20.421     0.074    22.690   _
   110.40799            B.180421_0947.A  146.1211601  -31.7266204 29.401301   13.1746    20.501     0.084    22.626   _
   110.40953            B.180421_0949.A  146.1211300  -31.7266117 32.293131   14.4107    20.398     0.077    22.588   _
   110.47869            B.180421_1129.A  146.1211592  -31.7266485 28.522927   15.1915    20.534     0.073    22.830   _
   110.75286            B.180421_1804.S  146.1211651  -31.7266282 30.142404   21.6301    20.473     0.052    23.211   MOON_BRIGHT
   110.82611            B.180421_1949.S  146.1211559  -31.7266214 29.248299   25.7169    20.506     0.044    23.599   MOON_BRIGHT
   110.88331            B.180421_2111.S  146.1211349  -31.7266326 29.531960   28.4350    20.496     0.041    23.812   MOON_BRIGHT
   111.01292            B.180422_0018.C  146.1211434  -31.7266336 32.031699   22.7509    20.407     0.050    23.266   _
   111.07581            B.180422_0149.C  146.1211515  -31.7266425 30.243293   21.3572    20.470     0.053    23.215   _
   111.13556            B.180422_0315.C  146.1211507  -31.7266283 29.358236   19.8006    20.502     0.057    23.090   _
   111.39493            B.180422_0928.A  146.1211453  -31.7266120 31.569074   18.5208    20.423     0.060    22.909   _
   111.45928            B.180422_1101.A  146.1211168  -31.7266656 29.025443   7.55304    20.515     0.145    22.007   _
   111.74880            B.180422_1758.S  146.1211449  -31.7266245 30.505173   18.0829    20.460     0.062    22.972   MOON_BRIGHT
   111.82110            B.180422_1942.S  146.1211484  -31.7266294 30.379720   21.1528    20.465     0.053    23.224   MOON_BRIGHT
   112.01970            B.180423_0028.C  146.1211789  -31.7266262 29.380431   14.7880    20.501     0.075    22.760   _
   112.13699            B.180423_0317.C  146.1211708  -31.7266114 33.859631   10.3572    20.347     0.106    22.169   _
   112.40296            B.180423_0940.A  146.1211396  -31.7266472 33.830277   15.5659    20.347     0.071    22.643   MOON_BRIGHT
   112.47227            B.180423_1120.A  146.1211578  -31.7266479 30.328351   12.7615    20.467     0.086    22.578   _
   112.77365            B.180423_1834.S  146.1211935  -31.7266117 30.322681   10.5613    20.467     0.104    22.283   MOON_BRIGHT
   112.84600            B.180423_2018.S  146.1211909  -31.7266053 31.504701   11.0504    20.425     0.100    22.339   MOON_BRIGHT
   113.03176            B.180424_0045.C  146.1211541  -31.7266107 29.218543   11.9642    20.507     0.092    22.456   _
   113.03648            B.180424_0052.C  146.1211466  -31.7266169 30.275689   11.8568    20.469     0.093    22.459   _
   113.09998            B.180424_0223.C  146.1211484  -31.7266564 32.768069   13.6163    20.382     0.081    22.557   _
   113.39338            B.180424_0926.A  146.1211567  -31.7266209 33.736678   10.3228    20.350     0.106    22.176   MOON_BRIGHT
   113.39487            B.180424_0928.A  146.1211702  -31.7265896 35.068232   13.0024    20.308     0.085    22.368   MOON_BRIGHT
   113.46293            B.180424_1106.A  146.1210890  -31.7267079 30.655498   8.95852    20.455     0.122    22.130   _
   113.46589            B.180424_1110.A  146.1211552  -31.7265925 27.459474   7.90391    20.575     0.139    22.055   _
   113.82904            B.180424_1953.S  146.1211446  -31.7266402 30.836865   13.7088    20.449     0.081    22.605   MOON_BRIGHT
   113.99420            B.180424_2351.C  146.1211250  -31.7266596 34.299695   13.9074    20.332     0.080    22.484   _
   113.99613            B.180424_2354.C  146.1211425  -31.7266384 34.186454   13.3691    20.336     0.083    22.403   _
   114.05713            B.180425_0122.C  146.1211512  -31.7266439 34.528499   12.5823    20.325     0.088    22.328   _
   115.38963            B.180426_0921.A  146.1211261  -31.7266539 32.463119   10.5441    20.392     0.104    22.195   MOON_BRIGHT
   115.45749            B.180426_1058.A  146.1211782  -31.7266462 30.326940   8.22530    20.467     0.133    21.977   MOON_BRIGHT
   115.46091            B.180426_1103.A  146.1210819  -31.7266277 25.924353   6.63197    20.638     0.165    21.976   MOON_BRIGHT
   116.01909            B.180427_0027.C  146.1211707  -31.7266600 32.732410   8.99996    20.383     0.122    22.014   _
   116.08194            B.180427_0157.C  146.1211324  -31.7266165 31.171315   7.37296    20.437     0.149    21.873   _
   116.38622            B.180427_0916.A  146.1212755  -31.7267753 33.195219   3.70448    20.368     0.295    21.061   MOON_BRIGHT
   116.45240            B.180427_1051.A  146.1211336  -31.7266627 31.282215   6.11063    20.433     0.179    21.647   MOON_BRIGHT
   116.73786            B.180427_1742.S  146.1211617  -31.7266386 30.567751   10.1519    20.458     0.108    22.238   _
   116.80079            B.180427_1913.S  146.1211594  -31.7267041 23.434776   6.57852    20.748     0.166    22.042   MOON_BRIGHT
   116.86692            B.180427_2048.S  146.1211233  -31.7265923 29.194657   5.87747    20.508     0.186    21.705   MOON_BRIGHT
   116.99997            B.180427_2359.C  146.1211561  -31.7266412 30.208456   7.95239    20.471     0.138    21.947   _
   117.06295            B.180428_0130.C  146.1211394  -31.7266595 32.415793   8.17224    20.394     0.134    21.911   _
   117.38424            B.180428_0913.A  -99.9999999  -99.9999999 -99.99999    -99.99   -99.999   -99.999   -99.999   PSF_ERROR_BAD_IMAGE
   117.38572            B.180428_0915.A  146.1211408  -31.7266478 29.619928   7.78275    20.492     0.141    21.956   MOON_BRIGHT
   117.45416            B.180428_1053.A  146.1211557  -31.7266469 37.497385   6.17216    20.235     0.177    21.513   MOON_BRIGHT
   117.73303            B.180428_1735.S  146.1213192  -31.7265845 40.109818   6.10817    20.162     0.179    21.327   _
   117.79948            B.180428_1911.S  146.1211421  -31.7266096 39.962617   5.27868    20.166     0.207    21.204   MOON_BRIGHT
   117.86747            B.180428_2049.S  146.1212155  -31.7266872 42.519191   5.71627    20.098     0.191    21.248   MOON_BRIGHT
   117.99052            B.180428_2346.C  146.1211088  -31.7266523 24.720539   2.49616    20.690     0.437    20.915   MOON_BRIGHT
   118.05292            B.180429_0116.C  146.1212437  -31.7267108 48.891241   2.91099    19.946     0.375    20.351   _
   118.11567            B.180429_0246.C  146.1212200  -31.7267363 -99.99999    -99.99   -99.999   -99.999    20.253   _
   118.39436            B.180429_0927.A  146.1211536  -31.7266322 35.758161   8.80122    20.287     0.125    21.960   MOON_BRIGHT
   118.46461            B.180429_1109.A  146.1212280  -31.7266636 27.768429   6.89702    20.563     0.159    21.966   MOON_BRIGHT
   118.73473            B.180429_1738.S  146.1211588  -31.7267160 29.500462   6.76030    20.497     0.162    21.852   _
   118.79865            B.180429_1910.S  146.1213383  -31.7265678 33.768973   3.93806    20.349     0.277    21.081   MOON_BRIGHT
   118.86642            B.180429_2047.S  146.1211835  -31.7267056 33.249271   5.23533    20.366     0.209    21.435   MOON_BRIGHT
   118.99476            B.180429_2352.C  146.1211079  -31.7266446 29.186183   8.06545    20.509     0.136    22.008   MOON_BRIGHT
   119.05603            B.180430_0120.C  146.1211400  -31.7267043 30.011942   7.55965    20.478     0.145    21.966   MOON_BRIGHT
   119.11530            B.180430_0245.C  146.1211760  -31.7266086 33.732714   5.32747    20.351     0.205    21.410   _
   119.38449            B.180430_0913.A  146.1211737  -31.7265959 33.959086   7.15809    20.343     0.153    21.787   MOON_BRIGHT
   119.38718            B.180430_0917.A  146.1211480  -31.7266488 34.718614   6.37536    20.319     0.172    21.575   MOON_BRIGHT
   119.44903            B.180430_1046.A  146.1211695  -31.7266729 18.744977   3.08469    20.992     0.354    21.458   MOON_BRIGHT
   119.72882            B.180430_1729.S  146.1211538  -31.7266289 31.704963   14.1927    20.418     0.078    22.642   _
   119.79072            B.180430_1858.S  146.1211526  -31.7266414 32.157171   12.5666    20.403     0.088    22.457   _
   119.99671            B.180430_2355.C  146.1213927  -31.7268281 52.270210   2.68294    19.873     0.407    20.215   MOON_BRIGHT
   121.38632            B.180502_0916.A  146.1211373  -31.7266413 30.888837   20.7096    20.447     0.054    23.155   MOON_BRIGHT
   121.44708            B.180502_1043.A  146.1211526  -31.7266495 33.197296   13.9718    20.368     0.079    22.509   MOON_BRIGHT
   121.50645            B.180502_1209.A  146.1210762  -31.7266415 31.457537   4.65670    20.427     0.235    21.334   MOON_BRIGHT
   121.82701            B.180502_1950.S  146.1211757  -31.7265945 30.808891   7.44819    20.450     0.147    21.887   _
   121.98478            B.180502_2338.C  146.1211450  -31.7266325 29.899768   22.4428    20.482     0.050    23.323   MOON_BRIGHT
   122.05245            B.180503_0115.C  146.1211382  -31.7266350 30.991077   13.3358    20.443     0.083    22.517   MOON_BRIGHT
   122.73104            B.180503_1732.S  146.1211320  -31.7266249 29.066151   17.0280    20.513     0.065    22.929   _
   122.79589            B.180503_1906.S  146.1211495  -31.7266229 29.510055   17.9015    20.497     0.062    22.997   _
   122.85789            B.180503_2035.S  146.1211335  -31.7266605 32.098516   14.6638    20.405     0.076    22.619   _
   122.98571            B.180503_2339.C  146.1211422  -31.7266271 28.880226   22.4669    20.520     0.050    23.295   MOON_BRIGHT
   123.06003            B.180504_0126.C  146.1211433  -31.7266301 30.559980   17.8614    20.458     0.062    22.964   MOON_BRIGHT
   123.39405            B.180504_0927.A  146.1212216  -31.7266833 24.018081   8.85921    20.721     0.124    22.349   MOON_BRIGHT
   123.45675            B.180504_1057.A  146.1211981  -31.7266209 25.905335   7.60509    20.639     0.144    22.110   MOON_BRIGHT
   123.73045            B.180504_1731.S  146.1211487  -31.7266182 31.867566   29.1366    20.413     0.040    23.684   _
   123.79615            B.180504_1906.S  146.1211391  -31.7266335 29.994136   25.6543    20.479     0.044    23.537   _
   123.99756            B.180504_2356.C  146.1211492  -31.7266445 32.271468   24.9431    20.399     0.046    23.365   MOON_BRIGHT
   124.07028            B.180505_0141.C  146.1211411  -31.7266316 31.507089   22.2234    20.425     0.051    23.250   MOON_BRIGHT
   124.38917            B.180505_0920.A  146.1212177  -31.7266860 25.037857   6.91647    20.676     0.158    22.030   MOON_BRIGHT
   124.45690            B.180505_1057.A  146.1211699  -31.7266480 28.545945   11.3110    20.533     0.097    22.438   MOON_BRIGHT
   124.72935            B.180505_1730.S  146.1211389  -31.7266236 28.266633   22.8467    20.543     0.049    23.426   _
   124.79196            B.180505_1900.S  146.1211518  -31.7266150 30.499370   23.2238    20.461     0.049    23.372   _
   124.85168            B.180505_2026.S  146.1211375  -31.7266276 26.730337   16.2972    20.604     0.068    22.977   _
   125.08616            B.180506_0204.C  146.1211422  -31.7266053 31.987336   20.3484    20.409     0.055    23.051   MOON_BRIGHT
   125.38745            B.180506_0917.A  146.1211373  -31.7266194 31.679462   21.9045    20.419     0.051    23.237   _
   125.45672            B.180506_1057.A  146.1211612  -31.7266314 28.889538   20.1773    20.520     0.056    23.188   MOON_BRIGHT
   125.72519            B.180506_1724.S  146.1211599  -31.7266346 26.803561   14.8080    20.601     0.075    22.921   _
   125.79237            B.180506_1901.S  146.1211555  -31.7266383 28.683574   22.7737    20.528     0.050    23.371   _
   126.02792            B.180507_0040.C  146.1211451  -31.7266760 31.478814   8.46742    20.426     0.129    22.047   MOON_BRIGHT
   126.39321            B.180507_0926.A  146.1211538  -31.7266351 31.356784   22.1890    20.430     0.051    23.227   _
   126.45985            B.180507_1102.A  146.1211443  -31.7266208 31.142760   15.7837    20.438     0.070    22.794   MOON_BRIGHT
   127.05332            B.180508_0116.C  146.1211433  -31.7266325 33.146374   12.1556    20.370     0.091    22.412   MOON_BRIGHT
   127.38428            B.180508_0913.A  146.1211938  -31.7266122 32.133092   2.75806    20.404     0.396    20.731   _
   127.44755            B.180508_1044.A  -99.9999999  -99.9999999 -99.99999    -99.99   -99.999   -99.999   -99.999   PSF_ERROR_BAD_IMAGE
   127.99463            B.180508_2352.C  146.1211664  -31.7266462 31.936248   19.8840    20.410     0.056    23.042   MOON_BRIGHT
   128.05910            B.180509_0125.C  146.1211891  -31.7266645 25.987372   7.73611    20.635     0.142    22.099   MOON_BRIGHT
   128.45057            B.180509_1048.A  -99.9999999  -99.9999999 -99.99999    -99.99   -99.999   -99.999   -99.999   PSF_ERROR_BAD_IMAGE
   128.74036            B.180509_1746.S  146.1211396  -31.7266320 27.883510   22.9764    20.558     0.049    23.435   _
   128.80968            B.180509_1925.S  146.1211413  -31.7266272 30.229012   22.2942    20.470     0.051    23.402   _
   129.73478            B.180510_1738.S  146.1211747  -31.7268264 13.661480   0.84698    21.337     1.288    20.382   _
   129.80772            B.180510_1923.S  146.1211950  -31.7267048 29.645952   6.46930    20.491     0.169    21.812   _
   129.99784            B.180510_2356.C  146.1211515  -31.7266268 30.166352   23.3437    20.473     0.049    23.308   MOON_BRIGHT
   130.06936            B.180511_0139.C  146.1211490  -31.7266184 32.723586   24.8430    20.384     0.046    23.371   MOON_BRIGHT
   130.73172            B.180511_1733.S  146.1211587  -31.7265985 28.972970   18.4981    20.517     0.060    23.080   _
   130.79853            B.180511_1909.S  146.1211707  -31.7266019 30.640956   17.1459    20.455     0.065    22.901   _
   130.80619            B.180511_1920.S  146.1211703  -31.7266137 28.811979   17.9166    20.523     0.062    23.044   _
   130.99545            B.180511_2353.C  146.1211483  -31.7266354 30.104151   23.5632    20.475     0.048    23.369   MOON_BRIGHT
   131.06348            B.180512_0131.C  146.1211433  -31.7266260 32.498209   26.7557    20.391     0.043    23.495   MOON_BRIGHT
   131.45872            B.180512_1100.A  146.1211575  -31.7266175 29.368439   8.18343    20.502     0.134    22.052   _
   131.73274            B.180512_1735.S  146.1211272  -31.7266284 29.488356   20.8997    20.497     0.054    23.187   _
   131.80021            B.180512_1912.S  146.1211499  -31.7266151 28.717965   22.0910    20.526     0.051    23.373   _
   131.98980            B.180512_2345.C  146.1211469  -31.7266529 32.713844   18.2747    20.384     0.061    22.868   _
   132.05600            B.180513_0120.C  146.1211591  -31.7266496 31.004769   20.6116    20.443     0.054    23.133   MOON_BRIGHT
   132.39146            B.180513_0923.A  146.1211485  -31.7266313 30.767940   21.1276    20.451     0.053    23.172   _
   132.46073            B.180513_1103.A  146.1211576  -31.7266417 29.742730   21.8337    20.488     0.052    23.282   _
   132.74029            B.180513_1746.S  146.1211623  -31.7266386 31.320635   23.3701    20.432     0.048    23.368   _
   132.80562            B.180513_1920.S  146.1211475  -31.7266116 30.881701   23.8620    20.447     0.048    23.410   _
   133.38119            B.180514_0908.A  146.1211824  -31.7266289 26.031068   11.8572    20.633     0.093    22.611   _
   133.44858            B.180514_1045.A  146.1211497  -31.7266361 28.480866   15.0015    20.535     0.074    22.797   _
   133.73200            B.180514_1734.S  146.1211522  -31.7266257 30.497585   25.9734    20.461     0.044    23.578   _
   133.81078            B.180514_1927.S  146.1211502  -31.7266226 32.322154   25.6603    20.397     0.044    23.504   _
   133.98426            B.180514_2337.C  146.1211559  -31.7266323 31.059004   9.82236    20.441     0.112    22.183   _
   134.05603            B.180515_0120.C  146.1211546  -31.7266328 36.217834   24.2969    20.273     0.047    23.165   _
   134.44975            B.180515_1047.A  146.1211454  -31.7266191 31.193807   18.7344    20.436     0.060    22.990   _
   134.73493            B.180515_1738.S  146.1211430  -31.7266236 30.403569   26.9068    20.464     0.043    23.673   _
   134.97991            B.180515_2331.C  146.1211432  -31.7266268 31.900477   22.6998    20.412     0.050    23.254   _
   135.04736            B.180516_0108.C  146.1211453  -31.7266256 30.913721   22.6324    20.446     0.050    23.338   _
   135.37082            B.180516_0853.A  146.1211870  -31.7266395 29.545845   11.4047    20.495     0.097    22.420   _
   135.43640            B.180516_1028.A  146.1211348  -31.7266377 30.092536   15.8594    20.475     0.070    22.819   _
   135.73628            B.180516_1740.S  146.1211220  -31.7266248 30.980961   27.6829    20.443     0.041    23.684   MOON_BRIGHT
   135.80378            B.180516_1917.S  146.1211447  -31.7266209 29.230713   24.9652    20.507     0.046    23.551   MOON_BRIGHT
   135.99390            B.180516_2351.C  146.1211350  -31.7266233 30.366002   22.4653    20.465     0.050    23.273   _
   136.05469            B.180517_0118.C  146.1211470  -31.7266278 30.304717   21.9232    20.468     0.051    23.257   _
   136.38023            B.180517_0907.A  146.1211417  -31.7266295 30.467971   20.8021    20.462     0.054    23.138   _
   136.44456            B.180517_1040.A  146.1211619  -31.7266443 29.190125   13.5767    20.508     0.081    22.694   _
   136.73572            B.180517_1739.S  146.1211490  -31.7266239 30.604928   27.0497    20.457     0.042    23.644   MOON_BRIGHT
   136.79796            B.180517_1909.S  146.1211460  -31.7266153 31.397737   25.5607    20.429     0.045    23.565   MOON_BRIGHT
   137.38280            B.180518_0911.A  146.1211894  -31.7266387 30.206657   13.0016    20.471     0.085    22.511   _
   137.45097            B.180518_1049.A  146.1211207  -31.7266089 32.735651   16.3421    20.383     0.068    22.790   _
   137.73550            B.180518_1739.S  146.1212342  -31.7266637 -99.99999    -99.99   -99.999   -99.999    19.202   MOON_BRIGHT
   138.44860            B.180519_1045.A  146.1211949  -31.7266678 28.073955   10.9574    20.551     0.100    22.475   _
   139.37550            B.180520_0900.A  146.1211372  -31.7265835 26.952060   5.74852    20.595     0.190    21.730   _
   139.44204            B.180520_1036.A  146.1212275  -31.7267351 20.863295   3.60586    20.875     0.303    21.554   _
   140.38079            B.180521_0908.A  146.1211622  -31.7266549 28.895646   11.2591    20.519     0.098    22.479   _
   140.45056            B.180521_1048.A  146.1211424  -31.7266043 26.890369   8.70001    20.598     0.126    22.246   _
   141.40235            B.180522_0939.A  146.1211230  -31.7266702 27.760969   7.36241    20.563     0.149    21.945   MOON_BRIGHT
   141.97961            B.180522_2330.C  146.1211465  -31.7266071 29.994861   17.2737    20.479     0.064    22.919   _
   142.04801            B.180523_0109.C  146.1211513  -31.7266407 31.909852   18.1703    20.411     0.061    22.908   _
   142.38063            B.180523_0908.A  146.1212693  -31.7267024 26.039236   4.84035    20.633     0.226    21.601   MOON_BRIGHT
   142.44663            B.180523_1043.A  146.1211167  -31.7265500 23.025186   4.71314    20.767     0.232    21.690   MOON_BRIGHT
   142.72278            B.180523_1720.S  146.1211685  -31.7266426 33.795570   12.5215    20.349     0.088    22.417   MOON_BRIGHT
   142.78727            B.180523_1853.S  146.1209598  -31.7267114 32.602957   4.99372    20.388     0.219    21.388   MOON_BRIGHT
   142.79288            B.180523_1901.S  146.1211025  -31.7266227 33.397844   4.55060    20.361     0.240    21.229   MOON_BRIGHT
   142.97473            B.180523_2323.C  146.1211468  -31.7266489 31.024678   14.5664    20.442     0.076    22.620   _
   143.04066            B.180524_0058.C  146.1211361  -31.7266207 31.685828   13.3867    20.419     0.083    22.572   _
   143.97226            B.180524_2320.C  146.1211309  -31.7266524 32.620868   11.9716    20.387     0.092    22.361   _
   144.03337            B.180525_0048.C  146.1211341  -31.7266240 33.612052   12.8190    20.355     0.086    22.409   _
   144.37701            B.180525_0902.A  146.1211447  -31.7266342 31.643631   13.5634    20.420     0.081    22.549   MOON_BRIGHT
   144.97126            B.180525_2318.C  146.1211483  -31.7266574 30.716965   11.0384    20.453     0.100    22.314   _
   145.03213            B.180526_0046.C  146.1211875  -31.7267190 26.662818   7.92766    20.607     0.138    22.108   _
   145.71566            B.180526_1710.S  146.1211367  -31.7266062 31.240031   9.07785    20.434     0.121    22.121   MOON_BRIGHT
   145.77922            B.180526_1842.S  146.1211172  -31.7266722 30.508321   9.54338    20.460     0.115    22.153   MOON_BRIGHT
   146.03855            B.180527_0055.C  146.1211696  -31.7266577 30.304942   7.83392    20.468     0.140    21.951   _
   146.73234            B.180527_1734.S  146.1211650  -31.7266496 33.445933   12.4460    20.360     0.089    22.389   MOON_BRIGHT
   146.79447            B.180527_1904.S  146.1210965  -31.7267994 32.389654   5.29975    20.395     0.206    21.472   MOON_BRIGHT
   146.80227            B.180527_1915.S  146.1212057  -31.7266382 31.983336   7.16180    20.409     0.153    21.791   MOON_BRIGHT
   146.98144            B.180527_2333.C  146.1211476  -31.7266474 33.015887   11.2941    20.374     0.097    22.286   MOON_BRIGHT
   147.37497            B.180528_0859.A  146.1211422  -31.7266551 31.252045   7.89733    20.434     0.139    21.951   MOON_BRIGHT
   148.37774            B.180529_0903.A  146.1211732  -31.7266342 34.635409   11.1150    20.322     0.099    22.241   MOON_BRIGHT
   148.38912            B.180529_0920.A  146.1211624  -31.7266171 32.345707   9.85696    20.396     0.111    22.162   MOON_BRIGHT
   148.74192            B.180529_1748.S  146.1212092  -31.7265942 34.005480   6.86712    20.342     0.159    21.709   _
   149.73015            B.180530_1731.S  146.1213288  -31.7265907 19.052670   1.44453    20.974     0.755    20.612   _
   150.37245            B.180531_0856.A  146.1212243  -31.7266238 32.050601   6.86806    20.406     0.159    21.731   MOON_BRIGHT
   150.71899            B.180531_1715.S  146.1211650  -31.7266645 29.733126   17.6799    20.488     0.063    22.978   _
   150.97281            B.180531_2320.C  146.1211527  -31.7266344 30.890546   18.1700    20.447     0.061    22.997   MOON_BRIGHT
   151.03485            B.180601_0050.C  146.1212096  -31.7266638 31.733128   9.16585    20.417     0.120    22.093   MOON_BRIGHT
   151.38463            B.180601_0913.A  146.1211546  -31.7266810 32.566421   14.0003    20.389     0.079    22.602   MOON_BRIGHT
   151.97395            B.180601_2322.C  146.1211366  -31.7266292 30.346226   22.6898    20.466     0.050    23.339   MOON_BRIGHT
   152.71716            B.180602_1712.S  146.1211757  -31.7266266 30.260235   20.0562    20.469     0.056    23.115   _
   152.77412            B.180602_1834.S  146.1212423  -31.7267308 -99.99999    -99.99   -99.999   -99.999    18.568   _
   152.96925            B.180602_2315.C  146.1211486  -31.7266285 31.078433   26.9053    20.440     0.043    23.505   MOON_BRIGHT
   153.38088            B.180603_0908.A  146.1211624  -31.7266260 27.388150   12.8236    20.578     0.086    22.659   MOON_BRIGHT
   153.97784            B.180603_2328.C  146.1211439  -31.7266352 30.121507   24.0897    20.474     0.047    23.393   MOON_BRIGHT
   154.37021            B.180604_0853.A  146.1211476  -31.7266140 30.437071   17.3129    20.463     0.064    22.945   _
   154.71682            B.180604_1712.S  146.1211474  -31.7266434 29.423662   21.4653    20.500     0.052    23.283   _
   154.77358            B.180604_1833.S  146.1211467  -31.7266509 29.655208   13.2486    20.491     0.083    22.608   _
   154.96692            B.180604_2312.C  146.1211710  -31.7266211 31.555904   19.0077    20.423     0.059    23.024   MOON_BRIGHT
   155.37631            B.180605_0901.A  146.1211979  -31.7266159 29.742571   12.5188    20.488     0.088    22.483   _
   155.72341            B.180605_1721.S  146.1211510  -31.7266203 30.140220   27.0734    20.473     0.042    23.680   _
   156.37360            B.180606_0857.A  146.1211604  -31.7266317 26.019228   10.5416    20.634     0.104    22.466   _
   156.72067            B.180606_1717.S  146.1211368  -31.7266223 30.173503   22.8426    20.472     0.049    23.328   _
   156.97125            B.180606_2318.C  146.1211329  -31.7266476 30.719869   21.6922    20.453     0.052    23.203   MOON_BRIGHT
   157.02520            B.180607_0036.C  146.1211581  -31.7266316 30.443625   19.9637    20.463     0.056    23.117   MOON_BRIGHT
   157.71471            B.180607_1709.S  146.1211603  -31.7266296 30.174283   25.5058    20.472     0.045    23.605   _
   157.96171            B.180607_2304.C  146.1211445  -31.7266185 30.585054   20.6898    20.457     0.054    23.153   MOON_BRIGHT
   158.01508            B.180608_0021.C  146.1211221  -31.7266145 31.162994   19.8552    20.437     0.056    23.120   MOON_BRIGHT
   158.71244            B.180608_1705.S  146.1211496  -31.7266287 29.373602   16.0763    20.502     0.069    22.923   _
   158.95791            B.180608_2259.C  146.1211345  -31.7266361 31.791953   21.3880    20.415     0.053    23.217   MOON_BRIGHT
   159.00999            B.180609_0014.C  146.1211424  -31.7266299 30.825413   18.0335    20.449     0.062    23.010   MOON_BRIGHT
   160.36873            B.180610_0850.A  146.1211737  -31.7266508 27.478759   11.5053    20.574     0.096    22.566   _
   160.71491            B.180610_1709.S  146.1211710  -31.7266609 27.043894   15.2210    20.592     0.073    22.893   _
   161.37021            B.180611_0853.A  146.1212075  -31.7266329 30.549863   12.9135    20.459     0.085    22.539   _
   161.70780            B.180611_1659.S  146.1211372  -31.7266342 30.737998   26.4672    20.452     0.043    23.569   _
   162.36669            B.180612_0848.A  146.1211564  -31.7266273 28.149995   15.5661    20.548     0.071    22.833   _
   162.70858            B.180612_1700.S  146.1211349  -31.7266298 31.708339   22.1902    20.418     0.051    23.288   _
   162.96356            B.180612_2307.C  146.1211890  -31.7266472 33.391626   18.9313    20.362     0.059    22.872   _
   162.96666            B.180612_2311.C  146.1211481  -31.7266309 29.234996   16.3158    20.507     0.068    22.847   _
   163.37447            B.180613_0859.A  146.1211508  -31.7265553 25.319644   9.10106    20.664     0.121    22.379   _
   163.70927            B.180613_1701.S  146.1211682  -31.7266131 28.742165   18.9330    20.525     0.059    23.103   MOON_BRIGHT
   163.96358            B.180613_2307.C  146.1211525  -31.7266211 31.086106   22.3212    20.440     0.051    23.240   _
   164.36756            B.180614_0849.A  146.1211382  -31.7266772 28.712395   10.9957    20.526     0.100    22.445   _
   164.96481            B.180614_2309.C  146.1211380  -31.7266316 32.335330   26.6774    20.397     0.043    23.505   _
   166.70630            B.180616_1657.S  146.1212309  -31.7267313 30.171684   2.02218    20.472     0.540    20.474   MOON_BRIGHT
   166.97346            B.180616_2321.C  146.1211465  -31.7266325 30.100904   21.3989    20.475     0.053    23.266   _
   167.97148            B.180617_2318.C  -99.9999999  -99.9999999 -99.99999    -99.99   -99.999   -99.999   -99.999   PSF_ERROR_BAD_IMAGE
   168.96972            B.180618_2316.C  146.1211648  -31.7266270 28.303145   13.7682    20.542     0.080    22.706   _
   169.37110            B.180619_0854.A  146.1212077  -31.7266157 27.974799   8.04401    20.555     0.136    22.085   _
   169.95944            B.180619_2301.C  146.1211647  -31.7266112 30.394428   11.8669    20.464     0.093    22.430   _
   170.70757            B.180620_1658.S  146.1211439  -31.7266562 32.520419   9.76903    20.391     0.112    22.178   MOON_BRIGHT
   170.94860            B.180620_2245.C  146.1212725  -31.7266382 32.840168   7.54984    20.380     0.145    21.870   _
   171.36954            B.180621_0852.A  146.1212337  -31.7266413 24.912624   5.22265    20.681     0.209    21.716   MOON_BRIGHT
   171.94942            B.180621_2247.C  146.1211574  -31.7266443 33.529448   7.97032    20.357     0.137    21.853   _
   172.36523            B.180622_0845.A  146.1211517  -31.7267384 30.982128   5.66677    20.443     0.193    21.596   MOON_BRIGHT
   172.70279            B.180622_1652.S  146.1211516  -31.7266416 30.001188   12.6527    20.479     0.087    22.525   MOON_BRIGHT
   172.95336            B.180622_2252.C  146.1211108  -31.7267307 33.814440   8.10871    20.348     0.135    21.904   _
   173.36501            B.180623_0845.A  146.1211423  -31.7266389 29.219132   5.17541    20.507     0.211    21.541   MOON_BRIGHT
   173.94909            B.180623_2246.C  146.1211546  -31.7266228 25.363576   5.65258    20.662     0.193    21.798   _
   174.36096            B.180624_0839.A  146.1211612  -31.7268264 24.233219   4.14209    20.711     0.264    21.467   MOON_BRIGHT
   174.70404            B.180624_1653.S  146.1211348  -31.7266514 30.959438   8.58166    20.444     0.128    22.066   MOON_BRIGHT
   174.95042            B.180624_2248.C  146.1212128  -31.7267824 23.341002   2.52680    20.752     0.432    20.989   MOON_BRIGHT
   175.35950            B.180625_0837.A  146.1212672  -31.7265234 17.941976   2.97599    21.039     0.367    21.415   MOON_BRIGHT
   175.70118            B.180625_1649.S  146.1212504  -31.7267667 -99.99999    -99.99   -99.999   -99.999    20.049   MOON_BRIGHT
   175.94659            B.180625_2243.C  146.1211217  -31.7267594 28.012577   3.18074    20.553     0.343    21.045   MOON_BRIGHT
   176.35514            B.180626_0831.A  146.1212277  -31.7266707 37.669711   6.42868    20.230     0.170    21.501   MOON_BRIGHT
   176.70252            B.180626_1651.S  146.1211283  -31.7267124 28.264558   6.43931    20.544     0.170    21.839   _
   176.96299            B.180626_2306.C  146.1211387  -31.7266481 33.176569   10.9163    20.369     0.101    22.228   MOON_BRIGHT
   177.95103            B.180627_2249.C  146.1211632  -31.7266430 32.961483   7.11221    20.376     0.154    21.772   MOON_BRIGHT