; SOURCE_NAME : oh_aux2
; SOURCE_RA_DEC	[146.12331, 146.1186771, 146.1211579, 146.1252263, 146.1211737]	[-31.72825, -31.72441639, -31.7266625, -31.72913221, -31.73156611]
; NUMBER_OF_REFERENCES	19
; Nilou Afsari	180627_2251
; OBSDAY2018                     STRTXT     RA_MC(")    DEC_MC(") Flux(uJy)       SNR    MAG_MC MAGERR_MC    LIM_MC   NOTE
    37.46044            I.180207_1103.A  146.1211759  -31.7266192 75.994878   29.8854    18.905     0.037    21.922   MOON_BRIGHT
    37.51183            I.180207_1217.A  146.1211545  -31.7266082 72.853196   38.9853    18.951     0.028    22.332   MOON_BRIGHT
    37.80334            I.180207_1916.S  -99.9999999  -99.9999999 -99.99999    -99.99   -99.999   -99.999   -99.999   PSF_ERROR_BAD_IMAGE
    38.03954            I.180208_0056.C  146.1211457  -31.7266003 69.420119   19.9648    19.003     0.055    21.531   MOON_BRIGHT
    38.07049            I.180208_0141.C  146.1211555  -31.7266098 71.349962   23.2860    18.974     0.047    21.723   MOON_BRIGHT
    38.10147            I.180208_0226.C  146.1211497  -31.7266196 71.335988   32.0205    18.974     0.034    22.130   MOON_BRIGHT
    38.45677            I.180208_1057.A  146.1212477  -31.7266978 -99.99999    -99.99   -99.999   -99.999    18.823   MOON_BRIGHT
    38.47969            I.180208_1130.A  -99.9999999  -99.9999999 -99.99999    -99.99   -99.999   -99.999   -99.999   PSF_ERROR_BAD_IMAGE
    38.80969            I.180208_1925.S  146.1211454  -31.7266151 61.267958   36.6315    19.140     0.030    22.426   _
    39.84104            I.180209_2011.S  146.1211834  -31.7265596 71.449630   27.0449    18.972     0.040    21.847   _
    39.89675            I.180209_2131.S  146.1211792  -31.7265652 64.034983   13.4136    19.092     0.081    21.192   _
    40.79208            I.180210_1900.S  146.1211670  -31.7266102 62.893122   24.8721    19.111     0.044    21.891   _
    40.87858            I.180210_2105.S  146.1211548  -31.7266076 61.218321   38.1004    19.141     0.029    22.522   _
    41.60600            I.180211_1432.A  146.1211621  -31.7266109 69.448647   34.5178    19.003     0.032    22.193   MOON_BRIGHT
    41.66684            I.180211_1600.A  146.1211471  -31.7266109 70.115700   37.1851    18.993     0.029    22.357   MOON_BRIGHT
    41.72709            I.180211_1727.A  -99.9999999  -99.9999999 -99.99999    -99.99   -99.999   -99.999   -99.999   PSF_ERROR_BAD_IMAGE
    43.60623            I.180213_1432.A  146.1211505  -31.7266300 66.298384   24.5417    19.054     0.044    21.873   _
    43.67752            I.180213_1615.A  146.1211545  -31.7266243 65.564259   21.0633    19.066     0.052    21.693   MOON_BRIGHT
    43.74204            I.180213_1748.A  146.1211527  -31.7265984 68.054714   28.1591    19.025     0.039    21.983   MOON_BRIGHT
    46.43954            I.180216_1032.A  146.1211504  -31.7265949 71.346425   23.6206    18.974     0.046    21.692   _
    46.48230            I.180216_1134.A  146.1211632  -31.7266193 71.670252   27.7208    18.969     0.039    21.901   _
    46.53323            I.180216_1247.A  146.1211533  -31.7265805 68.853083   25.9922    19.012     0.042    21.884   _
    47.44495            I.180217_1040.A  146.1211507  -31.7265776 68.191985   18.1415    19.023     0.060    21.443   _
    47.49216            I.180217_1148.A  146.1211617  -31.7266310 72.615522   23.5533    18.954     0.046    21.710   _
    48.43516            I.180218_1026.A  146.1211696  -31.7266128 70.889368   18.4794    18.981     0.059    21.452   _
    48.43661            I.180218_1028.A  146.1211679  -31.7266020 64.268441   17.8515    19.088     0.061    21.454   _
    48.48655            I.180218_1140.A  146.1211980  -31.7266107 79.497711   19.9193    18.856     0.055    21.385   _
    48.53730            I.180218_1253.A  146.1211595  -31.7266087 69.515829   28.8136    19.002     0.038    22.005   _
    48.56177            I.180218_1328.A  146.1211739  -31.7266385 51.417922   4.67521    19.331     0.233    20.231   _
    48.80425            I.180218_1918.S  146.1211853  -31.7265851 64.414398   23.0771    19.085     0.047    21.787   MOON_BRIGHT
    48.83601            I.180218_2003.S  146.1211651  -31.7265911 61.939992   27.9252    19.128     0.039    22.038   MOON_BRIGHT
    48.89492            I.180218_2128.S  146.1211444  -31.7266221 62.027823   27.4018    19.126     0.040    22.039   _
    49.04366            I.180219_0102.C  146.1211656  -31.7266086 74.200943   22.5881    18.931     0.048    21.592   _
    49.10359            I.180219_0229.C  146.1211477  -31.7266165 68.261241   29.8706    19.022     0.037    22.065   _
    49.20731            I.180219_0458.C  146.1211490  -31.7266220 69.582657   34.5769    19.001     0.032    22.208   _
    49.80008            I.180219_1912.S  146.1211483  -31.7266837 54.300015   7.79257    19.271     0.140    20.768   MOON_BRIGHT
    49.83358            I.180219_2000.S  146.1211550  -31.7266145 61.098743   36.6633    19.143     0.030    22.468   MOON_BRIGHT
    49.89115            I.180219_2123.S  146.1211623  -31.7266155 61.561196   37.9118    19.134     0.029    22.489   _
    49.96763            I.180219_2313.S  -99.9999999  -99.9999999 -99.99999    -99.99   -99.999   -99.999   -99.999   PSF_ERROR_BAD_IMAGE
    50.03797            I.180220_0054.C  146.1211672  -31.7266063 71.952124   23.4659    18.964     0.047    21.700   _
    50.06541            I.180220_0134.C  146.1211655  -31.7266024 67.601420   22.6246    19.032     0.048    21.705   _
    50.12022            I.180220_0253.C  146.1211609  -31.7266129 71.014593   27.3977    18.979     0.040    21.880   _
    50.23997            I.180220_0545.C  146.1211571  -31.7266147 70.802768   35.2183    18.982     0.031    22.282   _
    50.78619            I.180220_1852.S  146.1211521  -31.7266119 62.677593   30.9925    19.115     0.035    22.217   MOON_BRIGHT
    50.81304            I.180220_1930.S  146.1211457  -31.7266123 64.047784   35.6583    19.091     0.031    22.364   MOON_BRIGHT
    50.86350            I.180220_2043.S  146.1211457  -31.7266278 63.254230   29.9939    19.105     0.036    22.113   MOON_BRIGHT
    50.93524            I.180220_2226.S  146.1212050  -31.7265843 202.80551   3.18622    17.834     0.343    18.332   _
    51.04524            I.180221_0105.C  146.1211485  -31.7266155 73.010569   27.6504    18.948     0.039    21.881   _
    51.11497            I.180221_0245.C  146.1211468  -31.7266189 68.431377   33.8651    19.019     0.032    22.238   _
    51.19660            I.180221_0443.C  146.1211496  -31.7266186 67.036404   38.3038    19.042     0.029    22.452   _
    51.26615            I.180221_0623.C  146.1211538  -31.7266312 69.853837   45.1800    18.997     0.024    22.654   _
    51.43778            I.180221_1030.A  146.1211647  -31.7266293 71.861841   23.0201    18.966     0.047    21.681   _
    51.46888            I.180221_1115.A  146.1211723  -31.7266275 64.687762   13.8649    19.080     0.079    21.219   _
    51.52637            I.180221_1237.A  146.1211933  -31.7265770 69.065374   24.4824    19.009     0.045    21.767   _
    51.57615            I.180221_1349.A  146.1211804  -31.7266185 67.286813   34.2846    19.037     0.032    22.229   _
    51.63774            I.180221_1518.A  146.1211602  -31.7265647 64.423052   14.9263    19.085     0.073    21.292   _
    51.79156            I.180221_1859.S  146.1211422  -31.7266101 60.207935   27.7193    19.159     0.039    22.107   MOON_BRIGHT
    51.79516            I.180221_1905.S  146.1211487  -31.7266007 56.425012   31.5747    19.230     0.035    22.297   MOON_BRIGHT
    51.82594            I.180221_1949.S  146.1211469  -31.7266142 58.978250   29.1925    19.181     0.037    22.177   MOON_BRIGHT
    53.04594            I.180223_0106.C  146.1211548  -31.7266077 72.391012   22.1047    18.958     0.049    21.607   _
    53.09837            I.180223_0221.C  146.1211452  -31.7266121 68.101788   25.3484    19.024     0.043    21.905   _
    53.18498            I.180223_0426.C  146.1211445  -31.7266211 68.411990   38.0911    19.019     0.029    22.405   _
    53.24750            I.180223_0556.C  146.1211450  -31.7266271 68.750584   43.6089    19.014     0.025    22.637   _
    53.82656            I.180223_1950.S  146.1211585  -31.7265885 63.370311   26.3614    19.103     0.041    21.955   MOON_BRIGHT
    53.88609            I.180223_2115.S  146.1210705  -31.7266364 62.218826   5.45345    19.123     0.200    20.215   MOON_BRIGHT
    53.96771            I.180223_2313.S  146.1211739  -31.7265951 63.237365   23.5479    19.105     0.046    21.843   MOON_BRIGHT
    54.04028            I.180224_0058.S  146.1211970  -31.7265477 60.570226   14.7134    19.152     0.074    21.330   MOON_BRIGHT
    55.05976            I.180225_0126.C  146.1211446  -31.7266227 71.692853   43.1874    18.968     0.025    22.485   _
    55.11172            I.180225_0240.C  146.1211434  -31.7266234 69.343262   43.4227    19.005     0.025    22.578   _
    55.19809            I.180225_0445.C  146.1211423  -31.7266234 68.778475   49.4906    19.014     0.022    22.798   _
    55.26642            I.180225_0623.C  146.1211411  -31.7266163 75.807377   45.3136    18.907     0.024    22.549   _
    55.78316            I.180225_1847.S  146.1211780  -31.7265994 63.514608   28.8996    19.100     0.038    22.047   MOON_BRIGHT
    55.81471            I.180225_1933.S  146.1211644  -31.7266106 60.990029   23.6658    19.145     0.046    21.873   MOON_BRIGHT
    55.86957            I.180225_2052.S  146.1211503  -31.7266113 61.194432   33.2002    19.141     0.033    22.299   MOON_BRIGHT
    55.94465            I.180225_2240.S  146.1211370  -31.7266058 59.508331   23.6968    19.171     0.046    21.917   MOON_BRIGHT
    56.01722            I.180226_0024.S  146.1211675  -31.7265445 57.845892   19.5000    19.202     0.056    21.744   MOON_BRIGHT
    57.04773            I.180227_0108.C  146.1211521  -31.7266163 67.840203   25.5120    19.029     0.043    21.834   _
    57.10403            I.180227_0229.C  146.1211490  -31.7266124 71.834807   30.1670    18.966     0.036    21.986   _
    57.18135            I.180227_0421.C  146.1211477  -31.7266211 67.423948   31.5279    19.035     0.035    22.115   _
    57.24961            I.180227_0559.C  146.1211494  -31.7266137 66.747144   32.0375    19.046     0.034    22.158   _
    57.43161            I.180227_1021.A  146.1211524  -31.7266276 70.360801   22.7661    18.989     0.048    21.711   MOON_BRIGHT
    57.50106            I.180227_1201.A  146.1211747  -31.7266079 65.777900   18.3326    19.062     0.060    21.539   MOON_BRIGHT
    57.58821            I.180227_1407.A  146.1211401  -31.7265877 67.016240   19.5381    19.042     0.056    21.545   _
    57.66213            I.180227_1553.A  146.1211635  -31.7265783 62.422098   11.1570    19.119     0.098    20.976   _
    57.78742            I.180227_1853.S  146.1211611  -31.7266146 62.109580   33.8644    19.125     0.032    22.339   MOON_BRIGHT
    57.81522            I.180227_1933.S  146.1211444  -31.7266199 61.761204   34.4071    19.131     0.032    22.342   MOON_BRIGHT
    57.86940            I.180227_2051.S  146.1211531  -31.7266183 61.190075   33.5419    19.141     0.033    22.285   MOON_BRIGHT
    57.94992            I.180227_2247.S  146.1211429  -31.7266231 61.257464   33.6354    19.140     0.032    22.334   MOON_BRIGHT
    58.02462            I.180228_0035.S  146.1211045  -31.7266210 61.695762   17.5535    19.132     0.062    21.519   MOON_BRIGHT
    59.44817            I.180301_1045.A  146.1211280  -31.7266443 70.582348   18.6910    18.985     0.058    21.439   MOON_BRIGHT
    59.51029            I.180301_1214.A  146.1211802  -31.7266048 65.088672   17.6721    19.074     0.062    21.475   MOON_BRIGHT
    59.58744            I.180301_1405.A  146.1211875  -31.7265473 74.596881   14.9550    18.925     0.073    21.133   MOON_BRIGHT
    59.65994            I.180301_1550.A  146.1211811  -31.7265599 76.996643   13.7845    18.890     0.079    20.964   _
    59.77646            I.180301_1838.S  146.1212371  -31.7265118 59.569772   11.5349    19.170     0.095    21.131   _
    59.82806            I.180301_1952.S  146.1211604  -31.7265892 62.519213   14.7931    19.118     0.074    21.313   _
    61.03469            I.180303_0049.C  146.1211486  -31.7266143 71.402741   28.3788    18.973     0.038    21.931   MOON_BRIGHT
    61.09194            I.180303_0212.C  146.1211399  -31.7266169 66.350438   28.2532    19.053     0.039    22.002   _
    61.16089            I.180303_0351.C  146.1211368  -31.7266227 69.741102   33.6708    18.998     0.032    22.204   _
    61.23326            I.180303_0535.C  146.1211401  -31.7266202 66.679170   30.3039    19.047     0.036    22.120   _
    61.77703            I.180303_1838.S  146.1211782  -31.7265958 65.740790   31.0737    19.063     0.035    22.095   _
    61.81515            I.180303_1933.S  146.1211431  -31.7266252 63.224439   31.7593    19.105     0.034    22.158   _
    61.86729            I.180303_2048.S  146.1211550  -31.7266158 58.596955   25.0171    19.188     0.044    22.012   _
    61.94243            I.180303_2237.S  146.1211481  -31.7266129 63.473128   29.8424    19.101     0.037    22.169   MOON_BRIGHT
    62.02962            I.180304_0042.S  146.1211483  -31.7266059 63.932278   24.6887    19.093     0.044    21.888   MOON_BRIGHT
    63.04073            I.180305_0058.C  146.1211471  -31.7266259 69.534803   41.0677    19.002     0.027    22.429   MOON_BRIGHT
    63.10831            I.180305_0235.C  146.1211425  -31.7266186 67.792915   40.0320    19.029     0.027    22.488   MOON_BRIGHT
    63.17895            I.180305_0417.C  146.1211535  -31.7266174 68.294923   38.4005    19.021     0.028    22.367   _
    63.25439            I.180305_0606.C  146.1211365  -31.7266091 80.846785   30.0581    18.837     0.036    21.907   _
    63.78750            I.180305_1854.S  146.1211796  -31.7265692 68.213336   29.3050    19.023     0.037    22.016   _
    63.81709            I.180305_1936.S  146.1211733  -31.7266073 67.348297   34.4745    19.036     0.032    22.288   _
    63.87258            I.180305_2056.S  146.1211606  -31.7265982 62.223844   34.1809    19.123     0.032    22.314   _
    63.94794            I.180305_2245.S  146.1211560  -31.7266029 62.909862   32.7905    19.111     0.033    22.278   MOON_BRIGHT
    64.01979            I.180306_0028.S  146.1211615  -31.7265210 64.465164   18.6730    19.084     0.058    21.546   MOON_BRIGHT
    65.03171            I.180307_0045.C  -99.9999999  -99.9999999 -99.99999    -99.99   -99.999   -99.999   -99.999   PSF_ERROR_BAD_IMAGE
    65.08079            I.180307_0156.C  146.1211581  -31.7266203 67.027228   34.8464    19.042     0.031    22.279   MOON_BRIGHT
    65.17542            I.180307_0412.C  146.1211408  -31.7266256 67.140094   40.4317    19.040     0.027    22.453   MOON_BRIGHT
    65.24186            I.180307_0548.C  146.1211398  -31.7266215 73.082203   37.2987    18.947     0.029    22.248   MOON_BRIGHT
    65.77046            I.180307_1829.S  146.1211802  -31.7265897 61.163906   27.9037    19.142     0.039    22.080   _
    65.80269            I.180307_1915.S  146.1211640  -31.7266058 60.172327   30.3918    19.159     0.036    22.160   _
    65.85681            I.180307_2033.S  146.1211742  -31.7265989 61.489141   35.6458    19.136     0.031    22.368   _
    67.65347            I.180309_1541.A  146.1211553  -31.7266109 71.063259   26.6573    18.978     0.041    21.851   MOON_BRIGHT
    69.02450            I.180311_0035.C  146.1211500  -31.7266176 75.533917   38.3744    18.911     0.028    22.250   MOON_BRIGHT
    69.07741            I.180311_0151.C  146.1211502  -31.7266190 68.012708   34.5875    19.026     0.032    22.221   MOON_BRIGHT
    69.15093            I.180311_0337.C  146.1211469  -31.7266263 66.133720   42.4381    19.056     0.026    22.607   MOON_BRIGHT
    69.22334            I.180311_0521.C  146.1211543  -31.7266088 67.367366   40.8371    19.036     0.027    22.488   MOON_BRIGHT
    69.42220            I.180311_1007.A  146.1211470  -31.7266199 70.130394   33.4321    18.992     0.033    22.175   _
    69.47234            I.180311_1120.A  146.1211457  -31.7266152 72.933280   41.4072    18.950     0.026    22.407   _
    69.52257            I.180311_1232.A  146.1211544  -31.7266177 68.063960   34.4193    19.025     0.032    22.247   MOON_BRIGHT
    69.57311            I.180311_1345.A  146.1211590  -31.7266053 69.829109   42.7924    18.997     0.026    22.546   MOON_BRIGHT
    69.63681            I.180311_1517.A  146.1211526  -31.7266146 70.660815   41.7091    18.984     0.026    22.454   MOON_BRIGHT
    69.77181            I.180311_1831.S  146.1211549  -31.7266092 63.108869   32.2260    19.107     0.034    22.197   _
    69.81705            I.180311_1936.S  146.1211577  -31.7266027 60.435237   28.2701    19.155     0.039    22.158   _
    69.88015            I.180311_2107.S  146.1211202  -31.7265999 66.288906   12.9630    19.054     0.084    21.128   _
    69.94706            I.180311_2243.S  146.1211546  -31.7266119 61.427661   29.9791    19.137     0.036    22.185   _
    69.95012            I.180311_2248.S  146.1211530  -31.7266126 64.985565   44.0669    19.075     0.025    22.635   _
    71.02716            I.180313_0039.C  146.1211407  -31.7266267 68.647134   41.3296    19.016     0.026    22.453   MOON_BRIGHT
    71.07683            I.180313_0150.C  146.1211480  -31.7266269 65.661412   36.6963    19.064     0.030    22.408   MOON_BRIGHT
    71.14553            I.180313_0329.C  146.1211577  -31.7266215 67.602400   38.7311    19.032     0.028    22.449   MOON_BRIGHT
    71.21046            I.180313_0503.C  146.1211486  -31.7266251 68.734692   41.1117    19.014     0.027    22.446   MOON_BRIGHT
    73.02670            I.180315_0038.C  146.1211529  -31.7266197 68.795874   40.5244    19.013     0.027    22.456   MOON_BRIGHT
    73.07650            I.180315_0150.C  146.1211477  -31.7266216 69.520712   45.5180    19.002     0.024    22.599   MOON_BRIGHT
    73.14493            I.180315_0328.C  146.1211470  -31.7266319 70.414021   46.9896    18.988     0.023    22.669   MOON_BRIGHT
    73.20774            I.180315_0459.C  146.1211511  -31.7266312 65.282042   40.4885    19.070     0.027    22.576   MOON_BRIGHT
    73.43215            I.180315_1022.A  146.1211460  -31.7266182 72.678266   35.9096    18.953     0.030    22.216   _
    73.48568            I.180315_1139.A  146.1211719  -31.7265896 64.994636   24.3544    19.075     0.045    21.877   _
    73.53469            I.180315_1249.A  146.1211491  -31.7266183 68.026817   37.5529    19.026     0.029    22.336   _
    73.60300            I.180315_1428.A  146.1211543  -31.7266100 69.534827   34.0766    19.002     0.032    22.248   _
    73.77824            I.180315_1840.S  146.1206853  -31.7266291 159.14277   1.97148    18.098     0.554    18.046   _
    75.02072            I.180317_0029.C  146.1211566  -31.7266143 67.594815   35.4989    19.032     0.031    22.269   _
    75.07258            I.180317_0144.C  146.1211432  -31.7266252 67.647670   41.0399    19.032     0.027    22.459   _
    75.14360            I.180317_0326.C  146.1211488  -31.7266269 67.946532   46.3041    19.027     0.024    22.685   MOON_BRIGHT
    75.21039            I.180317_0502.C  146.1211392  -31.7266305 74.349224   51.3424    18.929     0.021    22.724   MOON_BRIGHT
    75.41549            I.180317_0958.A  146.1211786  -31.7266284 75.895277   29.7751    18.906     0.037    21.902   _
    75.46576            I.180317_1110.A  146.1211517  -31.7266142 73.452194   34.1908    18.942     0.032    22.179   _
    75.51970            I.180317_1228.A  146.1211493  -31.7266052 76.046675   37.7603    18.904     0.029    22.226   _
    75.58837            I.180317_1407.A  146.1211458  -31.7266225 66.093461   38.1083    19.057     0.029    22.452   _
    75.76890            I.180317_1827.S  146.1211667  -31.7266056 60.891158   38.3530    19.146     0.028    22.495   MOON_BRIGHT
    75.83707            I.180317_2005.S  146.1211536  -31.7266190 62.884192   44.5301    19.111     0.025    22.665   _
    75.90714            I.180317_2146.S  146.1211710  -31.7265981 61.337399   32.6825    19.138     0.033    22.294   _
    75.97568            I.180317_2324.S  146.1211908  -31.7265599 66.078543   26.4287    19.057     0.041    21.924   _
    76.40822            I.180318_0947.A  146.1211483  -31.7266129 63.473083   26.8574    19.101     0.041    22.029   _
    76.46154            I.180318_1104.A  146.1211559  -31.7266195 69.200813   31.7436    19.007     0.034    22.100   _
    76.51090            I.180318_1215.A  146.1211511  -31.7265990 69.609956   29.9153    19.000     0.036    22.012   _
    76.58264            I.180318_1359.A  146.1211405  -31.7266101 70.618056   38.0421    18.985     0.029    22.385   _
    76.76696            I.180318_1824.S  146.1211469  -31.7266243 62.876854   44.7598    19.111     0.024    22.666   MOON_BRIGHT
    76.82735            I.180318_1951.S  146.1211436  -31.7266226 61.521436   48.8243    19.135     0.022    22.805   _
    76.89203            I.180318_2124.S  146.1211476  -31.7266272 60.419223   45.3980    19.155     0.024    22.805   _
    76.96273            I.180318_2306.S  146.1211499  -31.7266195 60.180233   45.4082    19.159     0.024    22.801   _
    76.96587            I.180318_2310.S  146.1211531  -31.7266239 60.066761   46.5299    19.161     0.023    22.805   _
    77.15853            I.180319_0348.C  146.1211481  -31.7266234 67.878917   43.8787    19.028     0.025    22.572   _
    77.22672            I.180319_0526.C  146.1211556  -31.7266266 69.222315   43.9996    19.007     0.025    22.560   MOON_BRIGHT
    77.41887            I.180319_1003.A  146.1211497  -31.7266161 69.832256   28.7697    18.997     0.038    21.956   _
    77.47322            I.180319_1121.A  146.1211600  -31.7266103 68.473456   33.6687    19.018     0.032    22.180   _
    77.52417            I.180319_1234.A  146.1211597  -31.7265825 69.814414   21.1362    18.997     0.052    21.589   _
    77.59492            I.180319_1416.A  146.1211495  -31.7266080 69.814022   27.4089    18.997     0.040    21.894   _
    77.76491            I.180319_1821.S  146.1211432  -31.7266199 61.534634   39.5520    19.135     0.028    22.509   MOON_BRIGHT
    77.83122            I.180319_1956.S  146.1211504  -31.7266283 60.517615   43.6924    19.153     0.025    22.720   _
    77.90615            I.180319_2144.S  146.1211477  -31.7266331 61.025336   47.5716    19.144     0.023    22.796   _
    77.97028            I.180319_2317.S  146.1211564  -31.7266241 61.510363   42.5429    19.135     0.026    22.609   _
    78.15174            I.180320_0338.C  146.1211453  -31.7266335 69.363536   43.8906    19.004     0.025    22.575   _
    78.22421            I.180320_0522.C  146.1211608  -31.7266195 69.779503   40.4537    18.998     0.027    22.449   MOON_BRIGHT
    78.41867            I.180320_1002.A  146.1211714  -31.7265792 61.699672   12.2448    19.132     0.089    21.122   _
    78.42419            I.180320_1010.A  146.1211726  -31.7266324 69.050741   12.5950    19.009     0.087    21.044   _
    78.47330            I.180320_1121.A  146.1211523  -31.7266231 72.736620   29.2101    18.953     0.037    21.939   _
    78.52251            I.180320_1232.A  146.1211460  -31.7266110 63.812081   29.2499    19.095     0.037    22.097   _
    78.76340            I.180320_1819.S  -99.9999999  -99.9999999 -99.99999    -99.99   -99.999   -99.999   -99.999   PSF_ERROR_BAD_IMAGE
    78.82112            I.180320_1942.S  -99.9999999  -99.9999999 -99.99999    -99.99   -99.999   -99.999   -99.999   PSF_ERROR_BAD_IMAGE
    79.14208            I.180321_0324.C  146.1211510  -31.7266241 67.415666   41.0064    19.035     0.027    22.504   _
    79.21968            I.180321_0516.C  146.1211520  -31.7266183 68.047334   37.7226    19.025     0.029    22.387   _
    79.76309            I.180321_1818.S  146.1211447  -31.7266020 64.455566   35.7855    19.084     0.031    22.343   MOON_BRIGHT
    79.82043            I.180321_1941.S  146.1211754  -31.7266024 65.102749   32.8491    19.073     0.033    22.196   MOON_BRIGHT
    79.87860            I.180321_2105.S  146.1211967  -31.7265585 66.582464   31.2378    19.049     0.035    22.162   _
    80.12862            I.180322_0305.C  146.1211520  -31.7266225 64.662595   41.4298    19.081     0.026    22.594   _
    80.19148            I.180322_0435.C  146.1211362  -31.7266225 74.404671   45.4374    18.928     0.024    22.614   _
    81.11997            I.180323_0252.C  146.1211471  -31.7266122 67.308527   41.8248    19.037     0.026    22.492   _
    81.18488            I.180323_0426.C  146.1211443  -31.7266249 70.018686   49.4971    18.994     0.022    22.781   _
    81.40958            I.180323_0949.A  146.1211335  -31.7265982 70.253953   28.9778    18.990     0.038    21.971   _
    81.46175            I.180323_1104.A  146.1211496  -31.7266120 67.724192   29.1894    19.030     0.037    22.040   _
    81.51186            I.180323_1217.A  146.1211339  -31.7266005 63.983606   22.5617    19.092     0.048    21.809   _
    81.60918            I.180323_1437.A  146.1211673  -31.7265716 65.860948   16.2741    19.061     0.067    21.370   _
    81.76556            I.180323_1822.S  146.1211529  -31.7266231 61.891538   42.5761    19.129     0.026    22.657   MOON_BRIGHT
    81.82414            I.180323_1946.S  146.1211487  -31.7266222 64.930943   45.7546    19.076     0.024    22.693   MOON_BRIGHT
    83.02270            I.180325_0032.C  146.1211495  -31.7266192 67.391870   39.4644    19.036     0.028    22.460   _
    83.07492            I.180325_0147.C  146.1211506  -31.7266250 68.267618   40.6201    19.022     0.027    22.507   _
    83.14469            I.180325_0328.C  146.1211397  -31.7266261 67.130955   39.4757    19.040     0.028    22.449   _
    83.21641            I.180325_0511.C  146.1211381  -31.7266080 70.427953   36.4096    18.988     0.030    22.273   _
    83.76303            I.180325_1818.S  146.1211664  -31.7266063 63.317483   28.5439    19.104     0.038    22.066   MOON_BRIGHT
    83.81656            I.180325_1935.S  146.1211572  -31.7265994 62.445936   27.2987    19.119     0.040    22.005   MOON_BRIGHT
    83.88465            I.180325_2113.S  146.1211725  -31.7265811 63.745137   26.1237    19.096     0.042    21.956   MOON_BRIGHT
    83.95075            I.180325_2249.S  146.1211577  -31.7266102 62.042689   32.6522    19.126     0.033    22.241   MOON_BRIGHT
    85.45312            I.180327_1052.A  146.1211316  -31.7266093 64.158412   24.2333    19.089     0.045    21.879   MOON_BRIGHT
    85.50780            I.180327_1211.A  146.1211517  -31.7265990 65.768959   20.6632    19.062     0.053    21.655   _
    85.76317            I.180327_1818.S  146.1211480  -31.7266165 63.745294   25.5476    19.096     0.043    21.908   MOON_BRIGHT
    85.83697            I.180327_2005.S  146.1211451  -31.7266255 63.302169   39.3387    19.104     0.028    22.519   MOON_BRIGHT
    85.92402            I.180327_2210.S  146.1211525  -31.7266250 59.605008   36.6290    19.170     0.030    22.458   MOON_BRIGHT
    87.00539            I.180329_0007.C  146.1211356  -31.7266142 70.449574   34.5467    18.987     0.032    22.226   _
    87.07632            I.180329_0149.C  146.1211422  -31.7266253 75.082985   36.2255    18.918     0.030    22.173   _
    87.14295            I.180329_0325.C  146.1211407  -31.7266286 76.675891   37.8158    18.895     0.029    22.258   _
    87.20856            I.180329_0500.C  146.1211180  -31.7266119 90.359110   27.5843    18.716     0.040    21.652   _
    87.39797            I.180329_0933.A  146.1211536  -31.7266214 69.096161   20.0821    19.009     0.054    21.538   MOON_BRIGHT
    87.45351            I.180329_1053.A  146.1211328  -31.7266203 70.104766   22.6653    18.993     0.048    21.677   MOON_BRIGHT
    87.50753            I.180329_1210.A  146.1211469  -31.7266168 73.259882   26.7968    18.945     0.041    21.820   MOON_BRIGHT
    87.58059            I.180329_1356.A  146.1211391  -31.7266197 75.462566   27.4796    18.912     0.040    21.787   MOON_BRIGHT
    89.01236            I.180331_0017.C  146.1211402  -31.7266202 69.308734   26.4627    19.005     0.041    21.878   MOON_BRIGHT
    89.08034            I.180331_0155.C  146.1211396  -31.7266234 71.063368   33.2215    18.978     0.033    22.177   _
    89.16172            I.180331_0352.C  -99.9999999  -99.9999999 -99.99999    -99.99   -99.999   -99.999   -99.999   PSF_ERROR_BAD_IMAGE
    89.16804            I.180331_0401.C  146.1211423  -31.7266169 70.568400   30.6972    18.986     0.036    22.044   _
    89.41193            I.180331_0953.A  146.1211605  -31.7266049 63.892705   12.8113    19.094     0.085    21.133   MOON_BRIGHT
    89.46992            I.180331_1116.A  146.1211458  -31.7266393 68.812874   19.0855    19.013     0.057    21.510   MOON_BRIGHT
    89.52021            I.180331_1229.A  146.1211485  -31.7266157 69.222416   20.7083    19.007     0.053    21.584   MOON_BRIGHT
    89.59464            I.180331_1416.A  146.1211619  -31.7266294 69.421984   11.6763    19.003     0.093    20.947   MOON_BRIGHT
    89.85365            I.180331_2029.S  146.1211557  -31.7266198 64.191049   24.0597    19.089     0.045    21.859   MOON_BRIGHT
    91.00125            I.180402_0001.C  146.1211551  -31.7266137 67.959784   31.2455    19.027     0.035    22.120   MOON_BRIGHT
    91.07334            I.180402_0145.C  146.1211378  -31.7266203 69.824195   34.4053    18.997     0.032    22.177   MOON_BRIGHT
    91.14071            I.180402_0322.C  146.1211372  -31.7266212 65.869926   31.5503    19.061     0.035    22.156   _
    91.19461            I.180402_0440.C  146.1211346  -31.7266235 71.160617   31.6058    18.976     0.035    22.117   _
    91.40212            I.180402_0939.A  146.1211458  -31.7266272 67.152473   26.5226    19.040     0.041    21.931   MOON_BRIGHT
    91.83975            I.180402_2009.S  146.1211442  -31.7266111 60.284315   33.6624    19.157     0.032    22.309   _
    91.90436            I.180402_2142.S  146.1211601  -31.7265918 58.628154   23.8793    19.188     0.046    21.915   MOON_BRIGHT
    93.00497            I.180404_0007.C  146.1211504  -31.7266218 67.765183   34.8382    19.030     0.031    22.273   MOON_BRIGHT
    93.08041            I.180404_0155.C  146.1211456  -31.7266195 68.313473   39.1611    19.021     0.028    22.456   MOON_BRIGHT
    93.16502            I.180404_0357.C  146.1211506  -31.7266306 72.106507   45.7806    18.962     0.024    22.613   MOON_BRIGHT
    93.39743            I.180404_0932.A  146.1211482  -31.7266233 73.645536   32.9967    18.939     0.033    22.108   MOON_BRIGHT
    93.44834            I.180404_1045.A  146.1211535  -31.7266269 69.034667   34.6534    19.009     0.032    22.282   MOON_BRIGHT
    93.47834            I.180404_1128.A  146.1211487  -31.7266228 68.607791   37.7800    19.016     0.029    22.416   MOON_BRIGHT
    93.54266            I.180404_1301.A  146.1211450  -31.7266234 67.138162   29.4976    19.040     0.037    22.040   MOON_BRIGHT
    93.59797            I.180404_1421.A  146.1211440  -31.7266185 67.999991   30.3971    19.026     0.036    22.097   MOON_BRIGHT
    93.82521            I.180404_1948.S  146.1211452  -31.7266299 59.506681   48.2859    19.172     0.023    22.903   _
    93.89961            I.180404_2135.S  146.1211453  -31.7266301 60.606032   34.3308    19.152     0.032    22.369   _
    94.99604            I.180405_2354.C  146.1211497  -31.7266105 62.242925   23.3624    19.122     0.047    21.881   MOON_BRIGHT
    95.06850            I.180406_0138.C  146.1211521  -31.7266132 68.665487   29.4921    19.015     0.037    22.017   MOON_BRIGHT
    95.39574            I.180406_0929.A  146.1211581  -31.7266304 74.171108   27.9503    18.931     0.039    21.884   MOON_BRIGHT
    95.47179            I.180406_1119.A  146.1211428  -31.7266296 70.207695   39.4097    18.991     0.028    22.429   MOON_BRIGHT
    95.53450            I.180406_1249.A  146.1211493  -31.7266131 65.630920   29.2409    19.065     0.037    22.093   MOON_BRIGHT
    95.75398            I.180406_1805.S  146.1211602  -31.7266169 59.690697   30.8616    19.168     0.035    22.185   _
    95.82314            I.180406_1945.S  146.1211580  -31.7266139 62.006084   40.5194    19.127     0.027    22.571   _
    95.89583            I.180406_2130.S  146.1211515  -31.7266244 61.459023   43.5586    19.136     0.025    22.692   _
    96.99671            I.180407_2355.C  146.1211599  -31.7266162 65.954779   31.8082    19.059     0.034    22.138   MOON_BRIGHT
    97.07418            I.180408_0146.C  146.1211419  -31.7266195 68.369803   36.7721    19.020     0.030    22.367   MOON_BRIGHT
    97.14017            I.180408_0321.C  146.1211441  -31.7266324 71.037344   39.6969    18.978     0.028    22.399   MOON_BRIGHT
    97.39318            I.180408_0926.A  146.1212186  -31.7266012 65.054778   6.42349    19.074     0.170    20.356   _
    97.47537            I.180408_1124.A  146.1211453  -31.7266149 69.333168   33.4903    19.005     0.033    22.183   MOON_BRIGHT
    97.53826            I.180408_1255.A  146.1211448  -31.7266262 71.122927   38.6155    18.977     0.028    22.322   MOON_BRIGHT
    97.74344            I.180408_1750.S  146.1211554  -31.7266132 65.832143   32.7343    19.061     0.033    22.216   _
    97.81425            I.180408_1932.S  146.1211601  -31.7266165 65.996901   47.7850    19.059     0.023    22.740   _
    97.87862            I.180408_2105.S  146.1211566  -31.7266077 68.249370   36.9839    19.022     0.030    22.375   _
    98.99995            I.180409_2359.C  146.1211550  -31.7266079 68.773076   28.8057    19.014     0.038    21.982   MOON_BRIGHT
    99.07139            I.180410_0142.C  146.1211437  -31.7266231 67.230285   32.5048    19.038     0.034    22.168   MOON_BRIGHT
    99.13251            I.180410_0310.C  146.1211365  -31.7266191 79.471302   25.6674    18.856     0.043    21.729   MOON_BRIGHT
    99.75712            I.180410_1810.S  146.1211409  -31.7266229 61.793425   33.2737    19.130     0.033    22.274   _
   101.00214            I.180412_0003.C  146.1211569  -31.7266214 64.741180   30.9586    19.080     0.035    22.130   MOON_BRIGHT
   101.08016            I.180412_0155.C  -99.9999999  -99.9999999 -99.99999    -99.99   -99.999   -99.999   -99.999   PSF_ERROR_BAD_IMAGE
   101.14197            I.180412_0324.C  146.1211815  -31.7266132 83.194496   37.7874    18.806     0.029    22.168   MOON_BRIGHT
   101.39230            I.180412_0924.A  146.1211565  -31.7266290 73.751222   35.2504    18.937     0.031    22.194   _
   101.46493            I.180412_1109.A  146.1211426  -31.7266086 66.651285   34.3810    19.048     0.032    22.253   _
   101.52706            I.180412_1238.A  146.1211495  -31.7266177 66.868842   38.8498    19.044     0.028    22.453   _
   101.75788            I.180412_1811.S  146.1211406  -31.7266161 61.306079   40.0566    19.139     0.027    22.606   _
   103.01515            I.180414_0021.C  146.1211520  -31.7266185 67.987744   34.5896    19.026     0.032    22.284   _
   103.07903            I.180414_0153.C  146.1211506  -31.7266225 68.147159   41.7539    19.024     0.026    22.505   MOON_BRIGHT
   103.14196            I.180414_0324.C  146.1211501  -31.7266149 76.483036   38.7445    18.898     0.028    22.308   MOON_BRIGHT
   103.41003            I.180414_0950.A  146.1211534  -31.7266162 66.849259   26.0649    19.045     0.042    21.954   _
   103.47713            I.180414_1127.A  146.1211528  -31.7266188 64.988932   23.0478    19.075     0.047    21.811   _
   103.54185            I.180414_1300.A  146.1211459  -31.7266188 67.615518   29.3919    19.032     0.037    22.039   _
   103.75815            I.180414_1811.S  146.1211476  -31.7266113 65.472895   36.2462    19.067     0.030    22.338   _
   103.82248            I.180414_1944.S  146.1211639  -31.7266205 60.589114   42.6838    19.152     0.026    22.650   _
   103.88942            I.180414_2120.S  146.1211453  -31.7266121 62.461941   44.5215    19.119     0.025    22.744   _
   103.99351            I.180414_2350.C  146.1211475  -31.7266204 69.123205   41.8615    19.008     0.026    22.477   _
   104.06426            I.180415_0132.C  146.1211490  -31.7266236 68.367853   36.0778    19.020     0.030    22.296   _
   104.13278            I.180415_0311.C  146.1211450  -31.7266131 73.499414   33.7124    18.941     0.032    22.140   MOON_BRIGHT
   104.40958            I.180415_0949.A  146.1211445  -31.7266278 69.622981   43.0642    19.000     0.025    22.532   _
   104.47352            I.180415_1121.A  146.1211498  -31.7266178 67.346641   36.2325    19.036     0.030    22.338   _
   104.53950            I.180415_1256.A  146.1211427  -31.7266163 69.572568   43.7606    19.001     0.025    22.623   _
   104.75616            I.180415_1808.S  -99.9999999  -99.9999999 -99.99999    -99.99   -99.999   -99.999   -99.999   PSF_ERROR_BAD_IMAGE
   104.84066            I.180415_2010.S  146.1211606  -31.7266151 61.178124   45.4302    19.141     0.024    22.719   _
   104.90314            I.180415_2140.S  146.1211671  -31.7265931 60.890848   35.2004    19.146     0.031    22.431   _
   105.01610            I.180416_0023.C  146.1211412  -31.7266250 69.422372   34.5734    19.003     0.032    22.215   _
   105.09655            I.180416_0219.C  146.1211468  -31.7266113 73.116136   28.5643    18.947     0.038    21.906   _
   106.00647            I.180417_0009.C  146.1211380  -31.7266146 66.759406   26.4774    19.046     0.041    21.944   _
   106.07098            I.180417_0142.C  146.1211515  -31.7266217 65.892689   32.8111    19.060     0.033    22.212   _
   106.13777            I.180417_0318.C  146.1211557  -31.7266126 70.205678   36.2379    18.991     0.030    22.252   _
   106.40514            I.180417_0943.A  146.1211591  -31.7265972 65.728079   23.1817    19.063     0.047    21.768   _
   106.47194            I.180417_1119.A  146.1211400  -31.7266189 65.459276   36.9389    19.068     0.030    22.400   _
   106.53419            I.180417_1249.A  146.1211492  -31.7266217 68.636584   40.6488    19.016     0.027    22.464   _
   106.83525            I.180417_2002.S  146.1211510  -31.7266179 61.169594   32.0946    19.141     0.034    22.321   _
   106.90215            I.180417_2139.S  146.1211490  -31.7266231 61.735979   45.2516    19.131     0.024    22.710   _
   107.01830            I.180418_0026.C  146.1211528  -31.7266054 67.955222   23.3629    19.027     0.047    21.729   _
   107.08432            I.180418_0201.C  146.1211538  -31.7265606 67.499728   18.0842    19.034     0.060    21.515   _
   108.00840            I.180419_0012.C  146.1211399  -31.7266218 68.115822   34.2636    19.024     0.032    22.197   _
   108.07669            I.180419_0150.C  146.1211366  -31.7266361 66.626572   35.9810    19.048     0.030    22.350   _
   108.13756            I.180419_0318.C  146.1211544  -31.7266129 76.543584   33.7431    18.897     0.032    22.063   _
   108.75250            I.180419_1803.S  146.1211477  -31.7266165 60.117901   35.1405    19.160     0.031    22.368   MOON_BRIGHT
   108.81704            I.180419_1936.S  146.1211569  -31.7266147 61.091597   35.2614    19.143     0.031    22.359   MOON_BRIGHT
   108.89046            I.180419_2122.S  146.1211572  -31.7266118 61.202965   38.0844    19.141     0.029    22.511   MOON_BRIGHT
   109.01038            I.180420_0014.C  146.1211522  -31.7266223 67.689345   39.9179    19.031     0.027    22.489   _
   109.07743            I.180420_0151.C  146.1211489  -31.7266198 70.336924   36.2550    18.989     0.030    22.304   _
   109.14132            I.180420_0323.C  146.1211288  -31.7266010 89.544061   30.3477    18.726     0.036    21.821   _
   109.40529            I.180420_0943.A  146.1211436  -31.7266205 71.653384   35.3659    18.969     0.031    22.269   _
   109.47534            I.180420_1124.A  146.1211484  -31.7266124 69.502416   41.8499    19.002     0.026    22.489   _
   109.53797            I.180420_1254.A  146.1211559  -31.7266195 68.198897   40.7285    19.023     0.027    22.512   _
   109.74968            I.180420_1759.S  146.1211484  -31.7266230 59.182003   45.2658    19.177     0.024    22.812   MOON_BRIGHT
   109.82995            I.180420_1955.S  146.1211522  -31.7266194 60.489821   42.0302    19.154     0.026    22.601   MOON_BRIGHT
   109.88830            I.180420_2119.S  146.1211493  -31.7266299 61.824699   45.6269    19.130     0.024    22.779   MOON_BRIGHT
   110.00484            I.180421_0006.C  146.1211423  -31.7266292 67.381849   42.3030    19.036     0.026    22.597   _
   110.07230            I.180421_0144.C  146.1211427  -31.7266249 69.151877   41.5076    19.008     0.026    22.545   _
   110.14265            I.180421_0325.C  146.1211159  -31.7266064 79.692382   35.9818    18.853     0.030    22.157   _
   110.41250            I.180421_0954.A  146.1211365  -31.7266091 68.509149   24.1253    19.018     0.045    21.795   _
   110.48147            I.180421_1133.A  146.1211483  -31.7266108 66.104273   31.0384    19.057     0.035    22.158   _
   110.75587            I.180421_1808.S  146.1211538  -31.7266231 61.178939   43.1142    19.141     0.025    22.678   MOON_BRIGHT
   110.82910            I.180421_1953.S  146.1211419  -31.7266180 64.615837   53.4274    19.082     0.020    22.977   MOON_BRIGHT
   111.01561            I.180422_0022.C  146.1211407  -31.7266234 75.088687   44.8843    18.918     0.024    22.524   _
   111.08189            I.180422_0157.C  146.1211391  -31.7266301 69.840637   45.8275    18.997     0.024    22.651   _
   111.13861            I.180422_0319.C  146.1211677  -31.7266184 67.339274   33.0993    19.037     0.033    22.208   _
   111.39782            I.180422_0932.A  146.1211572  -31.7266274 64.853318   33.5040    19.078     0.033    22.282   _
   111.75164            I.180422_1802.S  146.1211496  -31.7266278 61.215369   40.3036    19.141     0.027    22.572   MOON_BRIGHT
   111.82394            I.180422_1946.S  146.1211459  -31.7266240 62.789376   49.8014    19.113     0.022    22.860   MOON_BRIGHT
   112.02259            I.180423_0032.C  146.1211486  -31.7266218 68.832071   33.3496    19.013     0.033    22.190   _
   112.13969            I.180423_0321.C  146.1211583  -31.7266212 69.765895   18.8255    18.998     0.058    21.442   _
   112.40606            I.180423_0944.A  146.1211425  -31.7266187 67.305419   31.3678    19.037     0.035    22.201   MOON_BRIGHT
   112.47520            I.180423_1124.A  146.1211359  -31.7266207 70.031601   36.1385    18.994     0.030    22.274   _
   112.77662            I.180423_1838.S  146.1211571  -31.7266105 61.105809   32.2577    19.143     0.034    22.292   MOON_BRIGHT
   112.85458            I.180423_2030.S  146.1211511  -31.7266094 62.316401   33.0117    19.121     0.033    22.267   MOON_BRIGHT
   113.03936            I.180424_0056.C  146.1211469  -31.7266235 65.792738   31.2071    19.062     0.035    22.127   _
   113.10285            I.180424_0228.C  146.1211406  -31.7266420 74.841171   17.5418    18.921     0.062    21.378   _
   113.39765            I.180424_0932.A  146.1211416  -31.7266141 68.486770   34.0759    19.018     0.032    22.201   MOON_BRIGHT
   113.46831            I.180424_1114.A  146.1211486  -31.7266156 63.551848   24.3750    19.100     0.045    21.898   _
   113.75468            I.180424_1806.S  146.1211428  -31.7266193 62.645121   37.7027    19.115     0.029    22.476   MOON_BRIGHT
   113.83203            I.180424_1958.S  146.1211480  -31.7266223 59.717501   40.1700    19.168     0.027    22.558   MOON_BRIGHT
   113.99894            I.180424_2358.C  146.1211480  -31.7266165 63.632431   29.5055    19.098     0.037    22.145   _
   114.05995            I.180425_0126.C  146.1211463  -31.7266292 66.697454   30.3929    19.047     0.036    22.071   _
   115.39234            I.180426_0924.A  146.1211410  -31.7266226 66.523819   27.8329    19.050     0.039    21.992   MOON_BRIGHT
   115.46388            I.180426_1107.A  146.1211400  -31.7266095 68.439606   26.7013    19.019     0.041    21.952   MOON_BRIGHT
   115.46547            I.180426_1110.A  146.1211691  -31.7266142 65.386226   23.1071    19.069     0.047    21.799   MOON_BRIGHT
   116.02198            I.180427_0031.C  146.1211487  -31.7266160 64.194061   26.9305    19.089     0.041    21.970   _
   116.08464            I.180427_0201.C  146.1211367  -31.7266188 66.076764   27.2635    19.057     0.040    21.952   _
   116.38892            I.180427_0920.A  146.1211659  -31.7265641 69.656740   15.3294    19.000     0.071    21.235   MOON_BRIGHT
   116.45537            I.180427_1055.A  146.1211650  -31.7266310 64.572530   19.5072    19.082     0.056    21.608   MOON_BRIGHT
   116.74086            I.180427_1746.S  146.1211489  -31.7266113 67.379685   33.5787    19.036     0.033    22.195   MOON_BRIGHT
   116.80366            I.180427_1917.S  146.1211526  -31.7266237 64.401216   32.6900    19.085     0.033    22.214   MOON_BRIGHT
   116.86976            I.180427_2052.S  146.1211725  -31.7266175 66.199466   24.6494    19.055     0.044    21.829   MOON_BRIGHT
   117.00274            I.180428_0003.C  146.1211369  -31.7266221 69.882683   25.6986    18.996     0.042    21.860   _
   117.06569            I.180428_0134.C  146.1211418  -31.7266283 67.918337   26.8185    19.027     0.041    21.881   _
   117.38854            I.180428_0919.A  146.1211411  -31.7266299 64.744953   23.3894    19.079     0.047    21.814   MOON_BRIGHT
   117.45696            I.180428_1058.A  146.1211870  -31.7265904 66.780545   20.1650    19.046     0.054    21.595   MOON_BRIGHT
   117.73591            I.180428_1739.S  146.1212118  -31.7265869 57.266043   7.58848    19.213     0.144    20.646   _
   117.80244            I.180428_1915.S  146.1211933  -31.7266478 66.533097   6.54053    19.050     0.167    20.317   MOON_BRIGHT
   117.87021            I.180428_2053.S  146.1211670  -31.7266403 71.430868   14.2313    18.972     0.077    21.111   MOON_BRIGHT
   117.99337            I.180428_2350.C  146.1211099  -31.7266635 73.810896   5.59313    18.937     0.195    20.061   MOON_BRIGHT
   118.05601            I.180429_0120.C  146.1210806  -31.7267003 53.413012   3.92968    19.289     0.278    20.030   _
   118.11851            I.180429_0250.C  146.1209853  -31.7266367 115.04234   4.19314    18.452     0.260    19.260   _
   118.39880            I.180429_0934.A  146.1211495  -31.7266215 66.179533   27.2481    19.056     0.040    21.967   MOON_BRIGHT
   118.46752            I.180429_1113.A  146.1211411  -31.7266147 65.678524   21.6472    19.064     0.050    21.706   MOON_BRIGHT
   118.73773            I.180429_1742.S  146.1211654  -31.7265804 64.133309   23.7901    19.090     0.046    21.814   _
   118.80162            I.180429_1914.S  146.1211251  -31.7265817 62.667181   17.8590    19.115     0.061    21.531   MOON_BRIGHT
   118.86914            I.180429_2051.S  146.1211548  -31.7265997 63.273571   20.5023    19.105     0.053    21.713   MOON_BRIGHT
   118.99752            I.180429_2356.C  146.1211377  -31.7266284 68.352069   28.5734    19.020     0.038    21.969   MOON_BRIGHT
   119.05877            I.180430_0124.C  146.1211408  -31.7266224 69.286624   26.8442    19.006     0.041    21.930   MOON_BRIGHT
   119.11800            I.180430_0249.C  146.1211604  -31.7266146 77.085652   23.4339    18.889     0.047    21.639   _
   119.38866            I.180430_0919.A  146.1211291  -31.7266096 63.320967   18.3159    19.104     0.060    21.557   MOON_BRIGHT
   119.45192            I.180430_1050.A  146.1211760  -31.7265769 67.094655   17.1436    19.041     0.064    21.421   MOON_BRIGHT
   119.73179            I.180430_1733.S  146.1211466  -31.7266167 61.929393   40.3084    19.128     0.027    22.530   _
   119.80488            I.180430_1919.S  146.1211376  -31.7266153 64.338629   40.1859    19.086     0.027    22.484   _
   119.99959            I.180430_2359.C  146.1212624  -31.7269069 272.16757   1.79007    17.513     0.610    17.382   MOON_BRIGHT
   121.38912            I.180502_0920.A  146.1211634  -31.7266223 69.213387   34.6896    19.007     0.031    22.205   MOON_BRIGHT
   121.45039            I.180502_1048.A  146.1211434  -31.7266123 67.599565   31.6556    19.032     0.034    22.128   MOON_BRIGHT
   121.50917            I.180502_1213.A  146.1211354  -31.7266137 69.336629   19.4809    19.005     0.056    21.535   MOON_BRIGHT
   121.82999            I.180502_1955.S  146.1211728  -31.7266134 64.793868   24.9323    19.079     0.044    21.887   _
   121.98757            I.180502_2342.C  146.1211646  -31.7266241 70.429789   29.8730    18.988     0.037    22.032   MOON_BRIGHT
   122.05535            I.180503_0119.C  146.1211384  -31.7266161 63.021504   12.2166    19.109     0.089    21.119   MOON_BRIGHT
   122.73407            I.180503_1737.S  146.1211585  -31.7265961 61.714551   29.5870    19.132     0.037    22.171   _
   122.79889            I.180503_1910.S  146.1211507  -31.7266170 64.458068   34.6192    19.084     0.032    22.311   _
   122.86065            I.180503_2039.S  146.1211505  -31.7266194 61.854977   41.7302    19.129     0.026    22.581   _
   122.98863            I.180503_2343.C  146.1211493  -31.7266268 69.832066   36.3550    18.997     0.030    22.289   MOON_BRIGHT
   123.06274            I.180504_0130.C  146.1211504  -31.7266197 70.482703   38.0565    18.987     0.029    22.346   MOON_BRIGHT
   123.39677            I.180504_0931.A  146.1211688  -31.7265965 66.956260   25.3728    19.043     0.043    21.874   MOON_BRIGHT
   123.45954            I.180504_1101.A  146.1211823  -31.7265697 65.677388   19.1036    19.064     0.057    21.556   MOON_BRIGHT
   123.73583            I.180504_1739.S  146.1211490  -31.7266238 59.789666   38.2516    19.166     0.029    22.527   _
   123.79904            I.180504_1910.S  146.1211527  -31.7266251 60.708864   45.1617    19.150     0.024    22.713   _
   124.00046            I.180505_0000.C  146.1211460  -31.7266229 65.778316   39.3728    19.062     0.028    22.499   MOON_BRIGHT
   124.07310            I.180505_0145.C  146.1211516  -31.7266230 71.101132   39.5981    18.977     0.028    22.405   MOON_BRIGHT
   124.39189            I.180505_0924.A  146.1211966  -31.7265463 66.174807   15.9317    19.056     0.068    21.326   MOON_BRIGHT
   124.45963            I.180505_1101.A  146.1211605  -31.7265890 64.841662   24.0285    19.078     0.045    21.833   MOON_BRIGHT
   124.73234            I.180505_1734.S  146.1211542  -31.7266247 60.364794   41.4192    19.156     0.026    22.606   _
   124.79485            I.180505_1904.S  146.1211618  -31.7266255 62.669845   43.5404    19.115     0.025    22.672   _
   124.85470            I.180505_2030.S  146.1211516  -31.7265891 61.690752   30.9882    19.132     0.035    22.197   _
   125.08917            I.180506_0208.C  146.1211346  -31.7265931 71.923864   31.0379    18.965     0.035    22.010   MOON_BRIGHT
   125.45946            I.180506_1101.A  146.1211428  -31.7266190 67.321663   33.6792    19.037     0.032    22.241   MOON_BRIGHT
   125.72819            I.180506_1728.S  146.1211439  -31.7266061 58.786864   25.1369    19.185     0.043    22.002   _
   125.79537            I.180506_1905.S  146.1211611  -31.7266150 64.218502   40.5581    19.088     0.027    22.482   _
   126.03075            I.180507_0044.C  146.1211417  -31.7266267 70.932807   15.8524    18.980     0.069    21.262   MOON_BRIGHT
   126.39698            I.180507_0931.A  146.1211554  -31.7266066 66.129992   32.9857    19.056     0.033    22.217   _
   126.46252            I.180507_1106.A  -99.9999999  -99.9999999 -99.99999    -99.99   -99.999   -99.999   -99.999   PSF_ERROR_BAD_IMAGE
   126.99469            I.180507_2352.C  146.1211366  -31.7266306 68.692064   16.1439    19.015     0.068    21.341   MOON_BRIGHT
   127.05622            I.180508_0120.C  146.1211574  -31.7266111 65.310404   17.2381    19.070     0.063    21.457   MOON_BRIGHT
   127.38711            I.180508_0917.A  146.1212017  -31.7266636 68.694347   4.29836    19.015     0.254    19.846   _
   127.99750            I.180508_2356.C  146.1211517  -31.7266143 66.372146   21.9037    19.052     0.050    21.691   MOON_BRIGHT
   128.06214            I.180509_0129.C  146.1211795  -31.7265801 69.785099   21.0440    18.998     0.052    21.590   MOON_BRIGHT
   128.38889            I.180509_0919.A  146.1211464  -31.7266209 70.638133   33.2686    18.984     0.033    22.148   _
   128.45336            I.180509_1052.A  146.1211614  -31.7266187 68.923857   30.8329    19.011     0.035    22.082   _
   128.74852            I.180509_1757.S  146.1211500  -31.7266222 61.898582   38.4707    19.129     0.028    22.531   _
   128.81252            I.180509_1930.S  146.1211480  -31.7266292 62.681301   38.4522    19.115     0.028    22.534   _
   129.74343            I.180510_1750.S  146.1211586  -31.7266236 59.366310   9.80543    19.174     0.111    20.968   _
   129.81072            I.180510_1927.S  146.1212787  -31.7266796 81.518531   5.29666    18.828     0.206    19.925   _
   130.00059            I.180511_0000.C  146.1211464  -31.7266186 71.310221   35.6927    18.974     0.031    22.210   MOON_BRIGHT
   130.07226            I.180511_0144.C  146.1211419  -31.7266267 69.233312   35.6920    19.006     0.031    22.270   MOON_BRIGHT
   130.73472            I.180511_1738.S  146.1211661  -31.7266046 64.332938   30.2086    19.086     0.036    22.084   _
   130.80152            I.180511_1914.S  146.1211604  -31.7265871 65.182941   31.8556    19.072     0.034    22.188   _
   130.99840            I.180511_2357.C  146.1211470  -31.7266240 71.333177   40.6182    18.974     0.027    22.446   MOON_BRIGHT
   131.06625            I.180512_0135.C  146.1211247  -31.7266098 74.840121   38.6137    18.921     0.028    22.327   MOON_BRIGHT
   131.46147            I.180512_1104.A  146.1211626  -31.7265618 64.472641   9.13395    19.084     0.119    20.764   _
   131.73573            I.180512_1739.S  146.1211505  -31.7266121 64.592840   35.2565    19.082     0.031    22.328   _
   131.80318            I.180512_1916.S  146.1211446  -31.7266203 64.691293   36.7155    19.080     0.030    22.360   _
   131.99519            I.180512_2353.C  146.1211573  -31.7266092 66.042772   28.1264    19.058     0.039    21.999   _
   132.05875            I.180513_0124.C  146.1211591  -31.7266024 66.437868   27.5538    19.051     0.040    21.959   MOON_BRIGHT
   132.39424            I.180513_0927.A  146.1211486  -31.7266154 67.744066   32.6727    19.030     0.033    22.205   _
   132.46551            I.180513_1110.A  146.1211478  -31.7266301 66.679072   36.2075    19.047     0.030    22.328   _
   132.74325            I.180513_1750.S  146.1211613  -31.7266143 66.113161   29.9909    19.057     0.036    22.046   _
   132.80862            I.180513_1924.S  146.1211468  -31.7266123 62.916513   36.3330    19.111     0.030    22.416   _
   133.38601            I.180514_0915.A  146.1211808  -31.7266066 68.445719   20.7498    19.019     0.053    21.606   _
   133.45154            I.180514_1050.A  146.1211544  -31.7265996 66.761585   26.1519    19.046     0.042    21.952   _
   133.73487            I.180514_1738.S  146.1211507  -31.7266144 65.611195   35.9603    19.065     0.030    22.367   _
   133.81376            I.180514_1931.S  146.1211517  -31.7266099 62.707093   34.2979    19.114     0.032    22.356   _
   133.98734            I.180514_2341.C  146.1211663  -31.7266086 72.049620   20.1058    18.963     0.054    21.535   _
   134.05883            I.180515_0124.C  146.1211508  -31.7266091 74.307527   34.3757    18.929     0.032    22.124   _
   134.38897            I.180515_0920.A  146.1211513  -31.7266234 64.715379   29.3384    19.080     0.037    22.110   _
   134.45253            I.180515_1051.A  146.1211342  -31.7266243 69.424777   29.8397    19.003     0.037    22.011   _
   134.73779            I.180515_1742.S  146.1211527  -31.7266205 65.618155   40.2267    19.065     0.027    22.497   _
   134.74096            I.180515_1746.S  146.1211490  -31.7266222 65.569345   37.5235    19.066     0.029    22.406   _
   134.98292            I.180515_2335.C  146.1211339  -31.7266274 70.534674   30.3912    18.986     0.036    22.074   _
   135.05034            I.180516_0112.C  146.1211466  -31.7266195 68.268867   34.6369    19.022     0.032    22.286   _
   135.37372            I.180516_0858.A  146.1211852  -31.7265794 66.595630   17.5324    19.049     0.062    21.427   _
   135.43927            I.180516_1032.A  146.1211551  -31.7266169 64.254777   22.4297    19.088     0.049    21.759   _
   135.73917            I.180516_1744.S  146.1211443  -31.7266229 64.372691   41.9694    19.086     0.026    22.594   MOON_BRIGHT
   135.80678            I.180516_1921.S  146.1211451  -31.7266158 63.247697   39.7597    19.105     0.027    22.500   MOON_BRIGHT
   135.99674            I.180516_2355.C  146.1211480  -31.7266252 69.350057   37.6021    19.005     0.029    22.395   _
   136.05753            I.180517_0122.C  146.1211504  -31.7266175 67.240290   36.6301    19.038     0.030    22.349   _
   136.38451            I.180517_0913.A  146.1211473  -31.7266215 66.309333   33.5531    19.053     0.033    22.240   _
   136.44747            I.180517_1044.A  146.1211495  -31.7265993 69.805451   27.2920    18.997     0.040    21.928   _
   136.73870            I.180517_1743.S  146.1211552  -31.7266161 66.215764   43.9404    19.055     0.025    22.589   MOON_BRIGHT
   136.80095            I.180517_1913.S  146.1211464  -31.7266313 65.408079   42.7595    19.068     0.026    22.573   MOON_BRIGHT
   136.98517            I.180517_2338.C  146.1211472  -31.7266264 78.719413   10.5652    18.866     0.103    20.705   _
   137.00699            I.180518_0010.C  146.1211461  -31.7266120 70.817224   25.3097    18.982     0.043    21.849   _
   137.02814            I.180518_0040.C  146.1211597  -31.7266355 69.800518   33.9397    18.997     0.032    22.220   _
   137.05089            I.180518_0113.C  146.1211519  -31.7266275 67.681769   40.4876    19.031     0.027    22.455   _
   137.38575            I.180518_0915.A  146.1211753  -31.7265797 72.727484   20.1042    18.953     0.054    21.530   _
   137.45383            I.180518_1053.A  146.1211573  -31.7266274 65.027573   22.9415    19.075     0.048    21.792   _
   137.73851            I.180518_1743.S  146.1211575  -31.7270131 244.32473   1.34826    17.631     0.810    17.209   MOON_BRIGHT
   137.97725            I.180518_2327.C  146.1211454  -31.7266290 66.470684   30.4029    19.051     0.036    22.092   _
   138.02817            I.180519_0040.C  146.1211445  -31.7265962 74.847412   31.2549    18.921     0.035    22.002   _
   138.05644            I.180519_0121.C  146.1211473  -31.7266065 76.390843   33.6277    18.899     0.032    22.130   _
   138.37888            I.180519_0905.A  146.1211539  -31.7266005 70.342916   25.2377    18.989     0.043    21.824   _
   138.45156            I.180519_1050.A  146.1211823  -31.7265943 66.727223   21.6988    19.047     0.050    21.664   _
   138.95632            I.180519_2257.C  146.1211477  -31.7266344 70.429003   24.0385    18.988     0.045    21.757   _
   139.00664            I.180520_0009.C  146.1211410  -31.7266203 66.806283   32.5818    19.045     0.034    22.205   _
   139.03743            I.180520_0053.C  146.1211583  -31.7266179 71.666645   32.3057    18.969     0.034    22.096   _
   139.44483            I.180520_1040.A  146.1211486  -31.7266038 67.306837   16.8728    19.037     0.065    21.376   _
   139.97242            I.180520_2320.C  146.1211464  -31.7266303 69.338443   29.7522    19.005     0.037    22.027   _
   140.01740            I.180521_0025.C  146.1211557  -31.7266246 76.575895   29.9425    18.896     0.036    21.972   _
   140.04668            I.180521_0107.C  146.1211626  -31.7266046 79.511108   26.8168    18.855     0.041    21.726   _
   140.38380            I.180521_0912.A  146.1211536  -31.7266143 66.731914   27.2664    19.047     0.040    21.952   _
   140.97113            I.180521_2318.C  146.1211461  -31.7266281 70.333786   34.9661    18.989     0.031    22.191   _
   141.01644            I.180522_0023.C  146.1211512  -31.7266292 69.468993   26.6899    19.003     0.041    21.929   _
   141.04590            I.180522_0106.C  146.1211349  -31.7266335 69.383959   27.6768    19.004     0.039    21.944   _
   141.40528            I.180522_0943.A  146.1212005  -31.7265923 69.966853   20.8526    18.995     0.052    21.588   MOON_BRIGHT
   141.98242            I.180522_2334.C  146.1211488  -31.7266139 69.815811   39.6126    18.997     0.028    22.371   _
   142.05087            I.180523_0113.C  146.1211401  -31.7266171 70.564378   40.9982    18.986     0.027    22.442   _
   142.38355            I.180523_0912.A  146.1211863  -31.7265930 68.928735   17.8474    19.011     0.061    21.429   MOON_BRIGHT
   142.44935            I.180523_1047.A  146.1211735  -31.7266053 76.943666   26.2607    18.891     0.042    21.779   MOON_BRIGHT
   142.72576            I.180523_1725.S  146.1211590  -31.7266207 63.875293   26.3152    19.094     0.041    21.983   MOON_BRIGHT
   142.79588            I.180523_1906.S  146.1211426  -31.7266386 67.652247   11.8189    19.032     0.092    20.997   MOON_BRIGHT
   142.97751            I.180523_2327.C  146.1211444  -31.7266258 71.066968   40.2980    18.978     0.027    22.436   _
   143.04350            I.180524_0102.C  146.1211565  -31.7266214 77.519249   37.1591    18.883     0.029    22.223   _
   143.97524            I.180524_2324.C  146.1211536  -31.7266237 73.024969   36.2386    18.948     0.030    22.239   _
   144.03641            I.180525_0052.C  146.1211454  -31.7266157 67.581168   31.2993    19.033     0.035    22.153   _
   144.37981            I.180525_0906.A  146.1211336  -31.7266268 65.921166   35.2629    19.060     0.031    22.339   MOON_BRIGHT
   144.97411            I.180525_2322.C  146.1211498  -31.7266169 68.166540   32.0073    19.023     0.034    22.180   _
   145.03483            I.180526_0050.C  146.1211616  -31.7266192 71.071300   33.2311    18.978     0.033    22.138   _
   145.71863            I.180526_1714.S  146.1211481  -31.7266100 63.902329   25.5403    19.094     0.043    21.944   MOON_BRIGHT
   145.78211            I.180526_1846.S  146.1211542  -31.7266226 60.797609   26.6192    19.148     0.041    22.058   MOON_BRIGHT
   145.98109            I.180526_2332.C  146.1211596  -31.7266251 75.240608   26.3611    18.916     0.041    21.753   MOON_BRIGHT
   146.04147            I.180527_0059.C  146.1211312  -31.7266164 73.900727   25.6279    18.935     0.043    21.799   _
   146.73535            I.180527_1738.S  146.1211562  -31.7266213 66.134497   35.7932    19.056     0.031    22.322   MOON_BRIGHT
   146.79748            I.180527_1908.S  -99.9999999  -99.9999999 -99.99999    -99.99   -99.999   -99.999   -99.999   PSF_ERROR_BAD_IMAGE
   146.98422            I.180527_2337.C  146.1211507  -31.7266244 71.056605   28.1351    18.978     0.039    21.931   MOON_BRIGHT
   147.37770            I.180528_0903.A  146.1211435  -31.7266128 66.295124   28.0959    19.054     0.039    21.957   MOON_BRIGHT
   148.38043            I.180529_0907.A  146.1211434  -31.7266229 70.941045   31.3073    18.980     0.035    22.082   MOON_BRIGHT
   148.39182            I.180529_0924.A  146.1211422  -31.7266116 71.273175   30.2976    18.975     0.036    22.015   MOON_BRIGHT
   148.74490            I.180529_1752.S  146.1211311  -31.7266196 66.067739   22.2651    19.057     0.049    21.724   _
   149.73302            I.180530_1735.S  146.1211789  -31.7266543 64.818615   7.00560    19.078     0.156    20.488   _
   150.37544            I.180531_0900.A  146.1211466  -31.7266021 65.505548   16.1280    19.067     0.068    21.378   MOON_BRIGHT
   150.72198            I.180531_1719.S  146.1211664  -31.7266037 69.263475   29.6189    19.006     0.037    22.030   _
   150.97561            I.180531_2324.C  146.1211554  -31.7265999 73.245234   26.7358    18.945     0.041    21.876   MOON_BRIGHT
   151.03753            I.180601_0054.C  146.1211499  -31.7266174 70.856931   25.2410    18.981     0.043    21.812   MOON_BRIGHT
   151.38731            I.180601_0917.A  146.1211562  -31.7266172 66.029091   21.5210    19.058     0.051    21.666   MOON_BRIGHT
   151.97697            I.180601_2326.C  146.1211401  -31.7266207 68.927835   33.5840    19.011     0.033    22.181   MOON_BRIGHT
   152.72014            I.180602_1717.S  146.1211572  -31.7266088 63.185870   29.5098    19.106     0.037    22.095   _
   152.97219            I.180602_2319.C  146.1211483  -31.7266286 71.061928   48.3179    18.978     0.023    22.662   MOON_BRIGHT
   153.38384            I.180603_0912.A  146.1211609  -31.7265945 68.682941   23.7709    19.015     0.046    21.778   MOON_BRIGHT
   153.98072            I.180603_2332.C  -99.9999999  -99.9999999 -99.99999    -99.99   -99.999   -99.999   -99.999   PSF_ERROR_BAD_IMAGE
   154.37301            I.180604_0857.A  146.1211559  -31.7266174 66.854684   26.0170    19.044     0.042    21.957   _
   154.71984            I.180604_1716.S  146.1211461  -31.7266145 64.635319   27.4826    19.081     0.040    22.009   _
   154.77662            I.180604_1838.S  146.1211462  -31.7265828 66.417934   21.3424    19.052     0.051    21.654   _
   154.96961            I.180604_2316.C  146.1211511  -31.7266162 68.166047   32.5300    19.023     0.034    22.181   MOON_BRIGHT
   155.37902            I.180605_0905.A  146.1211810  -31.7265914 69.762846   19.8399    18.998     0.055    21.524   _
   155.72641            I.180605_1726.S  146.1211497  -31.7266177 66.299846   37.9792    19.054     0.029    22.371   _
   156.37648            I.180606_0902.A  146.1211660  -31.7266224 72.940726   18.7831    18.949     0.058    21.377   _
   156.72366            I.180606_1722.S  146.1211485  -31.7266151 63.953897   32.7446    19.093     0.033    22.242   _
   156.97395            I.180606_2322.C  146.1211540  -31.7266097 68.798307   26.0448    19.013     0.042    21.852   MOON_BRIGHT
   157.02794            I.180607_0040.C  146.1211422  -31.7266146 70.611239   29.6392    18.985     0.037    21.954   MOON_BRIGHT
   157.37847            I.180607_0905.A  146.1211410  -31.7266385 70.979723   12.9679    18.979     0.084    21.040   _
   157.71756            I.180607_1713.S  146.1211580  -31.7266307 65.382593   33.1294    19.069     0.033    22.314   _
   157.96463            I.180607_2309.C  146.1211529  -31.7266203 64.887132   26.6308    19.077     0.041    21.965   MOON_BRIGHT
   158.01802            I.180608_0025.C  146.1211369  -31.7266226 67.446951   28.7945    19.035     0.038    21.992   MOON_BRIGHT
   158.71546            I.180608_1710.S  146.1211392  -31.7266386 65.063166   21.2512    19.074     0.051    21.727   _
   158.96061            I.180608_2303.C  146.1211502  -31.7266188 69.147480   37.1617    19.008     0.029    22.322   MOON_BRIGHT
   159.01279            I.180609_0018.C  146.1211424  -31.7266179 74.036165   19.3962    18.933     0.056    21.445   MOON_BRIGHT
   160.37215            I.180610_0855.A  146.1211640  -31.7265823 62.864597   16.4723    19.112     0.066    21.432   _
   161.37294            I.180611_0857.A  146.1211761  -31.7265891 69.961809   18.4856    18.995     0.059    21.463   _
   161.71080            I.180611_1703.S  146.1211522  -31.7266196 65.001256   41.7985    19.075     0.026    22.586   _
   162.36970            I.180612_0852.A  146.1211487  -31.7266295 68.794574   22.7605    19.013     0.048    21.723   _
   162.71157            I.180612_1704.S  146.1211541  -31.7266245 64.958855   40.8717    19.076     0.027    22.523   _
   162.96939            I.180612_2315.C  146.1211503  -31.7266135 70.189978   28.7199    18.991     0.038    21.944   _
   163.37718            I.180613_0903.A  146.1211932  -31.7265474 68.621751   13.0969    19.016     0.083    21.039   _
   163.71213            I.180613_1705.S  146.1211504  -31.7266161 67.806289   34.1936    19.029     0.032    22.222   MOON_BRIGHT
   163.96627            I.180613_2311.C  146.1211456  -31.7266242 68.739469   40.4249    19.014     0.027    22.461   _
   164.37031            I.180614_0853.A  146.1211849  -31.7266302 72.506413   13.1048    18.956     0.083    21.070   _
   164.96788            I.180614_2313.C  146.1211431  -31.7266268 65.760629   38.8095    19.062     0.028    22.487   _
   166.70936            I.180616_1701.S  146.1210774  -31.7266700 70.917638   6.50885    18.980     0.168    20.279   MOON_BRIGHT
   166.97648            I.180616_2326.C  146.1211475  -31.7266142 68.437186   39.4476    19.019     0.028    22.453   _
   167.97435            I.180617_2323.C  146.1211493  -31.7266220 70.545537   34.6623    18.986     0.031    22.250   _
   168.97259            I.180618_2320.C  146.1211479  -31.7266204 68.015611   31.3180    19.026     0.035    22.112   _
   169.37392            I.180619_0858.A  146.1211848  -31.7265784 66.306696   18.3399    19.053     0.060    21.498   _
   169.96225            I.180619_2305.C  146.1211384  -31.7266158 66.978026   28.2011    19.042     0.039    21.990   _
   170.71046            I.180620_1703.S  146.1211522  -31.7265794 64.062270   22.0208    19.091     0.050    21.755   MOON_BRIGHT
   170.95159            I.180620_2250.C  146.1211315  -31.7266010 65.450461   19.5845    19.068     0.056    21.610   _
   171.37235            I.180621_0856.A  146.1212058  -31.7266123 65.571488   18.2467    19.066     0.060    21.500   MOON_BRIGHT
   171.95222            I.180621_2251.C  146.1211576  -31.7266457 70.223500   16.9976    18.991     0.064    21.319   _
   172.36810            I.180622_0850.A  146.1211700  -31.7265883 68.057096   16.4499    19.025     0.066    21.336   MOON_BRIGHT
   172.70594            I.180622_1656.S  146.1211534  -31.7266150 67.308702   37.6349    19.037     0.029    22.379   MOON_BRIGHT
   172.95605            I.180622_2256.C  146.1211831  -31.7266181 67.293965   14.4471    19.037     0.076    21.236   _
   173.36787            I.180623_0849.A  146.1211760  -31.7265782 67.025755   16.8291    19.042     0.065    21.382   MOON_BRIGHT
   173.95214            I.180623_2251.C  146.1211655  -31.7266289 63.391553   18.2486    19.103     0.060    21.539   _
   174.36390            I.180624_0844.A  146.1211558  -31.7266105 67.889776   19.0546    19.028     0.057    21.533   MOON_BRIGHT
   174.70708            I.180624_1658.S  146.1211425  -31.7266001 64.069849   27.9921    19.091     0.039    22.080   MOON_BRIGHT
   174.95338            I.180624_2252.C  146.1212293  -31.7265602 68.855936   9.01836    19.012     0.121    20.662   MOON_BRIGHT
   175.36274            I.180625_0842.A  146.1211338  -31.7265858 68.311952   18.2629    19.021     0.060    21.440   MOON_BRIGHT
   175.70418            I.180625_1654.S  146.1214522  -31.7266089 97.132244   4.58211    18.637     0.238    19.493   MOON_BRIGHT
   175.94955            I.180625_2247.C  146.1211301  -31.7266233 61.972669   10.0548    19.127     0.109    20.934   MOON_BRIGHT
   176.35823            I.180626_0835.A  146.1211491  -31.7266125 66.597116   19.8427    19.049     0.055    21.582   MOON_BRIGHT
   176.70551            I.180626_1655.S  146.1211480  -31.7266234 64.176091   24.6785    19.089     0.044    21.875   _
   176.96586            I.180626_2310.C  146.1211397  -31.7266167 67.959265   34.0918    19.027     0.032    22.254   MOON_BRIGHT
   177.95388            I.180627_2253.C  146.1211425  -31.7266267 66.244556   25.1059    19.054     0.043    21.860   MOON_BRIGHT