; SOURCE_NAME : oh_aux1
; SOURCE_RA_DEC	[146.12331, 146.1186771, 146.1211579, 146.1252263, 146.1211737]	[-31.72825, -31.72441639, -31.7266625, -31.72913221, -31.73156611]
; NUMBER_OF_REFERENCES	11
; Nilou Afsari	180627_2251
; OBSDAY2018                     STRTXT     RA_MC(")    DEC_MC(") Flux(uJy)       SNR    MAG_MC MAGERR_MC    LIM_MC   NOTE
    37.46333            B.180207_1107.A  146.1186952  -31.7243729 317.16064   86.6894    17.906     0.018    22.459   MOON_BRIGHT
    37.50887            B.180207_1212.A  146.1187115  -31.7243720 313.49981   104.770    17.919     0.017    22.993   MOON_BRIGHT
    37.80058            B.180207_1912.S  -99.9999999  -99.9999999 -99.99999    -99.99   -99.999   -99.999   -99.999   PSF_ERROR_BAD_IMAGE
    38.03679            B.180208_0052.C  146.1187334  -31.7243878 294.66340   85.0593    17.986     0.018    22.536   MOON_BRIGHT
    38.06370            B.180208_0131.C  146.1187164  -31.7243697 291.88109   98.3198    17.996     0.017    22.856   MOON_BRIGHT
    38.09876            B.180208_0222.C  146.1187108  -31.7243624 298.53880   110.723    17.972     0.016    23.236   MOON_BRIGHT
    38.45348            B.180208_1053.A  146.1187195  -31.7244825 -99.99999    -99.99   -99.999   -99.999    19.486   MOON_BRIGHT
    38.47685            B.180208_1126.A  146.1186981  -31.7243671 328.28244   89.7176    17.868     0.018    22.451   MOON_BRIGHT
    38.80666            B.180208_1921.S  146.1187188  -31.7243600 290.64453   105.983    18.001     0.017    23.515   _
    39.83674            B.180209_2004.S  -99.9999999  -99.9999999 -99.99999    -99.99   -99.999   -99.999   -99.999   PSF_ERROR_BAD_IMAGE
    39.89186            B.180209_2124.S  146.1187252  -31.7243761 284.65990   82.6568    18.024     0.019    22.631   _
    40.78906            B.180210_1856.S  146.1187126  -31.7243695 288.96965   96.3960    18.007     0.017    22.845   _
    40.87553            B.180210_2100.S  146.1187031  -31.7243531 292.42352   112.375    17.994     0.016    23.435   _
    41.60304            B.180211_1428.A  146.1187185  -31.7243619 293.74065   83.4647    17.990     0.018    22.353   MOON_BRIGHT
    41.66407            B.180211_1556.A  146.1187197  -31.7243643 303.44686   100.061    17.954     0.017    22.756   MOON_BRIGHT
    41.72435            B.180211_1723.A  146.1187262  -31.7243638 307.41872   88.8779    17.940     0.018    22.470   MOON_BRIGHT
    43.67481            B.180213_1611.A  146.1187276  -31.7243611 297.32337   108.536    17.976     0.016    22.928   MOON_BRIGHT
    43.73911            B.180213_1744.A  146.1187184  -31.7243597 297.99873   103.966    17.974     0.017    22.854   MOON_BRIGHT
    46.43675            B.180216_1028.A  146.1187143  -31.7243768 301.31833   99.1333    17.962     0.017    22.723   _
    46.47925            B.180216_1130.A  -99.9999999  -99.9999999 -99.99999    -99.99   -99.999   -99.999   -99.999   PSF_ERROR_BAD_IMAGE
    46.53052            B.180216_1243.A  146.1187112  -31.7243775 296.16031   108.818    17.981     0.016    22.939   _
    47.44201            B.180217_1036.A  146.1187262  -31.7243681 271.62830   84.7248    18.075     0.018    22.410   _
    47.48938            B.180217_1144.A  146.1187107  -31.7243764 300.20474   97.0921    17.966     0.017    22.734   _
    48.43181            B.180218_1021.A  146.1187307  -31.7243798 304.96376   85.7083    17.949     0.018    22.419   _
    48.48350            B.180218_1136.A  146.1187097  -31.7243764 346.85128   85.8586    17.808     0.018    22.370   _
    48.53432            B.180218_1249.A  146.1187123  -31.7243441 312.05799   105.125    17.924     0.017    23.007   _
    48.55866            B.180218_1324.A  146.1188104  -31.7244698 301.64686   18.9828    17.961     0.059    20.531   _
    48.80095            B.180218_1913.S  146.1187057  -31.7243670 280.52564   91.1549    18.040     0.018    22.728   MOON_BRIGHT
    48.83302            B.180218_1959.S  146.1187235  -31.7243747 285.84001   99.3526    18.019     0.017    22.896   MOON_BRIGHT
    48.89200            B.180218_2124.S  146.1187290  -31.7243675 285.93505   102.838    18.019     0.017    23.066   _
    49.04081            B.180219_0058.C  146.1187191  -31.7243746 296.19562   92.0673    17.980     0.018    22.623   _
    49.10075            B.180219_0225.C  146.1186990  -31.7243667 298.94169   107.852    17.970     0.016    23.097   _
    49.20450            B.180219_0454.C  146.1187137  -31.7243598 299.59694   111.464    17.968     0.016    23.264   _
    49.79507            B.180219_1904.S  146.1187129  -31.7243622 287.25532   99.6172    18.014     0.017    23.096   MOON_BRIGHT
    49.83058            B.180219_1956.S  146.1187132  -31.7243471 288.15288   107.269    18.011     0.016    23.287   MOON_BRIGHT
    49.88400            B.180219_2112.S  146.1187130  -31.7243549 295.25460   110.732    17.984     0.016    23.317   _
    49.96463            B.180219_2309.S  -99.9999999  -99.9999999 -99.99999    -99.99   -99.999   -99.999   -99.999   PSF_ERROR_BAD_IMAGE
    50.03512            B.180220_0050.C  146.1187180  -31.7243782 297.12657   93.8582    17.977     0.017    22.626   _
    50.06257            B.180220_0130.C  146.1187104  -31.7243699 299.46132   100.470    17.969     0.017    22.782   _
    50.11730            B.180220_0248.C  146.1187155  -31.7243617 302.57738   107.912    17.957     0.016    23.086   _
    50.23714            B.180220_0541.C  146.1187154  -31.7243632 295.76830   107.434    17.982     0.016    23.091   _
    50.78319            B.180220_1847.S  146.1187274  -31.7243581 278.53462   85.5693    18.048     0.018    22.581   MOON_BRIGHT
    50.81003            B.180220_1926.S  146.1187059  -31.7243709 285.14230   101.795    18.022     0.017    23.125   MOON_BRIGHT
    50.86057            B.180220_2039.S  146.1187348  -31.7243809 293.35862   76.5903    17.991     0.019    22.561   MOON_BRIGHT
    50.93032            B.180220_2219.S  146.1188369  -31.7244735 281.78833   9.57357    18.035     0.115    19.794   _
    50.93376            B.180220_2224.S  146.1187981  -31.7244722 274.04584   16.9099    18.065     0.066    20.528   _
    51.04237            B.180221_0101.C  146.1186983  -31.7243727 298.25665   101.249    17.973     0.017    22.887   _
    51.11205            B.180221_0241.C  146.1186997  -31.7243576 305.35318   113.321    17.947     0.016    23.192   _
    51.19372            B.180221_0438.C  146.1187128  -31.7243628 296.19951   117.634    17.980     0.016    23.508   _
    51.26022            B.180221_0614.C  146.1187179  -31.7243560 308.12244   117.281    17.937     0.016    23.444   _
    51.43499            B.180221_1026.A  146.1187265  -31.7243845 301.72415   65.9115    17.960     0.021    21.940   _
    51.46617            B.180221_1111.A  146.1187360  -31.7243717 308.63765   56.2913    17.936     0.023    21.731   _
    51.47023            B.180221_1117.A  146.1187442  -31.7243842 310.23395   57.9813    17.930     0.023    21.745   _
    51.50892            B.180221_1212.A  146.1187119  -31.7243702 305.62685   76.2433    17.946     0.019    22.177   _
    51.57343            B.180221_1345.A  146.1187261  -31.7243601 300.02294   108.173    17.966     0.016    23.087   _
    51.63488            B.180221_1514.A  146.1187225  -31.7243818 284.41820   62.9702    18.025     0.022    22.035   _
    51.78856            B.180221_1855.S  146.1187379  -31.7243718 293.29823   97.0836    17.991     0.017    22.830   MOON_BRIGHT
    51.82308            B.180221_1945.S  146.1187199  -31.7243651 289.37382   101.949    18.006     0.017    22.999   MOON_BRIGHT
    53.04308            B.180223_0102.C  146.1187364  -31.7243846 301.20336   77.6738    17.962     0.019    22.258   _
    53.09544            B.180223_0217.C  146.1187145  -31.7243652 301.03784   91.2623    17.963     0.018    22.502   _
    53.18226            B.180223_0422.C  146.1187172  -31.7243639 304.33805   117.668    17.951     0.016    23.481   _
    53.24464            B.180223_0552.C  146.1187146  -31.7243580 299.02223   117.824    17.970     0.016    23.556   _
    53.82358            B.180223_1945.S  146.1187242  -31.7243805 279.14781   68.9725    18.045     0.020    22.116   MOON_BRIGHT
    53.88227            B.180223_2110.S  146.1187404  -31.7243899 275.49970   49.7188    18.059     0.026    21.793   MOON_BRIGHT
    53.96470            B.180223_2309.S  146.1187184  -31.7243673 284.61177   95.3597    18.024     0.017    22.703   MOON_BRIGHT
    54.03718            B.180224_0053.S  146.1187357  -31.7243637 286.82913   93.0403    18.016     0.017    22.678   MOON_BRIGHT
    55.04559            B.180225_0105.C  146.1187083  -31.7243733 315.16505   101.732    17.913     0.017    22.749   _
    55.05682            B.180225_0121.C  146.1187336  -31.7243850 292.18483   98.1520    17.995     0.017    22.857   _
    55.11597            B.180225_0247.C  146.1187061  -31.7243700 301.53888   108.793    17.961     0.016    23.017   _
    55.19512            B.180225_0440.C  146.1187073  -31.7243603 296.88509   115.784    17.978     0.017    23.317   _
    55.26370            B.180225_0619.C  146.1187123  -31.7243574 300.17856   119.492    17.966     0.016    23.718   _
    55.26794            B.180225_0625.C  146.1187152  -31.7243639 298.79833   115.382    17.971     0.016    23.657   _
    55.78030            B.180225_1843.S  146.1187047  -31.7243918 294.65072   76.1257    17.986     0.019    22.240   MOON_BRIGHT
    55.81170            B.180225_1928.S  146.1187122  -31.7243855 287.52537   56.3739    18.013     0.023    21.749   MOON_BRIGHT
    55.86668            B.180225_2048.S  146.1187343  -31.7243754 286.15514   71.7482    18.018     0.020    22.128   MOON_BRIGHT
    55.94166            B.180225_2235.S  146.1187344  -31.7243759 289.89055   77.2384    18.004     0.019    22.226   MOON_BRIGHT
    56.01422            B.180226_0020.S  146.1187292  -31.7243500 287.50725   98.2855    18.013     0.017    22.795   MOON_BRIGHT
    57.04325            B.180227_0102.C  146.1187096  -31.7243867 313.24060   59.0738    17.919     0.023    21.747   _
    57.04471            B.180227_0104.C  146.1187194  -31.7243796 303.70257   60.7004    17.953     0.022    21.834   _
    57.10113            B.180227_0225.C  146.1187135  -31.7243759 306.19647   82.9529    17.944     0.018    22.260   _
    57.17851            B.180227_0417.C  146.1187146  -31.7243699 302.69877   90.1344    17.957     0.018    22.454   _
    57.24381            B.180227_0551.C  146.1187189  -31.7243694 304.75096   84.9496    17.949     0.018    22.331   _
    57.42861            B.180227_1017.A  146.1187021  -31.7243891 304.81867   60.6212    17.949     0.022    21.860   MOON_BRIGHT
    57.49797            B.180227_1157.A  146.1187421  -31.7243796 296.71531   56.9807    17.979     0.023    21.729   MOON_BRIGHT
    57.58515            B.180227_1402.A  146.1187460  -31.7243916 298.45671   49.5371    17.972     0.026    21.567   _
    57.65891            B.180227_1548.A  146.1187607  -31.7243720 295.15372   35.9459    17.984     0.033    21.197   _
    57.78442            B.180227_1849.S  146.1187151  -31.7243733 308.33566   72.4195    17.937     0.020    22.127   MOON_BRIGHT
    57.81236            B.180227_1929.S  146.1187093  -31.7243779 299.51654   77.8098    17.968     0.019    22.251   MOON_BRIGHT
    57.86448            B.180227_2044.S  -99.9999999  -99.9999999 -99.99999    -99.99   -99.999   -99.999   -99.999   PSF_ERROR_BAD_IMAGE
    57.86765            B.180227_2049.S  146.1187132  -31.7243744 295.51766   81.3583    17.983     0.019    22.353   MOON_BRIGHT
    57.94693            B.180227_2243.S  146.1187144  -31.7243645 291.19882   85.9388    17.999     0.018    22.456   MOON_BRIGHT
    58.02297            B.180228_0033.S  146.1187440  -31.7244030 288.53493   51.6966    18.009     0.025    21.632   MOON_BRIGHT
    59.44355            B.180301_1038.A  146.1187301  -31.7244023 295.19187   40.3473    17.984     0.030    21.302   MOON_BRIGHT
    59.44510            B.180301_1040.A  146.1187492  -31.7243886 302.98843   43.1650    17.956     0.028    21.369   MOON_BRIGHT
    59.50713            B.180301_1210.A  146.1187374  -31.7244012 299.76417   38.3932    17.967     0.031    21.283   MOON_BRIGHT
    59.58412            B.180301_1401.A  146.1187469  -31.7244145 296.58853   36.5415    17.979     0.033    21.177   MOON_BRIGHT
    59.65719            B.180301_1546.A  146.1187382  -31.7244139 296.34888   33.1541    17.980     0.035    21.063   _
    59.77347            B.180301_1833.S  146.1187316  -31.7243669 289.00387   27.0001    18.007     0.042    20.819   _
    59.82506            B.180301_1948.S  146.1187437  -31.7243874 291.43825   29.8133    17.998     0.039    20.961   _
    61.03093            B.180303_0044.C  146.1187167  -31.7243801 300.16902   62.5456    17.966     0.022    21.854   MOON_BRIGHT
    61.08899            B.180303_0208.C  146.1187235  -31.7243812 296.38485   66.6884    17.980     0.021    21.953   MOON_BRIGHT
    61.15796            B.180303_0347.C  146.1187195  -31.7243743 308.73182   75.7813    17.935     0.019    22.123   _
    61.23045            B.180303_0531.C  146.1187163  -31.7243779 308.33885   69.5069    17.937     0.020    21.984   _
    61.77403            B.180303_1834.S  146.1187248  -31.7243798 295.12192   78.5233    17.984     0.019    22.279   _
    61.81215            B.180303_1929.S  146.1187113  -31.7243752 293.74875   72.5028    17.990     0.020    22.093   _
    61.86429            B.180303_2044.S  146.1187441  -31.7243958 296.20374   44.0756    17.980     0.028    21.491   _
    62.01027            B.180304_0014.S  146.1187511  -31.7243886 287.12339   54.9416    18.014     0.024    21.734   MOON_BRIGHT
    63.03719            B.180305_0053.C  146.1187132  -31.7243600 304.65514   114.175    17.950     0.016    23.469   MOON_BRIGHT
    63.10539            B.180305_0231.C  146.1187124  -31.7243686 303.80694   100.892    17.953     0.017    22.756   MOON_BRIGHT
    63.17589            B.180305_0413.C  146.1187090  -31.7243603 305.33861   93.2667    17.947     0.017    22.511   _
    63.25169            B.180305_0602.C  146.1187151  -31.7243686 327.36642   86.8047    17.871     0.018    22.344   _
    63.78453            B.180305_1849.S  146.1187343  -31.7243683 280.83691   85.5762    18.039     0.018    22.656   _
    63.81411            B.180305_1932.S  146.1187055  -31.7243636 297.70581   99.5909    17.975     0.017    23.065   _
    63.86958            B.180305_2052.S  146.1187377  -31.7243724 287.24589   70.5987    18.014     0.020    22.287   _
    63.94494            B.180305_2240.S  146.1187456  -31.7243687 285.16987   72.4806    18.022     0.020    22.203   MOON_BRIGHT
    64.01693            B.180306_0024.S  146.1187437  -31.7243938 283.14459   56.1592    18.030     0.023    21.776   MOON_BRIGHT
    65.02892            B.180307_0041.C  146.1187168  -31.7243607 297.95178   103.797    17.974     0.017    23.010   MOON_BRIGHT
    65.07775            B.180307_0151.C  146.1187145  -31.7243634 296.00503   114.186    17.981     0.016    23.361   MOON_BRIGHT
    65.17253            B.180307_0408.C  146.1187171  -31.7243615 308.21856   101.286    17.937     0.017    22.719   MOON_BRIGHT
    65.23900            B.180307_0544.C  146.1187030  -31.7243697 299.96592   96.9306    17.967     0.017    22.687   MOON_BRIGHT
    65.76744            B.180307_1825.S  146.1187179  -31.7243699 280.77077   98.6468    18.039     0.017    22.946   _
    65.79970            B.180307_1911.S  146.1187183  -31.7243808 289.29134   104.420    18.006     0.017    23.047   _
    65.85395            B.180307_2029.S  146.1187226  -31.7243750 292.13554   79.9067    17.996     0.019    22.639   _
    67.65010            B.180309_1536.A  146.1187274  -31.7243892 299.17075   85.2610    17.970     0.018    22.368   MOON_BRIGHT
    67.65507            B.180309_1543.A  146.1187364  -31.7243745 296.97965   84.0463    17.978     0.018    22.355   MOON_BRIGHT
    69.02166            B.180311_0031.C  146.1187106  -31.7243690 302.98189   117.679    17.956     0.016    23.535   MOON_BRIGHT
    69.07459            B.180311_0147.C  146.1187162  -31.7243675 296.04714   113.170    17.981     0.016    23.273   MOON_BRIGHT
    69.14815            B.180311_0333.C  146.1187150  -31.7243598 312.36760   119.750    17.922     0.016    23.481   MOON_BRIGHT
    69.22032            B.180311_0517.C  146.1187157  -31.7243625 306.52144   117.153    17.943     0.016    23.322   MOON_BRIGHT
    69.41931            B.180311_1003.A  146.1187077  -31.7243689 309.48752   106.318    17.933     0.017    23.008   _
    69.46963            B.180311_1116.A  146.1187122  -31.7243621 314.12544   111.184    17.916     0.016    23.201   _
    69.51954            B.180311_1228.A  146.1187197  -31.7243635 303.00484   102.546    17.956     0.017    22.975   MOON_BRIGHT
    69.57032            B.180311_1341.A  146.1187119  -31.7243605 297.63937   107.124    17.975     0.016    23.074   MOON_BRIGHT
    69.63403            B.180311_1513.A  146.1187223  -31.7243552 304.52530   110.224    17.950     0.016    23.208   MOON_BRIGHT
    69.76895            B.180311_1827.S  146.1187112  -31.7243659 289.56860   110.762    18.005     0.016    23.414   _
    69.80699            B.180311_1922.S  146.1187107  -31.7243602 290.82590   108.000    18.000     0.016    23.350   _
    69.87730            B.180311_2103.S  146.1187239  -31.7243729 285.85707   100.199    18.019     0.017    22.892   _
    69.94407            B.180311_2239.S  146.1187095  -31.7243574 292.95924   108.240    17.992     0.016    23.286   _
    71.02431            B.180313_0034.C  146.1187127  -31.7243604 298.30770   116.401    17.973     0.016    23.478   MOON_BRIGHT
    71.07391            B.180313_0146.C  146.1187164  -31.7243666 295.71843   117.072    17.982     0.016    23.334   MOON_BRIGHT
    71.14281            B.180313_0325.C  146.1187177  -31.7243627 296.53303   116.573    17.979     0.016    23.343   MOON_BRIGHT
    71.20745            B.180313_0458.C  146.1187177  -31.7243574 301.28728   114.763    17.962     0.016    23.355   MOON_BRIGHT
    73.02397            B.180315_0034.C  146.1187122  -31.7243631 298.01981   117.711    17.974     0.016    23.504   MOON_BRIGHT
    73.07381            B.180315_0146.C  146.1187240  -31.7243634 298.45728   119.689    17.972     0.016    23.526   MOON_BRIGHT
    73.14225            B.180315_0324.C  146.1187192  -31.7243522 305.22316   118.644    17.948     0.016    23.545   MOON_BRIGHT
    73.20485            B.180315_0454.C  146.1187272  -31.7243603 299.59083   116.995    17.968     0.016    23.408   MOON_BRIGHT
    73.42944            B.180315_1018.A  146.1187050  -31.7243721 302.50925   105.131    17.957     0.017    22.984   _
    73.48285            B.180315_1135.A  146.1187190  -31.7243681 296.86246   99.8721    17.978     0.017    22.794   _
    73.53199            B.180315_1246.A  146.1187142  -31.7243625 303.02177   107.425    17.956     0.016    23.081   _
    73.60028            B.180315_1424.A  146.1187240  -31.7243440 308.00276   103.774    17.938     0.017    22.992   _
    73.77538            B.180315_1836.S  -99.9999999  -99.9999999 -99.99999    -99.99   -99.999   -99.999   -99.999   PSF_ERROR_BAD_IMAGE
    75.01766            B.180317_0025.C  146.1187171  -31.7243582 302.43025   115.259    17.958     0.016    23.291   _
    75.06978            B.180317_0140.C  146.1187203  -31.7243624 305.76676   118.783    17.946     0.016    23.483   _
    75.14069            B.180317_0322.C  146.1187158  -31.7243616 300.75192   120.247    17.964     0.016    23.588   MOON_BRIGHT
    75.20770            B.180317_0459.C  146.1187194  -31.7243566 308.87853   118.945    17.935     0.016    23.559   MOON_BRIGHT
    75.41247            B.180317_0953.A  146.1187111  -31.7243832 313.87443   102.467    17.917     0.017    22.844   _
    75.46174            B.180317_1104.A  146.1187289  -31.7243797 301.25312   72.1025    17.962     0.020    22.427   _
    75.51696            B.180317_1224.A  146.1187285  -31.7243255 313.06876   105.770    17.920     0.017    23.009   _
    75.58532            B.180317_1402.A  146.1187202  -31.7243638 295.19518   108.851    17.984     0.016    23.101   _
    75.76591            B.180317_1822.S  146.1187079  -31.7243558 289.26579   109.815    18.006     0.016    23.402   MOON_BRIGHT
    75.83410            B.180317_2001.S  146.1187123  -31.7243633 292.62025   115.027    17.994     0.016    23.528   _
    75.90414            B.180317_2141.S  146.1187315  -31.7243673 281.12118   99.5369    18.037     0.017    22.936   _
    75.97269            B.180317_2320.S  146.1187484  -31.7243682 279.75919   84.6651    18.043     0.018    22.508   _
    76.40544            B.180318_0943.A  146.1187151  -31.7243650 295.90797   97.8000    17.982     0.017    22.790   _
    76.45869            B.180318_1100.A  146.1187079  -31.7243686 309.24437   105.108    17.933     0.017    22.903   _
    76.50815            B.180318_1211.A  146.1187187  -31.7243590 295.11471   100.787    17.984     0.017    22.841   _
    76.57984            B.180318_1354.A  146.1187188  -31.7243531 305.80477   105.370    17.946     0.017    22.977   _
    76.76356            B.180318_1819.S  146.1187041  -31.7243579 297.01054   114.421    17.977     0.016    23.745   MOON_BRIGHT
    76.82435            B.180318_1947.S  146.1187090  -31.7243628 292.86154   117.132    17.993     0.016    23.748   _
    76.88903            B.180318_2120.S  146.1187178  -31.7243624 290.37322   116.809    18.002     0.016    23.694   _
    76.95966            B.180318_2301.S  146.1187171  -31.7243596 290.69909   114.502    18.001     0.016    23.655   _
    77.15582            B.180319_0344.C  146.1187156  -31.7243657 303.15329   121.103    17.955     0.016    23.536   _
    77.22382            B.180319_0522.C  146.1187138  -31.7243618 298.79223   117.319    17.971     0.016    23.437   MOON_BRIGHT
    77.41617            B.180319_0959.A  146.1187200  -31.7243692 299.94487   103.126    17.967     0.017    22.852   _
    77.47019            B.180319_1117.A  146.1187093  -31.7243665 309.62412   110.712    17.932     0.016    23.104   _
    77.52035            B.180319_1229.A  146.1187359  -31.7243827 280.64891   72.7450    18.039     0.020    22.157   _
    77.59203            B.180319_1412.A  146.1187223  -31.7243698 297.59539   103.040    17.975     0.017    22.872   _
    77.76203            B.180319_1817.S  146.1187121  -31.7243681 293.37423   113.535    17.991     0.016    23.544   MOON_BRIGHT
    77.82822            B.180319_1952.S  146.1187159  -31.7243602 292.54495   116.544    17.994     0.016    23.692   _
    77.90330            B.180319_2140.S  146.1187150  -31.7243581 291.10098   114.760    17.999     0.016    23.569   _
    77.96730            B.180319_2312.S  146.1187198  -31.7243601 289.18765   111.225    18.007     0.016    23.412   _
    78.14904            B.180320_0334.C  146.1187179  -31.7243562 310.92390   119.248    17.928     0.016    23.536   _
    78.22117            B.180320_0518.C  146.1187253  -31.7243606 300.03075   114.261    17.966     0.016    23.296   MOON_BRIGHT
    78.41575            B.180320_0958.A  146.1187183  -31.7243878 284.52610   70.5373    18.024     0.020    22.199   _
    78.47034            B.180320_1117.A  146.1187145  -31.7243583 309.38735   104.137    17.933     0.017    23.040   _
    78.51956            B.180320_1228.A  146.1187151  -31.7243625 297.38895   98.8438    17.976     0.017    22.810   _
    78.76064            B.180320_1815.S  -99.9999999  -99.9999999 -99.99999    -99.99   -99.999   -99.999   -99.999   PSF_ERROR_BAD_IMAGE
    78.81828            B.180320_1938.S  -99.9999999  -99.9999999 -99.99999    -99.99   -99.999   -99.999   -99.999   PSF_ERROR_BAD_IMAGE
    79.13939            B.180321_0320.C  146.1187158  -31.7243584 298.25703   117.513    17.973     0.016    23.335   _
    79.21696            B.180321_0512.C  146.1187247  -31.7243635 299.84504   111.750    17.967     0.016    23.135   _
    79.76010            B.180321_1814.S  146.1187221  -31.7243728 291.21117   105.423    17.999     0.017    23.109   MOON_BRIGHT
    79.81742            B.180321_1937.S  146.1187250  -31.7243783 283.88150   95.9285    18.027     0.017    22.793   MOON_BRIGHT
    79.87157            B.180321_2055.S  146.1187393  -31.7243673 280.69410   93.6525    18.039     0.017    22.791   MOON_BRIGHT
    80.12591            B.180322_0301.C  146.1187171  -31.7243625 303.35948   116.979    17.954     0.016    23.313   _
    80.18870            B.180322_0431.C  146.1187109  -31.7243611 301.53096   117.118    17.961     0.016    23.483   _
    81.11727            B.180323_0248.C  146.1187168  -31.7243657 298.64597   119.500    17.971     0.016    23.439   _
    81.18190            B.180323_0421.C  146.1187166  -31.7243629 302.40052   119.048    17.958     0.016    23.584   _
    81.40681            B.180323_0945.A  146.1187156  -31.7243664 303.02616   94.0175    17.956     0.017    22.637   _
    81.45743            B.180323_1058.A  146.1187312  -31.7243789 307.83271   57.0715    17.938     0.023    21.993   _
    81.45890            B.180323_1100.A  146.1187077  -31.7243681 301.91937   100.287    17.960     0.017    22.818   _
    81.50918            B.180323_1213.A  146.1187067  -31.7243683 294.75415   102.645    17.986     0.017    22.923   _
    81.60639            B.180323_1433.A  146.1187259  -31.7243805 286.27452   70.3940    18.018     0.020    22.105   _
    81.76258            B.180323_1818.S  146.1187121  -31.7243643 292.99517   109.431    17.992     0.016    23.387   MOON_BRIGHT
    81.82115            B.180323_1942.S  146.1187119  -31.7243600 291.92479   113.072    17.996     0.016    23.498   MOON_BRIGHT
    83.01993            B.180325_0028.C  146.1187146  -31.7243657 301.82099   109.248    17.960     0.016    23.000   _
    83.07194            B.180325_0143.C  146.1187172  -31.7243637 303.76393   100.801    17.953     0.017    22.930   _
    83.14166            B.180325_0323.C  146.1187087  -31.7243618 306.31770   109.474    17.944     0.016    22.983   _
    83.21362            B.180325_0507.C  146.1187232  -31.7243525 300.07298   115.483    17.966     0.016    23.385   _
    83.76019            B.180325_1814.S  146.1187308  -31.7243860 293.24791   77.5126    17.991     0.019    22.276   MOON_BRIGHT
    83.81354            B.180325_1931.S  146.1187277  -31.7243837 285.49037   69.5934    18.021     0.020    22.212   MOON_BRIGHT
    83.88168            B.180325_2109.S  146.1187321  -31.7243737 281.29659   72.7479    18.037     0.020    22.218   MOON_BRIGHT
    83.94777            B.180325_2244.S  146.1187255  -31.7243646 285.55963   96.6601    18.020     0.017    22.777   MOON_BRIGHT
    85.40000            B.180327_0936.A  146.1187049  -31.7243828 312.33421   71.4048    17.923     0.020    22.016   MOON_BRIGHT
    85.45031            B.180327_1048.A  146.1187178  -31.7243843 301.12460   58.7028    17.962     0.023    21.772   MOON_BRIGHT
    85.50509            B.180327_1207.A  146.1187280  -31.7243870 299.90493   63.2336    17.967     0.022    21.878   _
    85.76015            B.180327_1814.S  146.1187478  -31.7243873 284.59347   50.7008    18.024     0.025    21.698   MOON_BRIGHT
    85.83397            B.180327_2000.S  146.1187304  -31.7243851 291.36482   50.1417    17.998     0.025    21.814   MOON_BRIGHT
    85.92100            B.180327_2206.S  146.1187142  -31.7243811 293.72394   85.1666    17.990     0.018    22.450   MOON_BRIGHT
    87.00255            B.180329_0003.C  146.1187039  -31.7243734 305.26158   86.3595    17.948     0.018    22.393   _
    87.07177            B.180329_0143.C  146.1187132  -31.7243716 319.09208   92.6349    17.899     0.018    22.478   _
    87.07328            B.180329_0145.C  146.1187048  -31.7243707 316.77175   90.5351    17.907     0.018    22.441   _
    87.14017            B.180329_0321.C  146.1187152  -31.7243667 302.75814   90.2320    17.957     0.018    22.438   _
    87.20582            B.180329_0456.C  146.1187213  -31.7243806 318.81928   68.6551    17.900     0.021    21.978   _
    87.39495            B.180329_0928.A  146.1187365  -31.7243860 317.59853   57.7008    17.904     0.023    21.695   MOON_BRIGHT
    87.44534            B.180329_1041.A  146.1187299  -31.7243825 284.71519   29.5356    18.024     0.039    21.079   MOON_BRIGHT
    87.45064            B.180329_1048.A  146.1187108  -31.7243742 299.07145   61.0621    17.970     0.022    21.830   MOON_BRIGHT
    87.50481            B.180329_1206.A  146.1187248  -31.7243797 306.87510   63.8732    17.942     0.021    21.925   MOON_BRIGHT
    87.57788            B.180329_1352.A  146.1187127  -31.7243609 303.79409   60.8424    17.953     0.022    21.832   MOON_BRIGHT
    89.00948            B.180331_0013.C  146.1187127  -31.7243811 300.99445   60.4633    17.963     0.022    21.839   MOON_BRIGHT
    89.07763            B.180331_0151.C  146.1187105  -31.7243671 313.38606   77.5396    17.919     0.019    22.141   _
    89.15902            B.180331_0348.C  146.1187169  -31.7243820 303.46605   67.6380    17.954     0.021    21.932   _
    89.40919            B.180331_0949.A  146.1187120  -31.7243720 293.29939   46.3852    17.991     0.027    21.526   MOON_BRIGHT
    89.46701            B.180331_1112.A  146.1187346  -31.7243735 313.01899   50.4366    17.920     0.025    21.547   MOON_BRIGHT
    89.51735            B.180331_1225.A  146.1187275  -31.7243805 302.01465   49.7526    17.959     0.025    21.534   MOON_BRIGHT
    89.59178            B.180331_1412.A  146.1187342  -31.7243891 303.02033   30.3937    17.956     0.038    20.909   MOON_BRIGHT
    89.85066            B.180331_2024.S  146.1187339  -31.7243827 294.23025   47.4366    17.988     0.026    21.524   MOON_BRIGHT
    90.99839            B.180401_2357.C  146.1187040  -31.7243739 299.90620   105.834    17.967     0.017    22.867   MOON_BRIGHT
    91.07042            B.180402_0141.C  146.1187065  -31.7243716 301.54879   88.5108    17.961     0.018    22.498   MOON_BRIGHT
    91.13799            B.180402_0318.C  146.1187322  -31.7243800 299.58625   78.4462    17.968     0.019    22.213   _
    91.19169            B.180402_0436.C  146.1187183  -31.7243748 308.72352   73.8673    17.935     0.020    22.125   _
    91.39932            B.180402_0935.A  146.1187163  -31.7243789 297.84440   82.9703    17.974     0.018    22.368   MOON_BRIGHT
    91.74730            B.180402_1756.S  146.1187051  -31.7243629 289.82575   109.188    18.004     0.016    23.284   _
    91.83559            B.180402_2003.S  146.1187246  -31.7243645 290.09186   76.4776    18.003     0.019    22.212   _
    91.90138            B.180402_2137.S  146.1187533  -31.7243794 289.16676   60.3481    18.007     0.022    21.862   MOON_BRIGHT
    93.00205            B.180404_0002.C  146.1187182  -31.7243519 298.80337   113.302    17.971     0.016    23.240   MOON_BRIGHT
    93.07762            B.180404_0151.C  146.1187080  -31.7243637 306.62985   110.144    17.943     0.016    22.991   MOON_BRIGHT
    93.16204            B.180404_0353.C  146.1187155  -31.7243674 304.45285   100.636    17.950     0.017    22.810   MOON_BRIGHT
    93.39454            B.180404_0928.A  146.1187087  -31.7243628 309.38816   108.524    17.933     0.016    23.100   MOON_BRIGHT
    93.44547            B.180404_1041.A  146.1187282  -31.7243757 299.74514   77.5888    17.967     0.019    22.587   MOON_BRIGHT
    93.47557            B.180404_1124.A  146.1187273  -31.7243698 300.57681   99.5523    17.964     0.017    22.788   MOON_BRIGHT
    93.53961            B.180404_1257.A  146.1187195  -31.7243754 294.36157   74.1126    17.987     0.020    22.200   MOON_BRIGHT
    93.59471            B.180404_1416.A  146.1187312  -31.7243765 297.53925   73.7449    17.976     0.020    22.130   MOON_BRIGHT
    93.82148            B.180404_1942.S  146.1187098  -31.7243646 291.44070   70.1152    17.998     0.020    22.860   _
    93.89676            B.180404_2131.S  146.1187071  -31.7243704 288.05145   83.7704    18.011     0.018    22.565   _
    94.99317            B.180405_2350.C  146.1187111  -31.7243599 297.67266   111.160    17.975     0.016    23.122   MOON_BRIGHT
    95.06561            B.180406_0134.C  146.1187221  -31.7243619 314.19296   110.507    17.916     0.016    23.129   MOON_BRIGHT
    95.39288            B.180406_0925.A  146.1187173  -31.7243707 320.79646   93.9284    17.893     0.017    22.805   MOON_BRIGHT
    95.46890            B.180406_1115.A  146.1187163  -31.7243553 303.87740   111.842    17.953     0.016    23.234   MOON_BRIGHT
    95.53174            B.180406_1245.A  146.1187192  -31.7243668 296.16228   97.7125    17.981     0.017    22.712   MOON_BRIGHT
    95.75113            B.180406_1801.S  146.1187086  -31.7243595 289.38410   108.833    18.006     0.016    23.228   _
    95.82013            B.180406_1940.S  146.1187195  -31.7243784 291.38067   72.3587    17.998     0.020    22.602   _
    95.89285            B.180406_2125.S  146.1187211  -31.7243689 289.65609   108.188    18.005     0.016    23.231   _
    96.99395            B.180407_2351.C  146.1187118  -31.7243613 298.78182   117.577    17.971     0.016    23.392   MOON_BRIGHT
    97.07133            B.180408_0142.C  146.1187165  -31.7243606 294.53908   119.407    17.987     0.016    23.483   MOON_BRIGHT
    97.13718            B.180408_0317.C  146.1187201  -31.7243651 300.35439   116.319    17.965     0.016    23.331   MOON_BRIGHT
    97.39036            B.180408_0922.A  146.1187262  -31.7243800 355.39980   67.9543    17.782     0.021    21.988   _
    97.47253            B.180408_1120.A  146.1187120  -31.7243557 303.47887   108.864    17.954     0.016    23.124   MOON_BRIGHT
    97.53546            B.180408_1251.A  146.1187107  -31.7243693 299.80470   104.112    17.967     0.017    23.024   MOON_BRIGHT
    97.74044            B.180408_1746.S  146.1187154  -31.7243437 318.14584   77.5939    17.902     0.019    22.830   _
    97.81139            B.180408_1928.S  146.1187327  -31.7243511 313.49753   66.4556    17.919     0.021    22.624   _
    97.87564            B.180408_2100.S  146.1187418  -31.7243351 308.35440   73.0063    17.937     0.020    22.674   _
    98.99713            B.180409_2355.C  146.1187188  -31.7243732 295.93415   95.4713    17.981     0.017    22.966   MOON_BRIGHT
    99.06840            B.180410_0138.C  146.1187160  -31.7243634 298.96158   103.121    17.970     0.017    23.276   MOON_BRIGHT
    99.12983            B.180410_0306.C  146.1187222  -31.7243665 303.90179   89.8527    17.952     0.018    22.977   MOON_BRIGHT
    99.75414            B.180410_1805.S  146.1187192  -31.7243653 292.38056   107.258    17.995     0.016    23.217   _
   100.99912            B.180411_2358.C  146.1187161  -31.7243758 293.18085   73.3991    17.992     0.020    22.462   MOON_BRIGHT
   101.07716            B.180412_0151.C  146.1187188  -31.7243615 313.17723   118.880    17.920     0.016    23.583   MOON_BRIGHT
   101.38924            B.180412_0920.A  146.1187228  -31.7243725 311.81754   77.6057    17.924     0.019    22.541   _
   101.46186            B.180412_1105.A  146.1187157  -31.7243614 293.97820   111.441    17.989     0.016    23.147   _
   101.52429            B.180412_1234.A  146.1187180  -31.7243577 304.44643   113.898    17.950     0.016    23.362   _
   101.75488            B.180412_1807.S  146.1187121  -31.7243610 288.09609   110.698    18.011     0.016    23.739   _
   103.01245            B.180414_0017.C  146.1187098  -31.7243629 297.61950   106.081    17.975     0.017    23.169   _
   103.07609            B.180414_0149.C  146.1187168  -31.7243628 298.18118   120.319    17.973     0.016    23.537   MOON_BRIGHT
   103.13891            B.180414_0320.C  146.1187229  -31.7243636 310.18122   112.898    17.930     0.016    23.235   MOON_BRIGHT
   103.40735            B.180414_0946.A  146.1187150  -31.7243735 296.05824   101.853    17.981     0.017    22.855   _
   103.47435            B.180414_1123.A  146.1187131  -31.7243657 299.86009   98.9038    17.967     0.017    22.918   _
   103.53900            B.180414_1256.A  146.1187294  -31.7243664 299.65400   93.7422    17.968     0.017    22.773   _
   103.75515            B.180414_1807.S  146.1187109  -31.7243659 282.56803   106.394    18.032     0.017    23.417   _
   103.81913            B.180414_1939.S  146.1187280  -31.7243684 288.15385   107.045    18.011     0.017    23.363   _
   103.88644            B.180414_2116.S  146.1187243  -31.7243607 285.84823   106.875    18.019     0.017    23.425   _
   103.99045            B.180414_2346.C  146.1187158  -31.7243653 302.47064   92.8176    17.958     0.018    23.101   _
   104.06155            B.180415_0128.C  146.1187163  -31.7243641 297.39635   112.266    17.976     0.016    23.169   _
   104.12992            B.180415_0307.C  146.1187354  -31.7243746 300.62764   103.452    17.964     0.017    22.873   MOON_BRIGHT
   104.40687            B.180415_0945.A  146.1187140  -31.7243629 296.91574   87.7069    17.978     0.018    22.946   _
   104.47079            B.180415_1117.A  146.1187202  -31.7243618 305.24381   115.209    17.948     0.016    23.330   _
   104.53652            B.180415_1252.A  146.1187164  -31.7243556 313.33009   114.902    17.919     0.016    23.434   _
   104.75317            B.180415_1804.S  -99.9999999  -99.9999999 -99.99999    -99.99   -99.999   -99.999   -99.999   PSF_ERROR_BAD_IMAGE
   104.83769            B.180415_2006.S  146.1187339  -31.7243638 290.69351   107.879    18.001     0.016    23.341   _
   104.90014            B.180415_2136.S  146.1187091  -31.7243745 281.93172   99.5989    18.034     0.017    23.114   _
   105.01308            B.180416_0018.C  146.1187172  -31.7243670 291.34126   98.3533    17.998     0.017    22.736   _
   105.09372            B.180416_0214.C  146.1187186  -31.7243659 301.16545   115.198    17.962     0.016    23.246   _
   106.00374            B.180417_0005.C  146.1187193  -31.7243692 293.81276   86.4885    17.989     0.018    22.696   _
   106.06786            B.180417_0137.C  146.1187157  -31.7243627 296.85482   112.662    17.978     0.016    23.279   _
   106.13132            B.180417_0309.C  146.1187251  -31.7243759 327.23267   95.3311    17.872     0.017    22.598   _
   106.13469            B.180417_0313.C  146.1187292  -31.7243715 299.31922   102.624    17.969     0.017    22.827   _
   106.40080            B.180417_0937.A  146.1187302  -31.7243814 298.88039   74.8544    17.971     0.020    22.376   _
   106.40228            B.180417_0939.A  146.1187151  -31.7243766 293.17909   93.6185    17.992     0.017    22.645   _
   106.46698            B.180417_1112.A  146.1187183  -31.7243622 299.85374   110.736    17.967     0.016    23.116   _
   106.53109            B.180417_1244.A  146.1187213  -31.7243676 296.52283   104.042    17.979     0.017    22.929   _
   106.83228            B.180417_1958.S  146.1187200  -31.7243621 286.99385   98.4818    18.015     0.017    23.382   _
   106.89917            B.180417_2134.S  146.1187261  -31.7243579 289.91421   106.832    18.004     0.017    23.459   _
   107.01532            B.180418_0022.C  146.1187326  -31.7243862 291.41187   85.0366    17.998     0.018    22.438   _
   107.08144            B.180418_0157.C  146.1187308  -31.7243922 289.04976   89.6907    18.007     0.018    22.601   _
   107.41164            B.180418_0952.A  146.1187282  -31.7243940 297.17833   69.3172    17.977     0.020    22.433   _
   108.00417            B.180419_0006.C  146.1187184  -31.7243645 294.89717   109.674    17.985     0.016    23.293   _
   108.00569            B.180419_0008.C  146.1187185  -31.7243662 300.99057   115.121    17.963     0.016    23.290   _
   108.07399            B.180419_0146.C  146.1187122  -31.7243572 301.88992   113.092    17.960     0.016    23.248   _
   108.13487            B.180419_0314.C  146.1187191  -31.7243564 303.53031   110.101    17.954     0.016    23.200   _
   108.74966            B.180419_1759.S  146.1187257  -31.7243582 286.79031   96.0526    18.016     0.017    22.963   MOON_BRIGHT
   108.81419            B.180419_1932.S  146.1187321  -31.7243529 285.27508   107.750    18.021     0.016    23.238   MOON_BRIGHT
   108.88748            B.180419_2117.S  146.1187296  -31.7243665 286.05035   106.521    18.018     0.017    23.201   MOON_BRIGHT
   109.00769            B.180420_0011.C  146.1187177  -31.7243689 302.45589   113.231    17.958     0.016    23.137   _
   109.07471            B.180420_0147.C  146.1187146  -31.7243605 305.34179   114.749    17.947     0.016    23.340   _
   109.13792            B.180420_0318.C  146.1187133  -31.7243550 318.29475   106.368    17.902     0.017    23.085   _
   109.40094            B.180420_0937.A  146.1187108  -31.7243703 301.05321   87.5301    17.963     0.018    22.808   _
   109.40242            B.180420_0939.A  146.1187154  -31.7243604 297.40093   110.302    17.976     0.016    23.107   _
   109.47245            B.180420_1120.A  146.1187213  -31.7243559 303.52769   115.447    17.954     0.016    23.434   _
   109.53392            B.180420_1248.A  146.1187243  -31.7243517 308.71928   103.618    17.935     0.017    23.043   _
   109.53662            B.180420_1252.A  146.1187215  -31.7243557 306.60876   110.383    17.943     0.016    23.188   _
   109.74477            B.180420_1752.S  -99.9999999  -99.9999999 -99.99999    -99.99   -99.999   -99.999   -99.999   PSF_ERROR_BAD_IMAGE
   109.74792            B.180420_1756.S  146.1187131  -31.7243576 285.31025   112.670    18.021     0.016    23.514   MOON_BRIGHT
   109.82707            B.180420_1950.S  146.1187192  -31.7243649 288.54174   107.293    18.009     0.016    23.176   MOON_BRIGHT
   109.88543            B.180420_2115.S  146.1187284  -31.7243585 288.04317   112.863    18.011     0.016    23.720   MOON_BRIGHT
   110.00182            B.180421_0002.C  146.1187163  -31.7243656 303.58461   116.486    17.954     0.016    23.352   _
   110.06935            B.180421_0139.C  146.1187156  -31.7243619 300.59316   117.076    17.964     0.016    23.466   _
   110.13991            B.180421_0321.C  146.1187088  -31.7243613 313.85950   110.583    17.917     0.016    23.254   _
   110.40439            B.180421_0942.A  146.1187140  -31.7243721 298.97401   96.0773    17.970     0.017    22.690   _
   110.40799            B.180421_0947.A  146.1187250  -31.7243763 295.32380   91.0987    17.984     0.018    22.626   _
   110.40953            B.180421_0949.A  146.1187134  -31.7243779 294.99164   90.2848    17.985     0.018    22.588   _
   110.47869            B.180421_1129.A  146.1187216  -31.7243707 295.52868   100.506    17.983     0.017    22.830   _
   110.75286            B.180421_1804.S  146.1187170  -31.7243611 293.42147   108.906    17.991     0.016    23.211   MOON_BRIGHT
   110.82611            B.180421_1949.S  146.1187143  -31.7243596 289.59906   113.325    18.005     0.016    23.599   MOON_BRIGHT
   110.88331            B.180421_2111.S  146.1187135  -31.7243627 289.69680   113.365    18.005     0.016    23.812   MOON_BRIGHT
   111.01292            B.180422_0018.C  146.1187171  -31.7243653 307.85369   114.015    17.938     0.016    23.266   _
   111.07581            B.180422_0149.C  146.1187174  -31.7243606 303.99757   112.973    17.952     0.016    23.215   _
   111.13556            B.180422_0315.C  146.1187224  -31.7243612 294.91556   108.763    17.985     0.016    23.090   _
   111.39493            B.180422_0928.A  146.1187190  -31.7243690 310.24254   106.485    17.930     0.017    22.909   _
   111.45928            B.180422_1101.A  146.1187374  -31.7243866 296.94908   66.9371    17.978     0.021    22.007   _
   111.74880            B.180422_1758.S  146.1187164  -31.7243661 288.71254   99.5523    18.008     0.017    22.972   MOON_BRIGHT
   111.82110            B.180422_1942.S  146.1187267  -31.7243683 291.24620   108.027    17.999     0.016    23.224   MOON_BRIGHT
   112.01970            B.180423_0028.C  146.1187138  -31.7243704 298.55366   100.113    17.972     0.017    22.760   _
   112.13699            B.180423_0317.C  146.1187204  -31.7243729 311.36612   70.6026    17.926     0.020    22.169   _
   112.40296            B.180423_0940.A  146.1187131  -31.7243654 301.57425   91.7113    17.961     0.018    22.643   MOON_BRIGHT
   112.47227            B.180423_1120.A  146.1187229  -31.7243672 300.50890   90.9082    17.965     0.018    22.578   _
   112.77365            B.180423_1834.S  146.1187221  -31.7243770 287.08582   78.7509    18.015     0.019    22.283   MOON_BRIGHT
   112.84600            B.180423_2018.S  146.1187398  -31.7243784 294.07840   80.2371    17.988     0.019    22.339   MOON_BRIGHT
   113.03176            B.180424_0045.C  146.1187105  -31.7243664 298.67026   90.5903    17.971     0.018    22.456   _
   113.03648            B.180424_0052.C  146.1187147  -31.7243714 295.98121   87.8664    17.981     0.018    22.459   _
   113.09998            B.180424_0223.C  146.1187176  -31.7243808 299.95422   89.9898    17.967     0.018    22.557   _
   113.39338            B.180424_0926.A  146.1187223  -31.7243836 303.58685   69.3635    17.954     0.020    22.176   MOON_BRIGHT
   113.39487            B.180424_0928.A  146.1187066  -31.7243753 301.77601   85.2235    17.960     0.018    22.368   MOON_BRIGHT
   113.46293            B.180424_1106.A  146.1187121  -31.7243681 302.38833   73.2339    17.958     0.020    22.130   _
   113.46589            B.180424_1110.A  146.1187131  -31.7243783 295.43991   70.9060    17.983     0.020    22.055   _
   113.82904            B.180424_1953.S  146.1187192  -31.7243706 287.93269   88.8897    18.011     0.018    22.605   MOON_BRIGHT
   113.99420            B.180424_2351.C  146.1187151  -31.7243681 302.59141   90.1177    17.957     0.018    22.484   _
   113.99613            B.180424_2354.C  146.1187223  -31.7243639 310.65201   90.3621    17.928     0.018    22.403   _
   114.05713            B.180425_0122.C  146.1187161  -31.7243698 306.24008   86.0275    17.944     0.018    22.328   _
   115.38963            B.180426_0921.A  146.1187122  -31.7243715 310.09739   80.1150    17.930     0.019    22.195   MOON_BRIGHT
   115.45749            B.180426_1058.A  146.1187307  -31.7243805 294.29351   68.2879    17.987     0.021    21.977   MOON_BRIGHT
   115.46091            B.180426_1103.A  146.1187182  -31.7243746 295.95071   65.5603    17.981     0.021    21.976   MOON_BRIGHT
   116.01909            B.180427_0027.C  146.1187174  -31.7243849 306.34483   71.2215    17.944     0.020    22.014   _
   116.08194            B.180427_0157.C  146.1187148  -31.7243772 294.48697   61.3443    17.987     0.022    21.873   _
   116.38622            B.180427_0916.A  146.1187256  -31.7244173 293.38382   31.2982    17.991     0.037    21.061   MOON_BRIGHT
   116.45240            B.180427_1051.A  146.1187368  -31.7243821 296.56113   53.0214    17.979     0.024    21.647   MOON_BRIGHT
   116.73786            B.180427_1742.S  146.1187149  -31.7243730 292.08360   76.9083    17.996     0.019    22.238   _
   116.80079            B.180427_1913.S  146.1187262  -31.7243740 290.72539   68.5018    18.001     0.021    22.042   MOON_BRIGHT
   116.86692            B.180427_2048.S  146.1187236  -31.7243964 286.21360   52.2644    18.018     0.025    21.705   MOON_BRIGHT
   116.99997            B.180427_2359.C  146.1187145  -31.7243800 300.79315   67.8278    17.964     0.021    21.947   _
   117.06295            B.180428_0130.C  146.1187218  -31.7243782 307.01723   66.6395    17.941     0.021    21.911   _
   117.38424            B.180428_0913.A  -99.9999999  -99.9999999 -99.99999    -99.99   -99.999   -99.999   -99.999   PSF_ERROR_BAD_IMAGE
   117.38572            B.180428_0915.A  146.1187261  -31.7243760 298.63417   66.8600    17.972     0.021    21.956   MOON_BRIGHT
   117.45416            B.180428_1053.A  146.1187443  -31.7243927 300.31183   46.3604    17.965     0.027    21.513   MOON_BRIGHT
   117.73303            B.180428_1735.S  146.1187182  -31.7244001 293.98285   42.0457    17.989     0.029    21.327   _
   117.79948            B.180428_1911.S  146.1187366  -31.7244038 286.18156   35.8233    18.018     0.033    21.204   MOON_BRIGHT
   117.86747            B.180428_2049.S  146.1187483  -31.7243838 289.88129   36.4901    18.004     0.033    21.248   MOON_BRIGHT
   117.99052            B.180428_2346.C  146.1187434  -31.7244121 313.19406   30.0769    17.920     0.039    20.915   MOON_BRIGHT
   118.05292            B.180429_0116.C  146.1187833  -31.7244166 305.22006   17.7585    17.948     0.063    20.351   _
   118.11567            B.180429_0246.C  146.1187473  -31.7244817 -99.99999    -99.99   -99.999   -99.999    20.253   _
   118.39436            B.180429_0927.A  146.1187223  -31.7243788 297.26342   64.0887    17.977     0.021    21.960   MOON_BRIGHT
   118.46461            B.180429_1109.A  146.1187241  -31.7243805 291.84510   63.3245    17.997     0.022    21.966   MOON_BRIGHT
   118.73473            B.180429_1738.S  146.1187313  -31.7243869 294.60456   59.7203    17.986     0.022    21.852   _
   118.79865            B.180429_1910.S  146.1187133  -31.7244011 289.33874   32.6420    18.006     0.036    21.081   MOON_BRIGHT
   118.86642            B.180429_2047.S  146.1187511  -31.7243981 272.82873   40.5488    18.070     0.030    21.435   MOON_BRIGHT
   118.99476            B.180429_2352.C  146.1187098  -31.7243855 304.68731   70.9668    17.950     0.020    22.008   MOON_BRIGHT
   119.05603            B.180430_0120.C  146.1187163  -31.7243834 301.76735   65.9577    17.960     0.021    21.966   MOON_BRIGHT
   119.11530            B.180430_0245.C  146.1187597  -31.7244101 301.35965   44.7479    17.962     0.028    21.410   _
   119.38449            B.180430_0913.A  146.1187384  -31.7243892 298.91777   56.0488    17.970     0.023    21.787   MOON_BRIGHT
   119.38718            B.180430_0917.A  146.1187298  -31.7244045 303.33399   51.1644    17.954     0.025    21.575   MOON_BRIGHT
   119.44903            B.180430_1046.A  146.1187493  -31.7243881 305.71521   46.9888    17.946     0.027    21.458   MOON_BRIGHT
   119.72882            B.180430_1729.S  146.1187183  -31.7243647 291.15308   90.7624    17.999     0.018    22.642   _
   119.79072            B.180430_1858.S  146.1187215  -31.7243737 293.72034   85.7573    17.990     0.018    22.457   _
   119.99671            B.180430_2355.C  146.1187790  -31.7244178 286.45240   14.0983    18.017     0.078    20.215   MOON_BRIGHT
   121.38632            B.180502_0916.A  146.1187096  -31.7243619 300.74834   109.227    17.964     0.016    23.155   MOON_BRIGHT
   121.44708            B.180502_1043.A  146.1187144  -31.7243647 312.45229   92.2623    17.922     0.018    22.509   MOON_BRIGHT
   121.50645            B.180502_1209.A  146.1187401  -31.7243734 328.00396   43.1824    17.869     0.028    21.334   MOON_BRIGHT
   121.82701            B.180502_1950.S  146.1187403  -31.7243872 288.95662   61.0806    18.007     0.022    21.887   _
   121.98478            B.180502_2338.C  146.1187131  -31.7243638 299.78350   115.767    17.967     0.016    23.323   MOON_BRIGHT
   122.05245            B.180503_0115.C  146.1187123  -31.7243756 296.07750   91.9044    17.981     0.018    22.517   MOON_BRIGHT
   122.73104            B.180503_1732.S  146.1187321  -31.7243753 286.49146   101.493    18.017     0.017    22.929   _
   122.79589            B.180503_1906.S  146.1187152  -31.7243641 291.71751   103.685    17.997     0.017    22.997   _
   122.85789            B.180503_2035.S  146.1187153  -31.7243720 286.13082   90.0809    18.018     0.018    22.619   _
   122.98571            B.180503_2339.C  146.1187100  -31.7243640 305.87165   116.905    17.945     0.016    23.295   MOON_BRIGHT
   123.06003            B.180504_0126.C  146.1187154  -31.7243683 299.23978   105.470    17.969     0.017    22.964   MOON_BRIGHT
   123.39405            B.180504_0927.A  146.1187255  -31.7243627 281.51436   80.8365    18.036     0.019    22.349   MOON_BRIGHT
   123.45675            B.180504_1057.A  146.1187179  -31.7243703 290.70428   71.4173    18.001     0.020    22.110   MOON_BRIGHT
   123.73045            B.180504_1731.S  146.1187091  -31.7243564 289.04911   115.635    18.007     0.016    23.684   _
   123.79615            B.180504_1906.S  146.1187179  -31.7243589 288.79923   113.487    18.008     0.016    23.537   _
   123.99756            B.180504_2356.C  146.1187188  -31.7243613 307.17569   116.986    17.941     0.016    23.365   MOON_BRIGHT
   124.07028            B.180505_0141.C  146.1187217  -31.7243569 308.96439   113.317    17.934     0.016    23.250   MOON_BRIGHT
   124.38917            B.180505_0920.A  146.1187353  -31.7243922 282.46676   67.0917    18.032     0.021    22.030   MOON_BRIGHT
   124.45690            B.180505_1057.A  146.1187236  -31.7243739 293.49443   87.3995    17.990     0.018    22.438   MOON_BRIGHT
   124.72935            B.180505_1730.S  146.1187092  -31.7243556 291.23828   111.987    17.999     0.016    23.426   _
   124.79196            B.180505_1900.S  146.1187229  -31.7243599 287.49655   107.929    18.013     0.016    23.372   _
   124.85168            B.180505_2026.S  146.1187284  -31.7243645 289.24039   100.252    18.006     0.017    22.977   _
   125.08616            B.180506_0204.C  146.1187165  -31.7243555 304.33366   107.941    17.951     0.016    23.051   MOON_BRIGHT
   125.38745            B.180506_0917.A  146.1187162  -31.7243488 305.94877   111.585    17.945     0.016    23.237   _
   125.45672            B.180506_1057.A  146.1187219  -31.7243522 301.77095   111.666    17.960     0.016    23.188   MOON_BRIGHT
   125.72519            B.180506_1724.S  146.1187328  -31.7243528 284.69969   85.4704    18.024     0.018    22.921   _
   125.79237            B.180506_1901.S  146.1187263  -31.7243533 292.99714   109.826    17.992     0.016    23.371   _
   126.02792            B.180507_0040.C  146.1187348  -31.7243862 301.15502   58.1516    17.962     0.023    22.047   MOON_BRIGHT
   126.39321            B.180507_0926.A  146.1187130  -31.7243571 299.37659   112.596    17.969     0.016    23.227   _
   126.45985            B.180507_1102.A  146.1187239  -31.7243631 305.39064   92.6078    17.947     0.018    22.794   MOON_BRIGHT
   127.05332            B.180508_0116.C  146.1187284  -31.7243838 294.00650   76.5014    17.989     0.019    22.412   MOON_BRIGHT
   127.38428            B.180508_0913.A  146.1187914  -31.7244814 286.88098   22.0550    18.015     0.051    20.731   _
   127.44755            B.180508_1044.A  -99.9999999  -99.9999999 -99.99999    -99.99   -99.999   -99.999   -99.999   PSF_ERROR_BAD_IMAGE
   127.99463            B.180508_2352.C  146.1187171  -31.7243698 294.22071   107.357    17.988     0.016    23.042   MOON_BRIGHT
   128.05910            B.180509_0125.C  146.1187557  -31.7243891 291.15145   72.0953    17.999     0.020    22.099   MOON_BRIGHT
   128.45057            B.180509_1048.A  -99.9999999  -99.9999999 -99.99999    -99.99   -99.999   -99.999   -99.999   PSF_ERROR_BAD_IMAGE
   128.74036            B.180509_1746.S  146.1187122  -31.7243586 293.89638   113.331    17.989     0.016    23.435   _
   128.80968            B.180509_1925.S  146.1187147  -31.7243653 293.98103   100.574    17.989     0.017    23.402   _
   129.73478            B.180510_1738.S  146.1187700  -31.7244312 370.07086   19.0925    17.738     0.059    20.382   _
   129.80772            B.180510_1923.S  146.1187558  -31.7243908 287.38717   45.5644    18.013     0.027    21.812   _
   129.99784            B.180510_2356.C  146.1187182  -31.7243646 297.17940   115.488    17.977     0.016    23.308   MOON_BRIGHT
   130.06936            B.180511_0139.C  146.1187195  -31.7243586 311.88802   113.196    17.924     0.016    23.371   MOON_BRIGHT
   130.73172            B.180511_1733.S  146.1187300  -31.7243608 298.44295   104.892    17.972     0.017    23.080   _
   130.79853            B.180511_1909.S  146.1187175  -31.7243727 288.27251   97.6805    18.010     0.017    22.901   _
   130.80619            B.180511_1920.S  146.1187295  -31.7243683 290.04987   101.055    18.003     0.017    23.044   _
   130.99545            B.180511_2353.C  146.1187165  -31.7243646 311.76155   118.104    17.925     0.016    23.369   MOON_BRIGHT
   131.06348            B.180512_0131.C  146.1187277  -31.7243641 314.13977   117.655    17.916     0.016    23.495   MOON_BRIGHT
   131.45872            B.180512_1100.A  146.1187324  -31.7243815 281.63240   65.3238    18.035     0.021    22.052   _
   131.73274            B.180512_1735.S  146.1187240  -31.7243682 290.64427   106.804    18.001     0.017    23.187   _
   131.80021            B.180512_1912.S  146.1187200  -31.7243559 297.32763   107.016    17.976     0.016    23.373   _
   131.98980            B.180512_2345.C  146.1187108  -31.7243651 301.89915   101.770    17.960     0.017    22.868   _
   132.05600            B.180513_0120.C  146.1187182  -31.7243604 300.15287   111.205    17.966     0.016    23.133   MOON_BRIGHT
   132.39146            B.180513_0923.A  146.1187137  -31.7243612 298.86838   110.793    17.971     0.016    23.172   _
   132.46073            B.180513_1103.A  146.1187231  -31.7243504 301.98790   109.888    17.959     0.016    23.282   _
   132.74029            B.180513_1746.S  146.1187130  -31.7243601 294.21097   108.629    17.988     0.016    23.368   _
   132.80562            B.180513_1920.S  146.1187186  -31.7243550 293.33811   108.059    17.991     0.016    23.410   _
   133.38119            B.180514_0908.A  146.1187280  -31.7243764 290.15462   92.5301    18.003     0.018    22.611   _
   133.44858            B.180514_1045.A  146.1187259  -31.7243698 295.93057   99.2534    17.981     0.017    22.797   _
   133.73200            B.180514_1734.S  146.1187144  -31.7243629 299.95052   111.569    17.967     0.016    23.578   _
   133.81078            B.180514_1927.S  146.1187168  -31.7243599 302.35717   108.315    17.958     0.016    23.504   _
   133.98426            B.180514_2337.C  146.1187322  -31.7243895 307.95184   65.1586    17.938     0.021    22.183   _
   134.05603            B.180515_0120.C  146.1187187  -31.7243505 317.28557   111.063    17.905     0.016    23.165   _
   134.44975            B.180515_1047.A  146.1187242  -31.7243599 304.87773   106.688    17.949     0.017    22.990   _
   134.73493            B.180515_1738.S  146.1187184  -31.7243558 295.14472   111.406    17.984     0.016    23.673   _
   134.97991            B.180515_2331.C  146.1187152  -31.7243609 308.52826   110.589    17.936     0.016    23.254   _
   135.04736            B.180516_0108.C  146.1187176  -31.7243527 302.05141   104.820    17.959     0.017    23.338   _
   135.37082            B.180516_0853.A  146.1187222  -31.7243796 285.93486   84.1681    18.019     0.018    22.420   _
   135.43640            B.180516_1028.A  146.1187191  -31.7243640 295.37028   99.9200    17.984     0.017    22.819   _
   135.73628            B.180516_1740.S  146.1187111  -31.7243616 295.34588   112.202    17.984     0.016    23.684   MOON_BRIGHT
   135.80378            B.180516_1917.S  146.1187127  -31.7243606 296.83390   109.677    17.978     0.016    23.551   MOON_BRIGHT
   135.99390            B.180516_2351.C  146.1187151  -31.7243667 295.72088   114.770    17.982     0.016    23.273   _
   136.05469            B.180517_0118.C  146.1187226  -31.7243555 305.35273   113.389    17.947     0.016    23.257   _
   136.38023            B.180517_0907.A  146.1187113  -31.7243595 297.48755   111.571    17.976     0.016    23.138   _
   136.44456            B.180517_1040.A  146.1187306  -31.7243729 295.18938   94.2086    17.984     0.017    22.694   _
   136.73572            B.180517_1739.S  146.1187191  -31.7243631 298.60286   112.259    17.972     0.016    23.644   MOON_BRIGHT
   136.79796            B.180517_1909.S  146.1187154  -31.7243595 292.37858   108.631    17.995     0.016    23.565   MOON_BRIGHT
   137.38280            B.180518_0911.A  146.1187265  -31.7243605 292.35854   90.8555    17.995     0.018    22.511   _
   137.45097            B.180518_1049.A  146.1187359  -31.7243788 299.15590   98.0321    17.970     0.017    22.790   _
   137.73550            B.180518_1739.S  146.1187560  -31.7245223 -99.99999    -99.99   -99.999   -99.999    19.202   MOON_BRIGHT
   138.44860            B.180519_1045.A  146.1187319  -31.7243601 290.60096   84.9759    18.001     0.018    22.475   _
   139.37550            B.180520_0900.A  146.1187349  -31.7243851 283.62406   54.8545    18.028     0.024    21.730   _
   139.44204            B.180520_1036.A  146.1187325  -31.7243848 281.85049   45.5363    18.035     0.027    21.554   _
   140.38079            B.180521_0908.A  146.1187288  -31.7243789 299.15949   86.9107    17.970     0.018    22.479   _
   140.45056            B.180521_1048.A  146.1187193  -31.7243839 298.10578   76.7539    17.973     0.019    22.246   _
   141.40235            B.180522_0939.A  146.1187398  -31.7243846 289.30121   65.8607    18.006     0.021    21.945   MOON_BRIGHT
   141.97961            B.180522_2330.C  146.1187173  -31.7243666 301.27347   106.162    17.962     0.017    22.919   _
   142.04801            B.180523_0109.C  146.1187154  -31.7243629 306.31896   104.532    17.944     0.017    22.908   _
   142.38063            B.180523_0908.A  146.1187526  -31.7243974 278.82849   47.9711    18.046     0.026    21.601   MOON_BRIGHT
   142.44663            B.180523_1043.A  146.1187226  -31.7243940 292.62986   54.0866    17.994     0.024    21.690   MOON_BRIGHT
   142.72278            B.180523_1720.S  146.1187149  -31.7243674 299.27295   80.0889    17.969     0.019    22.417   MOON_BRIGHT
   142.78727            B.180523_1853.S  146.1187450  -31.7243869 329.22840   43.6362    17.865     0.028    21.388   MOON_BRIGHT
   142.79288            B.180523_1901.S  146.1187471  -31.7243930 299.61812   36.2248    17.968     0.033    21.229   MOON_BRIGHT
   142.97473            B.180523_2323.C  146.1187135  -31.7243668 306.30090   98.3078    17.944     0.017    22.620   _
   143.04066            B.180524_0058.C  146.1187098  -31.7243693 307.83920   92.7121    17.938     0.018    22.572   _
   143.97226            B.180524_2320.C  146.1187164  -31.7243734 296.65203   84.7073    17.979     0.018    22.361   _
   144.03337            B.180525_0048.C  146.1187151  -31.7243697 300.75013   87.0021    17.964     0.018    22.409   _
   144.37701            B.180525_0902.A  146.1187182  -31.7243658 305.40905   92.3134    17.947     0.018    22.549   MOON_BRIGHT
   144.97126            B.180525_2318.C  146.1187074  -31.7243764 304.87803   84.6077    17.949     0.018    22.314   _
   145.03213            B.180526_0046.C  146.1187249  -31.7243791 302.70311   73.7605    17.957     0.020    22.108   _
   145.71566            B.180526_1710.S  146.1187279  -31.7243731 295.14215   70.6917    17.984     0.020    22.121   MOON_BRIGHT
   145.77922            B.180526_1842.S  146.1187091  -31.7243767 298.95553   74.5175    17.970     0.020    22.153   MOON_BRIGHT
   146.03855            B.180527_0055.C  146.1187249  -31.7243829 300.00913   66.8023    17.967     0.021    21.951   _
   146.73234            B.180527_1734.S  146.1187201  -31.7243713 297.09799   83.0548    17.977     0.018    22.389   MOON_BRIGHT
   146.79447            B.180527_1904.S  146.1187447  -31.7243828 299.17470   44.8288    17.970     0.028    21.472   MOON_BRIGHT
   146.80227            B.180527_1915.S  146.1187236  -31.7243807 304.79493   59.7279    17.949     0.022    21.791   MOON_BRIGHT
   146.98144            B.180527_2333.C  146.1187155  -31.7243674 305.08465   81.8586    17.948     0.019    22.286   MOON_BRIGHT
   147.37497            B.180528_0859.A  146.1187197  -31.7243701 298.33285   65.3871    17.973     0.021    21.951   MOON_BRIGHT
   148.37774            B.180529_0903.A  146.1187184  -31.7243715 304.56706   77.9988    17.950     0.019    22.241   MOON_BRIGHT
   148.38912            B.180529_0920.A  146.1187252  -31.7243679 305.36789   75.5207    17.947     0.019    22.162   MOON_BRIGHT
   148.74192            B.180529_1748.S  146.1187362  -31.7243814 301.88447   54.8101    17.960     0.024    21.709   _
   149.73015            B.180530_1731.S  146.1187605  -31.7244295 292.51884   21.0547    17.994     0.053    20.612   _
   150.37245            B.180531_0856.A  146.1187351  -31.7243903 287.84911   55.6848    18.012     0.023    21.731   MOON_BRIGHT
   150.71899            B.180531_1715.S  146.1187301  -31.7243649 291.95725   100.305    17.996     0.017    22.978   _
   150.97281            B.180531_2320.C  146.1187277  -31.7243752 294.86205   105.753    17.985     0.017    22.997   MOON_BRIGHT
   151.03485            B.180601_0050.C  146.1187340  -31.7243715 303.03863   73.1597    17.956     0.020    22.093   MOON_BRIGHT
   151.38463            B.180601_0913.A  146.1187325  -31.7243737 297.17254   91.8379    17.977     0.018    22.602   MOON_BRIGHT
   151.97395            B.180601_2322.C  146.1187159  -31.7243661 295.47322   115.305    17.983     0.016    23.339   MOON_BRIGHT
   152.71716            B.180602_1712.S  146.1187240  -31.7243612 293.30234   103.047    17.991     0.017    23.115   _
   152.77412            B.180602_1834.S  146.1187618  -31.7244808 -99.99999    -99.99   -99.999   -99.999    18.568   _
   152.96925            B.180602_2315.C  146.1187159  -31.7243635 301.09579   119.600    17.963     0.016    23.505   MOON_BRIGHT
   153.38088            B.180603_0908.A  146.1187286  -31.7243626 295.95939   92.3930    17.981     0.018    22.659   MOON_BRIGHT
   153.97784            B.180603_2328.C  146.1187208  -31.7243607 301.94172   117.634    17.960     0.016    23.393   MOON_BRIGHT
   154.37021            B.180604_0853.A  146.1187168  -31.7243667 294.15083   102.663    17.988     0.017    22.945   _
   154.71682            B.180604_1712.S  146.1187188  -31.7243652 291.18479   106.531    17.999     0.017    23.283   _
   154.77358            B.180604_1833.S  146.1187399  -31.7243753 283.57576   86.8706    18.028     0.018    22.608   _
   154.96692            B.180604_2312.C  146.1187299  -31.7243629 299.77161   108.764    17.967     0.016    23.024   MOON_BRIGHT
   155.37631            B.180605_0901.A  146.1187355  -31.7243798 292.02751   87.0927    17.996     0.018    22.483   _
   155.72341            B.180605_1721.S  146.1187176  -31.7243661 295.00392   111.941    17.985     0.016    23.680   _
   156.37360            B.180606_0857.A  146.1187234  -31.7243757 292.24515   84.8662    17.995     0.018    22.466   _
   156.72067            B.180606_1717.S  146.1187199  -31.7243674 295.65314   107.623    17.982     0.016    23.328   _
   156.97125            B.180606_2318.C  146.1187185  -31.7243670 294.06338   112.398    17.988     0.016    23.203   MOON_BRIGHT
   157.02520            B.180607_0036.C  146.1187213  -31.7243637 295.49994   109.031    17.983     0.016    23.117   MOON_BRIGHT
   157.71471            B.180607_1709.S  146.1187180  -31.7243604 295.01419   106.285    17.985     0.017    23.605   _
   157.96171            B.180607_2304.C  146.1187135  -31.7243558 297.74769   111.915    17.975     0.016    23.153   MOON_BRIGHT
   158.01508            B.180608_0021.C  146.1187064  -31.7243674 294.87884   108.093    17.985     0.016    23.120   MOON_BRIGHT
   158.71244            B.180608_1705.S  146.1187300  -31.7243670 295.75348   79.3897    17.982     0.019    22.923   _
   158.95791            B.180608_2259.C  146.1187110  -31.7243658 306.72724   110.161    17.942     0.016    23.217   MOON_BRIGHT
   159.00999            B.180609_0014.C  146.1187141  -31.7243675 304.61384   98.3637    17.950     0.017    23.010   MOON_BRIGHT
   160.36873            B.180610_0850.A  146.1187366  -31.7243750 292.54010   88.4187    17.994     0.018    22.566   _
   160.71491            B.180610_1709.S  146.1187325  -31.7243674 295.45269   98.3361    17.983     0.017    22.893   _
   161.37021            B.180611_0853.A  146.1187371  -31.7243777 293.84689   88.8683    17.989     0.018    22.539   _
   161.70780            B.180611_1659.S  146.1187200  -31.7243641 299.03274   111.326    17.970     0.016    23.569   _
   162.36669            B.180612_0848.A  146.1187246  -31.7243646 293.03042   97.8535    17.992     0.017    22.833   _
   162.70858            B.180612_1700.S  146.1187136  -31.7243577 290.58567   99.7779    18.001     0.017    23.288   _
   162.96356            B.180612_2307.C  146.1187226  -31.7243667 295.08861   104.725    17.985     0.017    22.872   _
   162.96666            B.180612_2311.C  146.1187246  -31.7243667 302.51486   104.614    17.957     0.017    22.847   _
   163.37447            B.180613_0859.A  146.1187294  -31.7243759 287.84981   77.2118    18.012     0.019    22.379   _
   163.70927            B.180613_1701.S  146.1187315  -31.7243715 294.83437   102.586    17.985     0.017    23.103   MOON_BRIGHT
   163.96358            B.180613_2307.C  146.1187236  -31.7243668 300.04548   113.685    17.966     0.016    23.240   _
   164.36756            B.180614_0849.A  146.1187266  -31.7243827 294.87559   82.7516    17.985     0.018    22.445   _
   164.96481            B.180614_2309.C  146.1187190  -31.7243533 311.54857   117.603    17.925     0.016    23.505   _
   166.70630            B.180616_1657.S  146.1188249  -31.7244568 292.96011   17.9518    17.992     0.062    20.474   MOON_BRIGHT
   166.97346            B.180616_2321.C  146.1187157  -31.7243619 299.14422   111.810    17.970     0.016    23.266   _
   167.97148            B.180617_2318.C  -99.9999999  -99.9999999 -99.99999    -99.99   -99.999   -99.999   -99.999   PSF_ERROR_BAD_IMAGE
   168.96972            B.180618_2316.C  146.1187142  -31.7243681 292.68692   95.8115    17.993     0.017    22.706   _
   169.37110            B.180619_0854.A  146.1187250  -31.7243933 295.28421   70.4423    17.984     0.020    22.085   _
   169.95944            B.180619_2301.C  146.1187229  -31.7243723 295.97869   85.5843    17.981     0.018    22.430   _
   170.70757            B.180620_1658.S  146.1187307  -31.7243772 294.72058   71.9615    17.986     0.020    22.178   MOON_BRIGHT
   170.94860            B.180620_2245.C  146.1187428  -31.7243867 292.45404   59.3060    17.994     0.023    21.870   _
   171.36954            B.180621_0852.A  146.1187424  -31.7243837 289.94713   54.6083    18.004     0.024    21.716   MOON_BRIGHT
   171.94942            B.180621_2247.C  146.1187135  -31.7243760 284.79678   59.3831    18.023     0.022    21.853   _
   172.36523            B.180622_0845.A  146.1187204  -31.7243872 292.64851   49.3680    17.994     0.026    21.596   MOON_BRIGHT
   172.70279            B.180622_1652.S  146.1187094  -31.7243721 295.16683   86.4009    17.984     0.018    22.525   MOON_BRIGHT
   172.95336            B.180622_2252.C  146.1187350  -31.7243936 296.15109   60.7961    17.981     0.022    21.904   _
   173.36501            B.180623_0845.A  146.1187310  -31.7243827 293.81570   48.1532    17.989     0.026    21.541   MOON_BRIGHT
   173.94909            B.180623_2246.C  146.1187331  -31.7243882 296.41205   58.3163    17.980     0.023    21.798   _
   174.36096            B.180624_0839.A  146.1187426  -31.7243863 288.08129   45.8244    18.011     0.027    21.467   MOON_BRIGHT
   174.70404            B.180624_1653.S  146.1187287  -31.7243784 301.88347   69.1319    17.960     0.020    22.066   MOON_BRIGHT
   174.95042            B.180624_2248.C  146.1187929  -31.7244208 275.08867   28.9395    18.061     0.040    20.989   MOON_BRIGHT
   175.35950            B.180625_0837.A  146.1187298  -31.7244082 292.39956   45.0550    17.995     0.027    21.415   MOON_BRIGHT
   175.70118            B.180625_1649.S  146.1187685  -31.7245179 -99.99999    -99.99   -99.999   -99.999    20.049   MOON_BRIGHT
   175.94659            B.180625_2243.C  146.1187296  -31.7243898 294.90019   32.3933    17.985     0.036    21.045   MOON_BRIGHT
   176.35514            B.180626_0831.A  146.1187354  -31.7243841 296.02453   46.8123    17.981     0.027    21.501   MOON_BRIGHT
   176.70252            B.180626_1651.S  146.1187268  -31.7243815 294.48949   57.6430    17.987     0.023    21.839   _
   176.96299            B.180626_2306.C  146.1187221  -31.7243799 295.87167   77.2185    17.982     0.019    22.228   MOON_BRIGHT
   177.95103            B.180627_2249.C  146.1187228  -31.7243772 306.48559   58.5844    17.943     0.023    21.772   MOON_BRIGHT