; SOURCE_NAME : oh_aux2
; SOURCE_RA_DEC	[146.12331, 146.1186771, 146.1211579, 146.1252263, 146.1211737]	[-31.72825, -31.72441639, -31.7266625, -31.72913221, -31.73156611]
; NUMBER_OF_REFERENCES	13
; Nilou Afsari	180627_2251
; OBSDAY2018                     STRTXT     RA_MC(")    DEC_MC(") Flux(uJy)       SNR    MAG_MC MAGERR_MC    LIM_MC   NOTE
    37.46196            V.180207_1105.A  146.1211588  -31.7265980 67.644585   20.0404    19.420     0.054    22.026   MOON_BRIGHT
    37.51028            V.180207_1214.A  146.1211391  -31.7266211 75.109623   29.2434    19.306     0.037    22.358   MOON_BRIGHT
    37.80196            V.180207_1914.S  -99.9999999  -99.9999999 -99.99999    -99.99   -99.999   -99.999   -99.999   PSF_ERROR_BAD_IMAGE
    37.80477            V.180207_1918.S  -99.9999999  -99.9999999 -99.99999    -99.99   -99.999   -99.999   -99.999   PSF_ERROR_BAD_IMAGE
    38.03818            V.180208_0054.C  146.1211589  -31.7266208 70.469241   19.4906    19.375     0.056    21.946   MOON_BRIGHT
    38.06505            V.180208_0133.C  146.1211625  -31.7266157 70.552993   23.7776    19.374     0.046    22.168   MOON_BRIGHT
    38.10010            V.180208_0224.C  146.1211442  -31.7266152 68.488880   30.6127    19.406     0.036    22.590   MOON_BRIGHT
    38.45528            V.180208_1055.A  146.1211944  -31.7266198 56.831284   3.76423    19.610     0.290    20.264   MOON_BRIGHT
    38.47821            V.180208_1128.A  146.1211613  -31.7266398 67.294475   20.5526    19.426     0.053    22.023   MOON_BRIGHT
    38.80818            V.180208_1923.S  146.1211440  -31.7266199 60.226137   33.6877    19.547     0.032    22.979   _
    39.83812            V.180209_2006.S  146.1212142  -31.7266326 65.678072   20.1187    19.452     0.054    21.999   _
    39.83953            V.180209_2008.S  146.1211777  -31.7266279 61.348747   20.0875    19.527     0.054    22.107   _
    39.89378            V.180209_2127.S  146.1211577  -31.7266005 57.942569   13.9348    19.589     0.078    21.660   _
    40.79058            V.180210_1858.S  146.1211801  -31.7266232 64.970105   22.7523    19.464     0.048    22.183   _
    40.87704            V.180210_2102.S  146.1211429  -31.7266041 60.153960   32.0595    19.548     0.034    22.804   _
    41.60462            V.180211_1430.A  146.1211623  -31.7266248 65.656877   26.1278    19.452     0.042    22.370   MOON_BRIGHT
    41.66545            V.180211_1558.A  146.1211424  -31.7266259 63.552221   29.3324    19.488     0.037    22.635   MOON_BRIGHT
    41.72572            V.180211_1725.A  146.1211568  -31.7266231 67.588966   28.6143    19.421     0.038    22.451   MOON_BRIGHT
    43.60488            V.180213_1431.A  146.1211498  -31.7266094 66.329260   26.7686    19.441     0.041    22.363   _
    43.67616            V.180213_1613.A  146.1211537  -31.7266154 63.937976   27.3172    19.481     0.040    22.522   MOON_BRIGHT
    43.74058            V.180213_1746.A  146.1211520  -31.7266205 64.091928   25.9945    19.479     0.042    22.366   MOON_BRIGHT
    46.43819            V.180216_1031.A  146.1211659  -31.7266357 63.834010   23.6475    19.483     0.046    22.314   _
    46.48083            V.180216_1132.A  146.1211511  -31.7266293 67.440802   28.0130    19.423     0.039    22.410   _
    46.53187            V.180216_1245.A  146.1211591  -31.7266136 62.192896   24.9467    19.512     0.044    22.372   _
    47.44345            V.180217_1038.A  146.1211562  -31.7266145 65.061709   15.6376    19.462     0.070    21.700   _
    47.49082            V.180217_1146.A  146.1211417  -31.7266219 61.671453   21.4561    19.521     0.051    22.255   _
    48.43356            V.180218_1024.A  146.1211956  -31.7266227 67.374511   15.8141    19.424     0.069    21.726   _
    48.48505            V.180218_1138.A  146.1211452  -31.7266213 81.282649   20.7640    19.220     0.053    21.865   _
    48.53587            V.180218_1251.A  146.1211498  -31.7266096 78.603171   25.9954    19.256     0.042    22.134   _
    48.56024            V.180218_1326.A  146.1211661  -31.7268678 131.68726   3.31267    18.693     0.329    19.241   _
    48.80274            V.180218_1915.S  146.1211779  -31.7265891 60.810957   18.8254    19.536     0.058    21.949   MOON_BRIGHT
    48.83450            V.180218_2001.S  146.1211686  -31.7266333 61.986102   20.6460    19.515     0.053    22.063   MOON_BRIGHT
    48.89350            V.180218_2126.S  146.1211485  -31.7265999 61.450626   25.0778    19.525     0.044    22.434   _
    49.04231            V.180219_0100.C  146.1211678  -31.7266352 68.233490   22.4304    19.410     0.049    22.089   _
    49.10225            V.180219_0227.C  146.1211627  -31.7266221 63.011563   27.9596    19.497     0.039    22.564   _
    49.20586            V.180219_0456.C  146.1211434  -31.7266308 66.012130   28.7125    19.447     0.038    22.556   _
    49.79641            V.180219_1906.S  146.1211863  -31.7266426 61.827703   14.7085    19.518     0.074    21.718   MOON_BRIGHT
    49.83206            V.180219_1958.S  146.1211374  -31.7266073 61.058245   32.2215    19.532     0.034    22.851   MOON_BRIGHT
    49.88550            V.180219_2115.S  146.1211477  -31.7266146 63.415998   31.6696    19.490     0.035    22.703   _
    49.96613            V.180219_2311.S  -99.9999999  -99.9999999 -99.99999    -99.99   -99.999   -99.999   -99.999   PSF_ERROR_BAD_IMAGE
    50.03655            V.180220_0052.C  146.1211410  -31.7266049 62.137198   21.2626    19.513     0.051    22.208   _
    50.06395            V.180220_0132.C  146.1211379  -31.7266262 68.168430   23.7115    19.412     0.046    22.248   _
    50.11883            V.180220_0251.C  146.1211421  -31.7266124 63.437845   26.1499    19.490     0.042    22.488   _
    50.23850            V.180220_0543.C  146.1211465  -31.7266329 71.487290   28.5468    19.360     0.038    22.472   _
    50.78470            V.180220_1849.S  146.1211652  -31.7266278 67.400386   24.9687    19.424     0.044    22.269   MOON_BRIGHT
    50.81155            V.180220_1928.S  146.1211480  -31.7266264 61.747515   29.5615    19.519     0.037    22.643   MOON_BRIGHT
    50.86206            V.180220_2041.S  146.1211489  -31.7266258 57.585155   24.6025    19.596     0.044    22.520   MOON_BRIGHT
    50.93182            V.180220_2221.S  146.1212710  -31.7267441 -99.99999    -99.99   -99.999   -99.999    17.647   _
    51.04387            V.180221_0103.C  146.1211443  -31.7266259 65.532782   23.2237    19.455     0.047    22.236   _
    51.11358            V.180221_0243.C  146.1211450  -31.7266220 63.026544   29.9112    19.497     0.037    22.626   _
    51.19514            V.180221_0441.C  146.1211465  -31.7266328 65.368586   34.6914    19.457     0.032    22.833   _
    51.26459            V.180221_0621.C  146.1211547  -31.7266423 73.390720   35.9000    19.331     0.030    22.808   _
    51.43633            V.180221_1028.A  146.1211630  -31.7266498 74.072455   14.5971    19.321     0.075    21.461   _
    51.46753            V.180221_1113.A  146.1211643  -31.7266179 63.478883   13.1390    19.489     0.083    21.577   _
    51.47172            V.180221_1119.A  146.1211621  -31.7266159 68.423671   7.05262    19.407     0.155    20.735   _
    51.51338            V.180221_1219.A  146.1211746  -31.7266308 63.198235   15.3404    19.494     0.071    21.729   _
    51.57480            V.180221_1347.A  146.1211494  -31.7266292 60.979485   28.4972    19.533     0.038    22.567   _
    51.63625            V.180221_1516.A  146.1211672  -31.7266137 62.391671   15.2212    19.508     0.072    21.813   _
    51.79006            V.180221_1857.S  146.1211661  -31.7266184 66.567212   24.2276    19.437     0.045    22.258   MOON_BRIGHT
    51.82457            V.180221_1947.S  146.1211426  -31.7266154 68.642078   27.2598    19.404     0.040    22.385   MOON_BRIGHT
    53.04458            V.180223_0104.C  146.1211808  -31.7266289 62.031860   14.0722    19.514     0.078    21.636   _
    53.09698            V.180223_0219.C  146.1211459  -31.7266278 64.786265   18.7850    19.467     0.058    21.952   _
    53.18360            V.180223_0424.C  146.1211523  -31.7266319 61.615232   31.6123    19.522     0.035    22.835   _
    53.24616            V.180223_0554.C  146.1211462  -31.7266269 63.027492   34.7751    19.497     0.031    22.942   _
    53.82507            V.180223_1948.S  146.1212070  -31.7266052 62.334783   14.0418    19.509     0.078    21.593   MOON_BRIGHT
    53.88475            V.180223_2114.S  146.1211490  -31.7266055 60.612776   13.6966    19.540     0.080    21.658   MOON_BRIGHT
    53.96620            V.180223_2311.S  146.1212080  -31.7265972 57.993991   19.8642    19.588     0.055    22.145   MOON_BRIGHT
    54.03872            V.180224_0055.S  146.1211418  -31.7266304 53.360852   16.3202    19.679     0.067    22.001   MOON_BRIGHT
    55.05824            V.180225_0123.C  146.1211429  -31.7266262 74.840091   29.7515    19.310     0.037    22.416   _
    55.11015            V.180225_0238.C  146.1211443  -31.7266325 69.480520   28.7404    19.391     0.038    22.430   _
    55.19664            V.180225_0443.C  146.1211434  -31.7266254 64.348874   33.9321    19.474     0.032    22.852   _
    55.26507            V.180225_0621.C  146.1211519  -31.7266335 68.133688   37.3696    19.412     0.029    22.965   _
    55.78182            V.180225_1845.S  146.1211501  -31.7265984 57.134137   13.7091    19.604     0.080    21.686   MOON_BRIGHT
    55.81321            V.180225_1931.S  146.1211785  -31.7265924 58.800292   11.3443    19.573     0.096    21.428   MOON_BRIGHT
    55.86817            V.180225_2050.S  146.1211553  -31.7266115 59.791818   16.3130    19.555     0.067    21.809   MOON_BRIGHT
    55.94316            V.180225_2238.S  146.1211676  -31.7266458 56.980767   15.9184    19.607     0.069    21.864   MOON_BRIGHT
    56.01572            V.180226_0022.S  146.1211976  -31.7266199 57.340421   15.9052    19.600     0.069    21.843   MOON_BRIGHT
    57.04623            V.180227_0106.C  146.1211561  -31.7266158 65.651613   13.8724    19.453     0.079    21.534   _
    57.10267            V.180227_0227.C  146.1211379  -31.7266345 70.512381   20.9477    19.375     0.052    21.962   _
    57.17985            V.180227_0418.C  146.1211353  -31.7266200 63.466512   20.6062    19.489     0.053    22.076   _
    57.24531            V.180227_0553.C  146.1211402  -31.7266325 63.959055   19.1286    19.481     0.057    21.967   _
    57.43014            V.180227_1019.A  146.1211573  -31.7266190 71.168431   11.6091    19.365     0.094    21.259   MOON_BRIGHT
    57.49956            V.180227_1159.A  146.1212026  -31.7266160 62.111716   9.22682    19.513     0.118    21.169   MOON_BRIGHT
    57.58672            V.180227_1404.A  146.1211326  -31.7265936 70.310775   10.4950    19.378     0.104    21.171   _
    57.66052            V.180227_1551.A  146.1210841  -31.7267362 56.841730   5.72231    19.610     0.191    20.735   _
    57.78591            V.180227_1851.S  146.1211543  -31.7266387 60.393703   16.6034    19.544     0.066    21.923   MOON_BRIGHT
    57.81387            V.180227_1931.S  146.1211438  -31.7266382 66.263619   18.8192    19.442     0.058    21.877   MOON_BRIGHT
    57.86598            V.180227_2047.S  146.1211441  -31.7266309 62.478518   20.1717    19.507     0.054    22.117   MOON_BRIGHT
    57.94843            V.180227_2245.S  146.1211500  -31.7266272 58.629468   21.1103    19.576     0.052    22.216   MOON_BRIGHT
    58.02133            V.180228_0030.S  146.1211614  -31.7266399 61.305830   7.84537    19.527     0.139    21.022   MOON_BRIGHT
    59.44668            V.180301_1043.A  146.1212106  -31.7266166 73.931019   8.91414    19.323     0.122    20.930   MOON_BRIGHT
    59.50862            V.180301_1212.A  146.1211900  -31.7265873 66.102672   6.74744    19.445     0.162    20.740   MOON_BRIGHT
    59.58597            V.180301_1403.A  146.1212233  -31.7266725 66.479866   6.09401    19.439     0.179    20.610   MOON_BRIGHT
    59.65854            V.180301_1548.A  146.1211057  -31.7267029 86.282351   6.65246    19.154     0.164    20.401   _
    59.77497            V.180301_1835.S  146.1209538  -31.7264808 67.414502   5.38923    19.424     0.202    20.403   _
    59.82655            V.180301_1950.S  146.1211402  -31.7264746 55.203569   4.80159    19.642     0.227    20.538   _
    61.03231            V.180303_0046.C  146.1211187  -31.7266299 67.366370   14.8877    19.424     0.073    21.619   MOON_BRIGHT
    61.09052            V.180303_0210.C  146.1211458  -31.7266309 64.442556   14.2043    19.473     0.077    21.604   MOON_BRIGHT
    61.15939            V.180303_0349.C  146.1211401  -31.7266289 63.538008   17.5106    19.488     0.062    21.942   _
    61.23185            V.180303_0533.C  146.1211493  -31.7266168 66.120387   14.7289    19.445     0.074    21.663   _
    61.77554            V.180303_1836.S  146.1211881  -31.7266263 64.694300   16.6274    19.469     0.066    21.773   _
    61.81365            V.180303_1931.S  146.1211734  -31.7266487 68.504966   16.7081    19.406     0.065    21.724   _
    61.86579            V.180303_2046.S  146.1212057  -31.7266203 75.675575   13.3483    19.298     0.082    21.308   _
    61.94094            V.180303_2234.S  146.1211819  -31.7266646 59.031442   13.8071    19.569     0.079    21.709   MOON_BRIGHT
    62.01176            V.180304_0016.S  146.1211340  -31.7266219 65.274059   12.5117    19.459     0.087    21.438   MOON_BRIGHT
    63.03931            V.180305_0056.C  146.1211355  -31.7266290 68.157153   34.3073    19.412     0.032    22.793   MOON_BRIGHT
    63.10691            V.180305_0233.C  146.1211499  -31.7266249 74.089043   28.1256    19.321     0.039    22.327   MOON_BRIGHT
    63.17743            V.180305_0415.C  146.1211365  -31.7266328 65.255884   22.6962    19.459     0.048    22.258   _
    63.25304            V.180305_0604.C  146.1211540  -31.7266254 77.292057   20.5631    19.274     0.053    21.822   _
    63.78601            V.180305_1851.S  146.1211720  -31.7266213 61.317278   20.0533    19.527     0.054    22.099   _
    63.81560            V.180305_1934.S  146.1211523  -31.7265915 68.903022   22.6203    19.400     0.048    22.160   _
    63.87108            V.180305_2054.S  146.1211540  -31.7266383 70.650624   20.4962    19.373     0.053    21.918   _
    63.94644            V.180305_2242.S  146.1211317  -31.7266035 59.440683   17.8045    19.561     0.061    22.019   MOON_BRIGHT
    64.01843            V.180306_0026.S  146.1211533  -31.7266671 69.628577   10.9530    19.388     0.100    21.209   MOON_BRIGHT
    65.03036            V.180307_0043.C  146.1211321  -31.7266220 67.820816   25.7269    19.417     0.042    22.331   MOON_BRIGHT
    65.07924            V.180307_0154.C  146.1211583  -31.7266215 63.872979   32.4628    19.483     0.034    22.815   MOON_BRIGHT
    65.17405            V.180307_0410.C  146.1211443  -31.7266252 69.084724   26.2200    19.397     0.042    22.314   MOON_BRIGHT
    65.18098            V.180307_0420.C  146.1211522  -31.7266316 68.254694   28.7484    19.410     0.038    22.466   MOON_BRIGHT
    65.24039            V.180307_0546.C  146.1211389  -31.7266234 65.102547   23.1673    19.462     0.047    22.215   MOON_BRIGHT
    65.76894            V.180307_1827.S  146.1211536  -31.7266018 57.795432   24.3306    19.592     0.045    22.428   _
    65.80119            V.180307_1913.S  146.1211459  -31.7266146 57.429506   25.1714    19.599     0.043    22.447   _
    65.85530            V.180307_2031.S  146.1211612  -31.7266076 62.394019   24.7738    19.508     0.044    22.329   _
    67.65205            V.180309_1538.A  146.1211577  -31.7266350 62.695539   20.5306    19.503     0.053    22.121   MOON_BRIGHT
    69.02301            V.180311_0033.C  146.1211534  -31.7266345 71.645265   34.7327    19.357     0.031    22.694   MOON_BRIGHT
    69.07595            V.180311_0149.C  146.1211567  -31.7266260 67.326844   31.0529    19.425     0.035    22.603   MOON_BRIGHT
    69.14958            V.180311_0335.C  146.1211467  -31.7266287 69.809979   36.5770    19.386     0.030    22.865   MOON_BRIGHT
    69.22185            V.180311_0519.C  146.1211570  -31.7266316 64.129358   32.7398    19.478     0.033    22.779   MOON_BRIGHT
    69.42086            V.180311_1006.A  146.1211431  -31.7266070 66.289042   29.6605    19.442     0.037    22.575   _
    69.47100            V.180311_1118.A  146.1211457  -31.7266222 68.829679   31.8003    19.401     0.034    22.606   _
    69.52111            V.180311_1230.A  146.1211434  -31.7266128 63.560341   24.7829    19.488     0.044    22.387   MOON_BRIGHT
    69.57177            V.180311_1343.A  146.1211408  -31.7266218 66.576919   27.7685    19.437     0.039    22.455   MOON_BRIGHT
    69.63545            V.180311_1515.A  146.1211461  -31.7266313 62.209959   30.9637    19.511     0.035    22.693   MOON_BRIGHT
    69.77030            V.180311_1829.S  146.1211484  -31.7266279 57.272156   29.8696    19.602     0.037    22.718   _
    69.81557            V.180311_1934.S  146.1211280  -31.7266401 61.616974   19.2742    19.522     0.057    22.076   _
    69.87866            V.180311_2105.S  146.1211630  -31.7266469 58.861613   19.3274    19.572     0.056    22.130   _
    69.94557            V.180311_2241.S  146.1211479  -31.7266362 62.414589   29.6106    19.508     0.037    22.662   _
    71.02566            V.180313_0036.C  146.1211432  -31.7266280 63.308502   33.7806    19.492     0.032    22.837   MOON_BRIGHT
    71.07534            V.180313_0148.C  146.1211458  -31.7266254 66.793821   32.4782    19.434     0.034    22.749   MOON_BRIGHT
    71.14418            V.180313_0327.C  146.1211516  -31.7266222 66.028131   32.5519    19.446     0.034    22.691   MOON_BRIGHT
    71.20896            V.180313_0500.C  146.1211538  -31.7266255 65.788894   32.7707    19.450     0.033    22.805   MOON_BRIGHT
    73.02531            V.180315_0036.C  146.1211577  -31.7266267 66.298515   33.3671    19.442     0.033    22.733   MOON_BRIGHT
    73.07515            V.180315_0148.C  146.1211524  -31.7266283 68.441267   35.0716    19.407     0.031    22.768   MOON_BRIGHT
    73.14358            V.180315_0326.C  146.1211488  -31.7266301 73.022454   36.7281    19.336     0.030    22.819   MOON_BRIGHT
    73.20624            V.180315_0456.C  146.1211468  -31.7266240 62.154848   32.4627    19.512     0.034    22.818   MOON_BRIGHT
    73.43081            V.180315_1020.A  146.1211467  -31.7266240 65.208325   25.4458    19.460     0.043    22.344   _
    73.48422            V.180315_1137.A  146.1211777  -31.7266126 60.688732   18.8660    19.538     0.058    22.009   _
    73.53333            V.180315_1247.A  146.1211426  -31.7266187 65.409971   28.5808    19.457     0.038    22.509   _
    73.60166            V.180315_1426.A  146.1211610  -31.7266064 65.803868   23.3487    19.450     0.047    22.261   _
    73.77689            V.180315_1838.S  146.1212140  -31.7267176 -99.99999    -99.99   -99.999   -99.999    18.236   _
    75.01919            V.180317_0027.C  146.1211531  -31.7266250 63.136464   29.5334    19.495     0.037    22.672   _
    75.07112            V.180317_0142.C  146.1211457  -31.7266262 69.778577   36.5775    19.386     0.030    22.928   _
    75.14208            V.180317_0324.C  146.1211431  -31.7266353 65.889922   36.9590    19.449     0.030    22.982   MOON_BRIGHT
    75.20904            V.180317_0501.C  146.1211525  -31.7266251 61.578471   36.0609    19.522     0.030    23.025   MOON_BRIGHT
    75.41396            V.180317_0956.A  146.1211562  -31.7266128 70.811957   25.8328    19.370     0.042    22.343   _
    75.46427            V.180317_1108.A  146.1211512  -31.7266210 71.545388   26.2503    19.359     0.042    22.344   _
    75.51831            V.180317_1226.A  146.1211596  -31.7266120 63.293205   25.1463    19.492     0.043    22.377   _
    75.58679            V.180317_1404.A  146.1211581  -31.7266237 63.906902   26.5849    19.482     0.041    22.459   _
    75.76740            V.180317_1825.S  146.1211558  -31.7266164 60.023737   30.9688    19.550     0.035    22.702   MOON_BRIGHT
    75.83559            V.180317_2003.S  146.1211544  -31.7266258 59.968025   33.3106    19.551     0.033    22.906   _
    75.90565            V.180317_2144.S  146.1211535  -31.7266341 61.675541   17.7810    19.521     0.061    21.926   _
    75.97418            V.180317_2322.S  146.1211718  -31.7266414 61.845764   18.3379    19.518     0.060    21.940   _
    76.40681            V.180318_0945.A  146.1211503  -31.7266294 64.084687   22.3911    19.479     0.049    22.198   _
    76.46009            V.180318_1102.A  146.1211485  -31.7266183 69.961090   25.8798    19.383     0.042    22.330   _
    76.50956            V.180318_1213.A  146.1211359  -31.7266123 61.890346   23.6342    19.517     0.046    22.364   _
    76.58120            V.180318_1356.A  146.1211457  -31.7266323 66.046411   26.7877    19.446     0.041    22.434   _
    76.76545            V.180318_1822.S  146.1211490  -31.7266289 64.252960   38.6495    19.476     0.028    23.104   MOON_BRIGHT
    76.82587            V.180318_1949.S  146.1211482  -31.7266252 61.502698   38.3148    19.524     0.029    23.142   _
    76.89053            V.180318_2122.S  146.1211543  -31.7266295 61.205806   36.4353    19.529     0.030    22.973   _
    76.96122            V.180318_2304.S  -99.9999999  -99.9999999 -99.99999    -99.99   -99.999   -99.999   -99.999   PSF_ERROR_BAD_IMAGE
    76.96438            V.180318_2308.S  146.1211520  -31.7266274 57.506726   35.4506    19.597     0.031    23.076   _
    77.15719            V.180319_0346.C  146.1211582  -31.7266315 62.035158   35.8468    19.514     0.031    23.060   _
    77.22535            V.180319_0524.C  146.1211448  -31.7266198 62.331181   33.4899    19.509     0.033    22.850   MOON_BRIGHT
    77.41753            V.180319_1001.A  146.1211519  -31.7266165 67.505124   25.3572    19.422     0.043    22.342   _
    77.47170            V.180319_1119.A  146.1211577  -31.7266163 68.629189   27.5746    19.404     0.040    22.406   _
    77.52281            V.180319_1232.A  146.1211682  -31.7266443 54.258954   11.1229    19.660     0.098    21.558   _
    77.59347            V.180319_1414.A  146.1211617  -31.7266143 62.599199   24.5745    19.505     0.044    22.355   _
    77.76340            V.180319_1819.S  146.1211492  -31.7266280 58.802394   33.0676    19.573     0.033    22.884   MOON_BRIGHT
    77.82971            V.180319_1954.S  146.1211561  -31.7266282 59.512538   35.4057    19.560     0.031    23.019   _
    77.90465            V.180319_2142.S  146.1211521  -31.7266170 57.193855   33.7157    19.603     0.032    22.964   _
    77.96880            V.180319_2315.S  146.1211489  -31.7266317 56.660253   30.1020    19.613     0.036    22.784   _
    78.15039            V.180320_0336.C  146.1211498  -31.7266321 68.352118   36.4254    19.409     0.030    22.891   _
    78.22270            V.180320_0520.C  146.1211508  -31.7266212 69.121349   31.3269    19.396     0.035    22.583   MOON_BRIGHT
    78.41731            V.180320_1000.A  146.1211841  -31.7266101 61.784103   11.9288    19.519     0.091    21.454   _
    78.47184            V.180320_1119.A  146.1211525  -31.7266362 67.775620   28.4279    19.418     0.038    22.505   _
    78.76201            V.180320_1817.S  -99.9999999  -99.9999999 -99.99999    -99.99   -99.999   -99.999   -99.999   PSF_ERROR_BAD_IMAGE
    78.81977            V.180320_1940.S  -99.9999999  -99.9999999 -99.99999    -99.99   -99.999   -99.999   -99.999   PSF_ERROR_BAD_IMAGE
    79.14074            V.180321_0322.C  146.1211477  -31.7266277 66.828481   32.9407    19.433     0.033    22.760   _
    79.21833            V.180321_0514.C  146.1211485  -31.7266267 63.563283   28.3982    19.488     0.038    22.533   _
    79.76159            V.180321_1816.S  146.1211494  -31.7266157 60.405206   28.1049    19.543     0.039    22.550   MOON_BRIGHT
    79.81892            V.180321_1939.S  146.1211878  -31.7266236 62.499351   20.5216    19.506     0.053    22.077   MOON_BRIGHT
    79.87308            V.180321_2057.S  146.1211879  -31.7266283 68.281816   20.4714    19.410     0.053    21.970   MOON_BRIGHT
    80.12729            V.180322_0303.C  146.1211490  -31.7266243 63.112738   34.3703    19.496     0.032    22.908   _
    80.19012            V.180322_0433.C  146.1211592  -31.7266317 69.555784   35.1115    19.390     0.031    22.883   _
    81.11862            V.180323_0250.C  146.1211561  -31.7266281 67.693108   34.3257    19.419     0.032    22.773   _
    81.18350            V.180323_0424.C  146.1211421  -31.7266264 66.558984   37.8993    19.438     0.029    23.001   _
    81.40817            V.180323_0947.A  146.1211549  -31.7266148 69.106608   22.6171    19.397     0.048    22.063   _
    81.46025            V.180323_1102.A  146.1211594  -31.7266128 64.043539   21.9207    19.480     0.050    22.107   _
    81.51052            V.180323_1215.A  146.1211358  -31.7266195 59.911415   23.8497    19.552     0.046    22.414   _
    81.76406            V.180323_1820.S  146.1211521  -31.7266308 62.263017   31.6874    19.510     0.034    22.731   MOON_BRIGHT
    81.82264            V.180323_1944.S  146.1211493  -31.7266278 60.382560   34.7947    19.544     0.031    22.979   MOON_BRIGHT
    83.02135            V.180325_0030.C  146.1211336  -31.7266309 61.843032   27.1278    19.518     0.040    22.547   _
    83.07348            V.180325_0145.C  146.1211424  -31.7266198 63.056373   31.2102    19.497     0.035    22.697   _
    83.14309            V.180325_0326.C  146.1211431  -31.7266227 67.803975   29.0516    19.417     0.038    22.512   _
    83.21507            V.180325_0509.C  146.1211610  -31.7266276 61.533138   29.6521    19.523     0.037    22.675   _
    83.76154            V.180325_1816.S  146.1211874  -31.7266343 60.642137   16.9690    19.539     0.064    21.905   MOON_BRIGHT
    83.81506            V.180325_1933.S  146.1211266  -31.7266407 54.328495   15.3239    19.659     0.071    21.870   MOON_BRIGHT
    83.88317            V.180325_2111.S  146.1211444  -31.7266109 55.144339   14.5011    19.643     0.075    21.854   MOON_BRIGHT
    83.94927            V.180325_2246.S  146.1211642  -31.7266194 55.635139   20.5534    19.633     0.053    22.216   MOON_BRIGHT
    85.40135            V.180327_0937.A  146.1211229  -31.7265940 67.190784   12.6949    19.427     0.086    21.488   MOON_BRIGHT
    85.45166            V.180327_1050.A  146.1211247  -31.7266470 68.073642   11.7504    19.413     0.093    21.336   MOON_BRIGHT
    85.50645            V.180327_1209.A  146.1211723  -31.7266361 64.057821   11.8611    19.479     0.092    21.394   _
    85.76164            V.180327_1816.S  146.1211767  -31.7266560 59.711986   9.30322    19.556     0.117    21.203   MOON_BRIGHT
    85.83547            V.180327_2003.S  146.1211347  -31.7266360 62.903660   21.1416    19.499     0.052    22.095   MOON_BRIGHT
    85.92251            V.180327_2208.S  146.1211400  -31.7266121 56.580964   19.5750    19.615     0.056    22.209   MOON_BRIGHT
    87.00389            V.180329_0005.C  146.1211429  -31.7266217 71.092498   21.2163    19.366     0.051    22.041   _
    87.07479            V.180329_0147.C  146.1211440  -31.7266242 68.490465   24.0910    19.406     0.045    22.218   _
    87.14154            V.180329_0323.C  146.1211404  -31.7266343 71.535912   20.7854    19.359     0.053    22.001   _
    87.20721            V.180329_0458.C  146.1211370  -31.7266244 70.737511   13.7626    19.371     0.079    21.513   _
    87.39653            V.180329_0931.A  146.1211809  -31.7266405 61.597666   10.6899    19.522     0.102    21.304   MOON_BRIGHT
    87.45198            V.180329_1050.A  146.1211789  -31.7266584 64.773371   12.3552    19.467     0.088    21.482   MOON_BRIGHT
    87.50618            V.180329_1208.A  146.1211288  -31.7266098 61.445761   12.2328    19.525     0.089    21.541   MOON_BRIGHT
    87.57924            V.180329_1354.A  146.1211563  -31.7266463 66.657029   14.5502    19.436     0.075    21.622   MOON_BRIGHT
    89.01083            V.180331_0015.C  146.1211482  -31.7266243 66.633033   12.8480    19.436     0.085    21.445   MOON_BRIGHT
    89.07898            V.180331_0153.C  146.1211502  -31.7266288 62.965933   17.5082    19.498     0.062    21.948   _
    89.16037            V.180331_0350.C  146.1211633  -31.7266376 75.806130   16.2424    19.296     0.067    21.620   _
    89.41059            V.180331_0951.A  146.1211805  -31.7266733 59.724871   6.46071    19.556     0.169    20.813   MOON_BRIGHT
    89.46837            V.180331_1114.A  146.1211752  -31.7265994 69.355612   10.3873    19.393     0.105    21.211   MOON_BRIGHT
    89.51870            V.180331_1226.A  146.1211709  -31.7266610 72.001094   10.6737    19.352     0.102    21.145   MOON_BRIGHT
    89.59316            V.180331_1414.A  146.1211426  -31.7265527 68.454349   5.79001    19.407     0.188    20.522   MOON_BRIGHT
    89.85215            V.180331_2027.S  146.1211829  -31.7266250 61.241089   9.02774    19.528     0.121    21.124   MOON_BRIGHT
    90.99975            V.180401_2359.C  146.1211383  -31.7266280 68.925402   25.0920    19.399     0.044    22.290   MOON_BRIGHT
    91.07184            V.180402_0143.C  146.1211445  -31.7266434 79.327372   22.5495    19.246     0.048    21.940   MOON_BRIGHT
    91.13935            V.180402_0320.C  146.1211412  -31.7266203 72.845404   18.1015    19.339     0.060    21.809   _
    91.19323            V.180402_0438.C  146.1211354  -31.7266338 67.449867   15.0175    19.423     0.073    21.642   _
    91.40066            V.180402_0936.A  146.1211419  -31.7266282 59.887808   18.8096    19.553     0.058    22.080   MOON_BRIGHT
    91.40350            V.180402_0941.A  146.1211490  -31.7266345 59.917495   17.6178    19.552     0.062    21.977   MOON_BRIGHT
    91.74881            V.180402_1758.S  146.1211416  -31.7266239 64.013828   30.5561    19.480     0.036    22.600   _
    91.83711            V.180402_2005.S  146.1211457  -31.7266242 62.176441   18.6535    19.512     0.059    22.004   _
    91.90287            V.180402_2140.S  146.1211835  -31.7266217 67.539826   13.2962    19.422     0.082    21.460   MOON_BRIGHT
    93.00339            V.180404_0004.C  146.1211481  -31.7266211 67.798641   32.8865    19.417     0.033    22.696   MOON_BRIGHT
    93.07906            V.180404_0153.C  146.1211482  -31.7266240 66.525397   31.3651    19.438     0.035    22.665   MOON_BRIGHT
    93.16346            V.180404_0355.C  146.1211535  -31.7266185 69.901365   27.1922    19.384     0.040    22.322   MOON_BRIGHT
    93.39609            V.180404_0930.A  146.1211429  -31.7266234 67.786980   29.7443    19.418     0.037    22.501   MOON_BRIGHT
    93.44697            V.180404_1043.A  146.1211510  -31.7266270 67.742211   27.3425    19.418     0.040    22.430   MOON_BRIGHT
    93.47699            V.180404_1126.A  146.1211446  -31.7266412 63.598667   24.1307    19.487     0.045    22.313   MOON_BRIGHT
    93.54112            V.180404_1259.A  146.1211570  -31.7266139 60.249084   12.0122    19.546     0.091    21.462   MOON_BRIGHT
    93.59624            V.180404_1418.A  146.1211269  -31.7266106 65.500351   15.0038    19.455     0.073    21.688   MOON_BRIGHT
    93.82300            V.180404_1945.S  146.1211450  -31.7266405 65.716172   33.5120    19.451     0.033    22.816   _
    93.89826            V.180404_2133.S  146.1211574  -31.7266309 64.203391   20.1747    19.477     0.054    22.064   _
    94.99470            V.180405_2352.C  146.1211595  -31.7266327 65.160157   26.1964    19.461     0.042    22.396   MOON_BRIGHT
    95.06714            V.180406_0136.C  146.1211522  -31.7266232 64.950683   31.1481    19.464     0.035    22.675   MOON_BRIGHT
    95.39424            V.180406_0927.A  146.1211274  -31.7266195 70.348198   26.2266    19.377     0.042    22.305   MOON_BRIGHT
    95.47044            V.180406_1117.A  146.1211429  -31.7266212 63.666702   29.1170    19.486     0.038    22.559   MOON_BRIGHT
    95.53308            V.180406_1247.A  146.1211506  -31.7266224 63.455387   23.1499    19.490     0.047    22.231   MOON_BRIGHT
    95.75249            V.180406_1803.S  146.1211471  -31.7266287 59.566453   27.1703    19.559     0.040    22.555   _
    95.82163            V.180406_1943.S  146.1211462  -31.7266168 65.459235   33.0846    19.456     0.033    22.760   _
    95.89435            V.180406_2127.S  146.1211523  -31.7266275 60.703675   30.8242    19.538     0.035    22.709   _
    96.99532            V.180407_2353.C  146.1211496  -31.7266275 68.314336   32.2382    19.409     0.034    22.658   MOON_BRIGHT
    97.07284            V.180408_0144.C  146.1211430  -31.7266273 62.233444   23.7682    19.511     0.046    22.351   MOON_BRIGHT
    97.13863            V.180408_0319.C  146.1211503  -31.7266244 65.308549   31.6667    19.458     0.035    22.683   MOON_BRIGHT
    97.39179            V.180408_0924.A  146.1211933  -31.7265990 75.120543   18.2439    19.306     0.060    21.776   _
    97.47398            V.180408_1122.A  146.1211550  -31.7266298 63.132397   28.0933    19.495     0.039    22.539   MOON_BRIGHT
    97.53693            V.180408_1253.A  146.1211465  -31.7266136 62.549447   27.5253    19.505     0.040    22.527   MOON_BRIGHT
    97.74193            V.180408_1748.S  146.1211413  -31.7266081 79.932413   21.8043    19.238     0.050    22.029   _
    97.81288            V.180408_1930.S  146.1211499  -31.7265985 90.451076   32.4854    19.103     0.034    22.427   _
    97.87713            V.180408_2103.S  146.1211600  -31.7266220 64.062769   25.9902    19.479     0.042    22.483   _
    98.99862            V.180409_2358.C  146.1211544  -31.7266242 66.644258   26.4564    19.436     0.041    22.408   MOON_BRIGHT
    99.06993            V.180410_0140.C  146.1211493  -31.7266301 63.409085   27.5642    19.490     0.040    22.562   MOON_BRIGHT
    99.13117            V.180410_0308.C  146.1211411  -31.7266291 72.763493   21.6769    19.340     0.050    22.123   MOON_BRIGHT
    99.75564            V.180410_1808.S  146.1211480  -31.7266206 58.831612   28.8626    19.572     0.038    22.700   _
   101.00064            V.180412_0000.C  146.1211713  -31.7266331 68.052703   23.5888    19.413     0.046    22.192   MOON_BRIGHT
   101.07867            V.180412_0153.C  146.1211464  -31.7266316 68.154085   35.5399    19.412     0.031    22.941   MOON_BRIGHT
   101.14051            V.180412_0322.C  146.1211628  -31.7266187 76.574399   31.2705    19.285     0.035    22.532   MOON_BRIGHT
   101.39058            V.180412_0922.A  146.1211458  -31.7266076 96.083385   28.7874    19.037     0.038    22.056   _
   101.46344            V.180412_1107.A  146.1211500  -31.7266290 62.570891   30.8340    19.505     0.035    22.692   _
   101.52564            V.180412_1236.A  146.1211549  -31.7266250 68.675403   32.9285    19.403     0.033    22.683   _
   101.75638            V.180412_1809.S  146.1211441  -31.7266346 57.325658   34.0290    19.601     0.032    23.060   _
   103.01381            V.180414_0019.C  146.1211506  -31.7266257 70.242102   29.1479    19.379     0.037    22.447   _
   103.07753            V.180414_0151.C  146.1211514  -31.7266294 65.743455   32.9596    19.451     0.033    22.754   MOON_BRIGHT
   103.14045            V.180414_0322.C  146.1211539  -31.7266181 70.532631   28.4177    19.374     0.038    22.469   MOON_BRIGHT
   103.40869            V.180414_0948.A  146.1211602  -31.7266342 62.245759   25.0655    19.511     0.044    22.357   _
   103.47579            V.180414_1125.A  146.1211520  -31.7266320 64.063702   18.8340    19.479     0.058    22.003   _
   103.54038            V.180414_1258.A  146.1211574  -31.7266117 63.110879   24.9561    19.496     0.044    22.415   _
   103.75666            V.180414_1809.S  146.1211452  -31.7266243 59.827316   30.7180    19.554     0.036    22.776   _
   103.82098            V.180414_1942.S  146.1211314  -31.7266290 60.569436   31.4427    19.540     0.035    22.794   _
   103.82426            V.180414_1946.S  146.1211566  -31.7266213 64.105236   31.8583    19.479     0.034    22.793   _
   103.88792            V.180414_2118.S  146.1211563  -31.7266344 62.370762   32.3326    19.508     0.034    22.777   _
   103.99198            V.180414_2348.C  146.1211399  -31.7266400 68.125338   34.5410    19.412     0.032    22.792   _
   104.06288            V.180415_0130.C  146.1211534  -31.7266208 63.684091   28.7928    19.486     0.038    22.537   _
   104.13142            V.180415_0309.C  146.1211507  -31.7266387 65.231111   27.2471    19.460     0.040    22.466   MOON_BRIGHT
   104.40823            V.180415_0947.A  146.1211414  -31.7266278 63.931456   34.5746    19.482     0.032    22.876   _
   104.47216            V.180415_1119.A  146.1211586  -31.7266312 65.500341   32.3650    19.455     0.034    22.718   _
   104.53799            V.180415_1254.A  146.1211450  -31.7266295 73.522976   36.1438    19.329     0.030    22.806   _
   104.83917            V.180415_2008.S  146.1211473  -31.7266291 57.303065   29.3416    19.601     0.037    22.775   _
   104.90164            V.180415_2138.S  146.1211518  -31.7266286 57.786587   24.5109    19.592     0.045    22.448   _
   105.01458            V.180416_0021.C  146.1211569  -31.7266233 69.508187   31.4384    19.390     0.035    22.552   _
   105.09507            V.180416_0216.C  146.1211423  -31.7266197 64.380096   28.3969    19.474     0.038    22.541   _
   106.00509            V.180417_0007.C  146.1211520  -31.7266122 62.751264   22.0062    19.502     0.050    22.251   _
   106.06946            V.180417_0140.C  146.1211476  -31.7266254 70.446298   28.6388    19.376     0.038    22.390   _
   106.13267            V.180417_0311.C  146.1211906  -31.7266394 89.504809   17.1201    19.114     0.064    21.468   _
   106.13620            V.180417_0316.C  146.1211503  -31.7266367 67.208406   25.9733    19.427     0.042    22.385   _
   106.40380            V.180417_0941.A  146.1211526  -31.7266341 63.374204   19.8654    19.491     0.055    22.070   _
   106.47051            V.180417_1117.A  146.1211527  -31.7266227 65.193028   28.0702    19.460     0.039    22.480   _
   106.53259            V.180417_1246.A  146.1211565  -31.7266200 62.689146   27.0609    19.503     0.040    22.447   _
   106.83377            V.180417_2000.S  146.1211433  -31.7266245 59.146857   28.2705    19.566     0.039    22.700   _
   106.90067            V.180417_2136.S  146.1211630  -31.7266239 57.556843   30.4853    19.596     0.036    22.835   _
   107.01684            V.180418_0024.C  146.1211312  -31.7265966 66.396201   16.0975    19.440     0.068    21.770   _
   107.08289            V.180418_0159.C  146.1211593  -31.7266011 65.265860   16.0794    19.459     0.068    21.767   _
   108.00704            V.180419_0010.C  146.1211464  -31.7266201 60.728353   26.8301    19.538     0.041    22.527   _
   108.07534            V.180419_0148.C  146.1211462  -31.7266336 67.114453   29.5608    19.429     0.037    22.578   _
   108.13622            V.180419_0316.C  146.1211506  -31.7266259 70.694773   27.7171    19.372     0.039    22.468   _
   108.75115            V.180419_1801.S  146.1211422  -31.7266307 54.404195   26.8524    19.658     0.041    22.654   MOON_BRIGHT
   108.81556            V.180419_1934.S  146.1211481  -31.7266054 61.261450   28.7234    19.528     0.038    22.572   MOON_BRIGHT
   108.88898            V.180419_2120.S  146.1211863  -31.7266380 63.481991   25.7574    19.489     0.042    22.428   MOON_BRIGHT
   109.00903            V.180420_0012.C  146.1211678  -31.7266427 70.945589   21.1915    19.368     0.052    21.968   _
   109.07606            V.180420_0149.C  146.1211456  -31.7266282 72.818489   30.1331    19.340     0.036    22.501   _
   109.13926            V.180420_0320.C  146.1211521  -31.7266227 74.129718   26.7903    19.320     0.041    22.331   _
   109.40377            V.180420_0941.A  146.1211551  -31.7266336 67.466125   30.3393    19.423     0.036    22.539   _
   109.47399            V.180420_1122.A  146.1211521  -31.7266330 65.275905   34.6195    19.459     0.032    22.864   _
   109.53527            V.180420_1250.A  146.1211532  -31.7266105 63.560000   30.2879    19.488     0.036    22.679   _
   109.74627            V.180420_1754.S  146.1211516  -31.7266287 58.488948   34.4300    19.579     0.032    22.988   MOON_BRIGHT
   109.82843            V.180420_1952.S  146.1211584  -31.7266288 57.198368   31.1563    19.603     0.035    22.877   MOON_BRIGHT
   109.88696            V.180420_2117.S  146.1211545  -31.7266260 64.200944   36.6615    19.477     0.030    22.975   MOON_BRIGHT
   110.00331            V.180421_0004.C  146.1211550  -31.7266297 65.570927   25.7334    19.454     0.042    22.359   _
   110.00630            V.180421_0009.C  146.1211444  -31.7266242 68.425921   30.4148    19.407     0.036    22.563   _
   110.07086            V.180421_0142.C  146.1211443  -31.7266206 67.859443   32.8246    19.416     0.033    22.714   _
   110.14125            V.180421_0323.C  146.1211467  -31.7266208 79.043599   30.3099    19.250     0.036    22.411   _
   110.40575            V.180421_0944.A  146.1211475  -31.7266130 62.442453   21.6062    19.507     0.051    22.179   _
   110.41087            V.180421_0951.A  146.1211451  -31.7266153 68.105145   22.5324    19.413     0.048    22.172   _
   110.48013            V.180421_1131.A  146.1211441  -31.7266344 61.477985   24.3608    19.524     0.045    22.341   _
   110.75437            V.180421_1806.S  146.1211516  -31.7266249 64.840356   31.2131    19.466     0.035    22.661   MOON_BRIGHT
   110.82759            V.180421_1951.S  146.1211493  -31.7266196 64.932093   35.9140    19.465     0.030    22.975   MOON_BRIGHT
   110.88479            V.180421_2114.S  146.1211446  -31.7266324 67.425242   39.0955    19.423     0.028    23.082   MOON_BRIGHT
   111.01427            V.180422_0020.C  146.1211457  -31.7266296 70.344986   31.2868    19.377     0.035    22.539   _
   111.08045            V.180422_0155.C  146.1211450  -31.7266291 65.846528   31.6126    19.449     0.035    22.695   _
   111.13708            V.180422_0317.C  146.1211522  -31.7266313 62.861483   27.4537    19.500     0.040    22.497   _
   111.39646            V.180422_0930.A  146.1211629  -31.7266367 63.206486   24.6977    19.494     0.044    22.313   _
   111.46075            V.180422_1103.A  146.1211716  -31.7265592 53.454624   10.8857    19.677     0.100    21.562   _
   111.75015            V.180422_1800.S  146.1211381  -31.7266241 60.854846   28.7801    19.535     0.038    22.569   MOON_BRIGHT
   111.82259            V.180422_1944.S  146.1211547  -31.7266312 62.691429   32.0325    19.503     0.034    22.825   MOON_BRIGHT
   112.02124            V.180423_0030.C  146.1211582  -31.7266338 65.111736   18.8085    19.462     0.058    21.943   _
   112.13834            V.180423_0319.C  146.1211265  -31.7266466 69.737466   13.6446    19.387     0.080    21.512   _
   112.40454            V.180423_0942.A  146.1211429  -31.7266302 66.794018   23.3699    19.434     0.047    22.231   MOON_BRIGHT
   112.47361            V.180423_1122.A  146.1211538  -31.7266360 65.178528   24.0836    19.460     0.045    22.324   _
   112.77514            V.180423_1836.S  146.1211381  -31.7265955 62.248224   20.8196    19.511     0.052    22.095   MOON_BRIGHT
   112.85308            V.180423_2028.S  146.1211266  -31.7266092 54.900645   16.4830    19.648     0.066    21.972   MOON_BRIGHT
   113.03793            V.180424_0054.C  146.1211309  -31.7266315 63.210642   14.6203    19.494     0.075    21.644   _
   113.10132            V.180424_0225.C  146.1211466  -31.7266292 68.248001   15.6034    19.410     0.070    21.696   _
   113.39631            V.180424_0930.A  146.1211541  -31.7266401 64.403430   21.6434    19.474     0.050    22.176   MOON_BRIGHT
   113.46427            V.180424_1108.A  146.1211500  -31.7266193 63.843220   18.2216    19.483     0.060    21.910   _
   113.75319            V.180424_1804.S  146.1211416  -31.7266304 61.927264   20.9434    19.516     0.052    22.141   MOON_BRIGHT
   113.83052            V.180424_1955.S  146.1211568  -31.7266287 58.566998   21.6433    19.577     0.050    22.243   MOON_BRIGHT
   113.99758            V.180424_2356.C  146.1211505  -31.7266332 67.925262   20.3800    19.415     0.054    21.956   _
   114.05861            V.180425_0124.C  146.1211555  -31.7266326 65.885472   19.3240    19.449     0.057    21.979   _
   115.39097            V.180426_0922.A  146.1211338  -31.7266346 66.998842   16.5657    19.430     0.066    21.773   MOON_BRIGHT
   115.46243            V.180426_1105.A  146.1211456  -31.7266285 67.602302   13.9532    19.421     0.078    21.488   MOON_BRIGHT
   116.02053            V.180427_0029.C  146.1211471  -31.7266298 72.023591   15.7951    19.352     0.069    21.579   _
   116.08328            V.180427_0159.C  146.1211496  -31.7266379 68.933460   15.1481    19.399     0.072    21.623   _
   116.38757            V.180427_0918.A  146.1211184  -31.7266417 67.778037   8.74694    19.418     0.125    21.001   MOON_BRIGHT
   116.45389            V.180427_1053.A  146.1211100  -31.7266575 67.752623   10.2951    19.418     0.106    21.178   MOON_BRIGHT
   116.73936            V.180427_1744.S  146.1211607  -31.7266662 60.355074   14.3776    19.544     0.076    21.687   MOON_BRIGHT
   116.80230            V.180427_1915.S  146.1211269  -31.7266328 61.481811   14.7628    19.524     0.074    21.696   MOON_BRIGHT
   116.86837            V.180427_2050.S  146.1211397  -31.7266413 56.457485   8.37803    19.617     0.130    21.150   MOON_BRIGHT
   117.00134            V.180428_0001.C  146.1211539  -31.7266368 71.234060   15.8979    19.364     0.069    21.636   _
   117.06434            V.180428_0132.C  146.1211324  -31.7266517 64.491920   14.8515    19.472     0.074    21.731   _
   117.38716            V.180428_0917.A  146.1211486  -31.7266377 68.099356   13.8737    19.413     0.079    21.513   MOON_BRIGHT
   117.45552            V.180428_1055.A  146.1210432  -31.7266539 70.194035   8.47479    19.380     0.129    20.912   MOON_BRIGHT
   117.73443            V.180428_1737.S  -99.9999999  -99.9999999 -99.99999    -99.99   -99.999   -99.999   -99.999   PSF_ERROR_BAD_IMAGE
   117.74243            V.180428_1749.S  146.1210253  -31.7266502 56.975414   2.41659    19.607     0.451    19.758   _
   117.80096            V.180428_1913.S  146.1211671  -31.7266239 63.398947   6.49550    19.491     0.168    20.725   MOON_BRIGHT
   117.86885            V.180428_2051.S  146.1211720  -31.7266321 58.069265   6.27719    19.586     0.174    20.775   MOON_BRIGHT
   117.99187            V.180428_2348.C  146.1211519  -31.7267572 61.332774   3.81806    19.527     0.286    20.200   MOON_BRIGHT
   118.05447            V.180429_0118.C  146.1211214  -31.7265629 82.358042   3.56294    19.205     0.306    19.832   _
   118.11716            V.180429_0248.C  146.1209277  -31.7266922 49.423740   1.46713    19.762     0.744    19.391   _
   118.39590            V.180429_0930.A  146.1211441  -31.7266317 73.320205   14.0812    19.332     0.078    21.474   MOON_BRIGHT
   118.46617            V.180429_1111.A  146.1211565  -31.7266147 67.032262   12.9185    19.430     0.084    21.500   MOON_BRIGHT
   118.73623            V.180429_1740.S  146.1211468  -31.7266352 62.865213   11.0401    19.500     0.099    21.339   _
   118.80014            V.180429_1912.S  146.1211595  -31.7266984 71.011535   7.36734    19.367     0.148    20.696   MOON_BRIGHT
   118.86778            V.180429_2049.S  146.1212706  -31.7266556 63.831893   7.51123    19.483     0.145    20.880   MOON_BRIGHT
   118.99611            V.180429_2354.C  146.1211400  -31.7266239 70.059692   15.3077    19.382     0.071    21.645   MOON_BRIGHT
   119.05741            V.180430_0122.C  146.1211650  -31.7266293 68.118263   13.5840    19.412     0.080    21.477   MOON_BRIGHT
   119.11664            V.180430_0247.C  146.1211148  -31.7266667 70.782689   9.99700    19.370     0.109    21.094   _
   119.38583            V.180430_0915.A  146.1211495  -31.7266163 60.096059   10.3805    19.549     0.105    21.369   MOON_BRIGHT
   119.45057            V.180430_1048.A  146.1211869  -31.7266674 64.966846   9.64947    19.464     0.113    21.144   MOON_BRIGHT
   119.79479            V.180430_1904.S  146.1211461  -31.7266215 61.891435   21.6112    19.517     0.051    22.176   _
   119.99807            V.180430_2357.C  146.1212111  -31.7266968 -99.99999    -99.99   -99.999   -99.999    17.488   MOON_BRIGHT
   121.38777            V.180502_0918.A  146.1211580  -31.7266207 66.352055   29.1328    19.441     0.038    22.524   MOON_BRIGHT
   121.44843            V.180502_1045.A  146.1211335  -31.7266201 65.015577   20.8226    19.463     0.052    22.134   MOON_BRIGHT
   121.50781            V.180502_1211.A  146.1211647  -31.7266491 67.814128   11.5581    19.417     0.094    21.350   MOON_BRIGHT
   121.82850            V.180502_1953.S  146.1211643  -31.7266177 60.441673   12.5007    19.543     0.087    21.492   _
   122.05399            V.180503_0117.C  146.1211530  -31.7266280 63.995428   21.0179    19.480     0.052    22.139   MOON_BRIGHT
   122.73257            V.180503_1734.S  146.1211364  -31.7266348 62.039337   25.0710    19.514     0.044    22.334   _
   122.79738            V.180503_1908.S  146.1211555  -31.7266397 64.509889   25.2602    19.472     0.043    22.278   _
   122.85927            V.180503_2037.S  -99.9999999  -99.9999999 -99.99999    -99.99   -99.999   -99.999   -99.999   PSF_ERROR_BAD_IMAGE
   122.86291            V.180503_2042.S  146.1211407  -31.7266264 63.168807   24.6146    19.495     0.044    22.277   _
   122.98720            V.180503_2341.C  146.1211606  -31.7266333 65.400730   31.2057    19.457     0.035    22.653   MOON_BRIGHT
   123.06138            V.180504_0128.C  146.1211562  -31.7266322 69.588349   26.4207    19.389     0.041    22.320   MOON_BRIGHT
   123.39539            V.180504_0929.A  146.1211648  -31.7266048 66.483594   21.5723    19.439     0.051    22.070   MOON_BRIGHT
   123.45819            V.180504_1059.A  146.1211970  -31.7265799 69.833075   12.0570    19.385     0.091    21.301   MOON_BRIGHT
   123.73194            V.180504_1733.S  146.1211475  -31.7266298 61.048096   36.3861    19.532     0.030    23.028   _
   123.73444            V.180504_1737.S  146.1211450  -31.7266303 58.435272   34.7769    19.580     0.031    23.004   _
   123.79755            V.180504_1908.S  146.1211314  -31.7266264 58.385954   32.3484    19.581     0.034    22.896   _
   123.99911            V.180504_2358.C  -99.9999999  -99.9999999 -99.99999    -99.99   -99.999   -99.999   -99.999   PSF_ERROR_BAD_IMAGE
   124.07176            V.180505_0143.C  146.1211496  -31.7266276 65.325515   28.8588    19.458     0.038    22.555   MOON_BRIGHT
   124.39051            V.180505_0922.A  146.1212021  -31.7266127 71.734250   16.0753    19.356     0.068    21.644   MOON_BRIGHT
   124.45824            V.180505_1059.A  146.1211454  -31.7266066 60.764992   21.5892    19.537     0.051    22.257   MOON_BRIGHT
   124.73084            V.180505_1732.S  146.1211531  -31.7266239 61.691324   30.0678    19.520     0.036    22.610   _
   124.79333            V.180505_1902.S  146.1211389  -31.7266236 61.521035   30.8903    19.523     0.035    22.687   _
   124.85316            V.180505_2028.S  146.1211491  -31.7266258 56.562732   22.9712    19.615     0.048    22.385   _
   125.08766            V.180506_0206.C  146.1211484  -31.7266257 62.755378   25.8748    19.502     0.042    22.475   MOON_BRIGHT
   125.45810            V.180506_1059.A  146.1211559  -31.7266340 63.001502   30.8648    19.498     0.035    22.734   MOON_BRIGHT
   125.72668            V.180506_1726.S  146.1211414  -31.7266360 70.703404   22.5273    19.372     0.048    22.101   _
   125.79387            V.180506_1903.S  146.1211512  -31.7266194 71.036463   30.8694    19.367     0.035    22.556   _
   126.02926            V.180507_0042.C  146.1211129  -31.7266434 72.431635   9.41309    19.345     0.116    21.036   MOON_BRIGHT
   126.39546            V.180507_0929.A  146.1211576  -31.7266359 60.590277   29.0112    19.540     0.038    22.594   _
   126.46119            V.180507_1104.A  146.1211679  -31.7266470 57.450456   7.61295    19.598     0.143    21.007   MOON_BRIGHT
   126.99319            V.180507_2350.C  146.1211668  -31.7266350 67.468643   19.5353    19.423     0.056    21.941   MOON_BRIGHT
   127.05468            V.180508_0118.C  146.1211459  -31.7266327 70.796671   15.8164    19.370     0.069    21.615   MOON_BRIGHT
   127.38563            V.180508_0915.A  146.1212018  -31.7266547 76.328546   4.59934    19.288     0.237    20.208   _
   127.44890            V.180508_1046.A  -99.9999999  -99.9999999 -99.99999    -99.99   -99.999   -99.999   -99.999   PSF_ERROR_BAD_IMAGE
   127.99597            V.180508_2354.C  146.1211402  -31.7266258 64.794428   20.1246    19.467     0.054    22.066   MOON_BRIGHT
   128.06059            V.180509_0127.C  146.1211828  -31.7265931 64.358333   14.1973    19.474     0.077    21.631   MOON_BRIGHT
   128.38751            V.180509_0917.A  146.1211509  -31.7266149 73.323894   30.0738    19.332     0.036    22.480   _
   128.45192            V.180509_1050.A  146.1211534  -31.7266160 65.604172   24.4648    19.453     0.045    22.283   _
   128.74185            V.180509_1748.S  146.1211503  -31.7266234 67.025433   29.5926    19.430     0.037    22.537   _
   128.81117            V.180509_1928.S  146.1211533  -31.7266320 67.158730   31.4021    19.428     0.035    22.719   _
   129.74192            V.180510_1748.S  146.1211427  -31.7266134 51.673583   6.53259    19.714     0.167    20.966   _
   129.80922            V.180510_1925.S  146.1211425  -31.7266624 63.002795   7.45326    19.497     0.146    20.953   _
   129.99922            V.180510_2358.C  146.1211316  -31.7266314 65.633763   27.9148    19.453     0.039    22.479   MOON_BRIGHT
   130.00488            V.180511_0006.C  146.1211574  -31.7266240 65.763871   29.7725    19.451     0.037    22.632   MOON_BRIGHT
   130.07088            V.180511_0142.C  146.1211510  -31.7266213 69.264365   30.1004    19.394     0.036    22.541   MOON_BRIGHT
   130.73322            V.180511_1735.S  146.1211375  -31.7266194 62.520740   24.2101    19.506     0.045    22.316   _
   130.80002            V.180511_1912.S  146.1211560  -31.7266007 63.415230   25.5486    19.490     0.043    22.406   _
   130.99696            V.180511_2355.C  146.1211435  -31.7266286 70.084161   30.7616    19.381     0.036    22.524   MOON_BRIGHT
   131.06484            V.180512_0133.C  146.1211503  -31.7266266 69.048993   33.1823    19.398     0.033    22.719   MOON_BRIGHT
   131.39330            V.180512_0926.A  146.1211775  -31.7266266 68.458378   17.7277    19.407     0.062    21.842   _
   131.46009            V.180512_1102.A  146.1211814  -31.7266229 61.968780   12.5196    19.516     0.087    21.533   _
   131.80170            V.180512_1914.S  146.1211633  -31.7266330 65.518203   29.2786    19.455     0.037    22.595   _
   131.99385            V.180512_2351.C  146.1211598  -31.7266320 66.047427   23.9372    19.446     0.046    22.297   _
   132.05738            V.180513_0122.C  146.1211471  -31.7266321 63.660101   24.5445    19.486     0.045    22.388   MOON_BRIGHT
   132.39280            V.180513_0925.A  146.1211476  -31.7266257 62.283717   28.8843    19.510     0.038    22.571   _
   132.46207            V.180513_1105.A  146.1211454  -31.7266316 61.726325   28.3444    19.520     0.039    22.592   _
   132.46374            V.180513_1107.A  146.1211486  -31.7266296 58.989237   25.6025    19.569     0.043    22.528   _
   132.74177            V.180513_1748.S  146.1211513  -31.7266205 64.682414   26.5534    19.469     0.041    22.380   _
   132.80712            V.180513_1922.S  146.1211539  -31.7266227 64.565252   31.9204    19.471     0.034    22.776   _
   133.38451            V.180514_0913.A  146.1212004  -31.7265967 63.871504   15.6220    19.483     0.070    21.763   _
   133.45002            V.180514_1048.A  146.1211319  -31.7266147 56.647871   19.9090    19.613     0.055    22.206   _
   133.73338            V.180514_1736.S  146.1211464  -31.7266293 71.626127   33.3360    19.358     0.033    22.642   _
   133.81227            V.180514_1929.S  146.1211614  -31.7266287 66.320391   31.5886    19.442     0.035    22.688   _
   133.98581            V.180514_2339.C  146.1211618  -31.7266203 125.67546   16.9639    18.744     0.064    21.102   _
   134.05738            V.180515_0122.C  146.1211531  -31.7266219 65.880024   24.1205    19.449     0.045    22.265   _
   134.38752            V.180515_0918.A  146.1211505  -31.7266142 61.023763   27.9644    19.532     0.039    22.588   _
   134.45110            V.180515_1049.A  146.1211536  -31.7266284 64.854493   25.5524    19.466     0.043    22.409   _
   134.73628            V.180515_1740.S  146.1211488  -31.7266303 61.193878   34.5621    19.529     0.032    22.984   _
   134.98140            V.180515_2333.C  146.1211400  -31.7266205 65.454966   31.0525    19.456     0.035    22.697   _
   135.04881            V.180516_0110.C  146.1211524  -31.7266292 64.490863   29.2224    19.472     0.037    22.655   _
   135.37226            V.180516_0856.A  146.1211816  -31.7266586 65.806108   14.5855    19.450     0.075    21.615   _
   135.43775            V.180516_1030.A  146.1211596  -31.7266448 65.064409   21.5090    19.462     0.051    22.104   _
   135.73779            V.180516_1742.S  146.1211542  -31.7266309 64.283540   35.3966    19.476     0.031    22.990   MOON_BRIGHT
   135.80529            V.180516_1919.S  146.1211609  -31.7266261 63.118610   33.7810    19.495     0.032    22.890   MOON_BRIGHT
   135.99524            V.180516_2353.C  146.1211491  -31.7266171 66.124300   30.5175    19.445     0.036    22.650   _
   136.05604            V.180517_0120.C  146.1211528  -31.7266289 67.283137   31.3218    19.426     0.035    22.622   _
   136.44597            V.180517_1042.A  146.1211386  -31.7266105 64.374999   19.1936    19.474     0.057    22.004   _
   136.73721            V.180517_1741.S  146.1211478  -31.7266298 62.082003   35.3210    19.514     0.031    22.993   MOON_BRIGHT
   136.79947            V.180517_1911.S  146.1211402  -31.7266235 66.271925   32.6653    19.442     0.033    22.731   MOON_BRIGHT
   137.38431            V.180518_0913.A  146.1211363  -31.7266087 62.261295   18.3254    19.510     0.060    21.949   _
   137.45231            V.180518_1051.A  146.1211468  -31.7266150 69.257354   20.2748    19.394     0.054    21.992   _
   137.73700            V.180518_1741.S  146.1211640  -31.7267250 -99.99999    -99.99   -99.999   -99.999    19.006   MOON_BRIGHT
   138.37742            V.180519_0903.A  146.1211319  -31.7266216 65.510149   18.1981    19.455     0.060    21.862   _
   138.44995            V.180519_1047.A  146.1211918  -31.7265993 65.869108   14.5284    19.449     0.075    21.596   _
   139.37684            V.180520_0902.A  146.1211394  -31.7266656 52.710337   8.61232    19.692     0.127    21.243   _
   139.44339            V.180520_1038.A  146.1211247  -31.7265942 53.085023   8.34696    19.684     0.131    21.248   _
   140.38227            V.180521_0910.A  146.1211337  -31.7266251 62.569159   18.5612    19.505     0.059    21.994   _
   141.40381            V.180522_0941.A  146.1211294  -31.7266194 68.313738   12.8894    19.409     0.085    21.471   MOON_BRIGHT
   141.98108            V.180522_2332.C  146.1211426  -31.7266228 65.521249   27.7518    19.455     0.039    22.502   _
   142.04950            V.180523_0111.C  146.1211486  -31.7266252 65.284272   27.7189    19.459     0.039    22.475   _
   142.38197            V.180523_0910.A  146.1211529  -31.7266425 69.635059   11.8378    19.388     0.092    21.319   MOON_BRIGHT
   142.44796            V.180523_1045.A  146.1211307  -31.7266322 61.427209   8.33211    19.525     0.131    21.034   MOON_BRIGHT
   142.72427            V.180523_1722.S  146.1211205  -31.7266524 62.003818   15.3645    19.515     0.071    21.766   MOON_BRIGHT
   142.79439            V.180523_1903.S  146.1211514  -31.7266162 66.797944   7.03477    19.434     0.155    20.742   MOON_BRIGHT
   142.97608            V.180523_2325.C  146.1211447  -31.7266379 62.616235   24.9706    19.504     0.044    22.346   _
   143.04200            V.180524_0100.C  146.1211509  -31.7266185 71.945285   22.9064    19.353     0.048    22.065   _
   143.97375            V.180524_2322.C  146.1211429  -31.7266339 68.304709   19.3760    19.409     0.056    21.940   _
   144.03484            V.180525_0050.C  146.1211353  -31.7266348 72.692411   19.6895    19.341     0.055    21.875   _
   144.37836            V.180525_0904.A  146.1211334  -31.7266232 66.765522   23.3565    19.434     0.047    22.168   MOON_BRIGHT
   144.97272            V.180525_2320.C  146.1211461  -31.7266333 67.681166   20.8555    19.419     0.052    22.023   _
   145.03348            V.180526_0048.C  146.1211305  -31.7266285 59.852837   17.2024    19.553     0.063    21.989   _
   145.71715            V.180526_1712.S  146.1211402  -31.7266443 64.155135   15.1196    19.478     0.072    21.648   MOON_BRIGHT
   145.78076            V.180526_1844.S  146.1211540  -31.7266160 64.969059   16.8397    19.464     0.065    21.796   MOON_BRIGHT
   145.97961            V.180526_2330.C  146.1211445  -31.7266439 70.489035   18.5984    19.375     0.059    21.840   MOON_BRIGHT
   146.03998            V.180527_0057.C  146.1211736  -31.7266437 65.239294   14.5700    19.459     0.075    21.652   _
   146.73385            V.180527_1736.S  146.1211497  -31.7266186 62.246625   17.8995    19.511     0.061    21.912   MOON_BRIGHT
   146.79597            V.180527_1906.S  146.1211018  -31.7266077 66.129273   13.2337    19.445     0.082    21.464   MOON_BRIGHT
   146.98279            V.180527_2335.C  146.1211496  -31.7266527 66.451960   19.2485    19.439     0.057    22.019   MOON_BRIGHT
   147.37633            V.180528_0901.A  146.1211388  -31.7266347 64.237900   13.4182    19.476     0.081    21.521   MOON_BRIGHT
   148.37909            V.180529_0905.A  146.1211447  -31.7266206 65.505065   17.9145    19.455     0.061    21.932   MOON_BRIGHT
   148.39047            V.180529_0922.A  146.1211224  -31.7266359 64.864875   16.1830    19.466     0.067    21.794   MOON_BRIGHT
   148.74341            V.180529_1750.S  146.1211489  -31.7266503 68.526757   12.0144    19.406     0.091    21.338   _
   149.73163            V.180530_1733.S  146.1211643  -31.7266645 57.994647   5.20670    19.588     0.210    20.593   _
   150.37398            V.180531_0858.A  146.1211560  -31.7266334 66.946218   10.3235    19.431     0.106    21.211   MOON_BRIGHT
   150.72050            V.180531_1717.S  146.1211431  -31.7266090 63.780797   25.3737    19.484     0.043    22.399   _
   150.97426            V.180531_2322.C  146.1211520  -31.7266265 64.263516   23.8594    19.476     0.046    22.281   MOON_BRIGHT
   151.03619            V.180601_0052.C  146.1211597  -31.7266452 65.854593   13.3703    19.449     0.082    21.528   MOON_BRIGHT
   151.38598            V.180601_0915.A  146.1211335  -31.7266076 55.958621   16.5343    19.627     0.066    21.939   MOON_BRIGHT
   152.71866            V.180602_1714.S  146.1211605  -31.7266175 63.611974   28.7301    19.487     0.038    22.571   _
   152.77561            V.180602_1836.S  -99.9999999  -99.9999999 -99.99999    -99.99   -99.999   -99.999   -99.999   PSF_ERROR_BAD_IMAGE
   152.97084            V.180602_2318.C  146.1211559  -31.7266298 65.453092   36.3744    19.456     0.030    22.960   MOON_BRIGHT
   153.38247            V.180603_0910.A  146.1211529  -31.7266435 61.448828   21.0661    19.525     0.052    22.208   MOON_BRIGHT
   153.97919            V.180603_2330.C  146.1211588  -31.7266256 66.599892   34.2290    19.437     0.032    22.806   MOON_BRIGHT
   154.37166            V.180604_0855.A  146.1211640  -31.7266116 64.837144   25.8027    19.466     0.042    22.431   _
   154.71833            V.180604_1714.S  146.1211447  -31.7266052 65.648903   28.9938    19.453     0.038    22.506   _
   154.77510            V.180604_1836.S  146.1211697  -31.7266329 63.518961   18.8063    19.489     0.058    21.986   _
   154.96825            V.180604_2314.C  146.1211408  -31.7266174 63.768707   24.7233    19.484     0.044    22.326   MOON_BRIGHT
   155.37767            V.180605_0903.A  146.1211570  -31.7265846 60.907435   17.5384    19.534     0.062    21.992   _
   155.72478            V.180605_1723.S  146.1211508  -31.7266347 66.512338   33.4042    19.438     0.033    22.781   _
   156.37513            V.180606_0900.A  146.1211490  -31.7265953 63.717904   19.1770    19.485     0.057    21.978   _
   156.72216            V.180606_1719.S  146.1211510  -31.7266242 64.503703   31.2812    19.472     0.035    22.707   _
   156.97260            V.180606_2320.C  146.1211558  -31.7266373 65.284206   25.2106    19.459     0.043    22.301   MOON_BRIGHT
   157.02654            V.180607_0038.C  146.1211539  -31.7266288 60.396694   24.0310    19.544     0.045    22.382   MOON_BRIGHT
   157.71606            V.180607_1711.S  146.1211547  -31.7266333 75.251905   35.0698    19.304     0.031    22.769   _
   157.96319            V.180607_2307.C  146.1211476  -31.7266174 68.348557   25.3791    19.409     0.043    22.305   MOON_BRIGHT
   158.01650            V.180608_0023.C  146.1211481  -31.7266225 66.547255   23.8956    19.438     0.046    22.276   MOON_BRIGHT
   158.71397            V.180608_1708.S  146.1211561  -31.7266249 66.450964   20.0820    19.439     0.054    22.033   _
   158.95926            V.180608_2301.C  146.1211398  -31.7266341 65.146050   30.7702    19.461     0.036    22.642   MOON_BRIGHT
   159.01142            V.180609_0016.C  146.1211439  -31.7266362 71.686616   16.4559    19.357     0.066    21.714   MOON_BRIGHT
   160.37023            V.180610_0853.A  146.1211463  -31.7266232 58.760686   18.1446    19.574     0.060    22.000   _
   160.71640            V.180610_1711.S  146.1211610  -31.7266058 64.382823   20.1610    19.474     0.054    22.099   _
   161.37157            V.180611_0855.A  146.1211471  -31.7266138 64.375241   15.8324    19.474     0.069    21.711   _
   161.70929            V.180611_1701.S  146.1211519  -31.7266294 70.705459   35.6312    19.372     0.031    22.834   _
   162.36826            V.180612_0850.A  146.1211583  -31.7266287 62.523218   23.7975    19.506     0.046    22.320   _
   162.71009            V.180612_1702.S  146.1211516  -31.7266308 65.627067   30.4730    19.453     0.036    22.652   _
   162.96801            V.180612_2313.C  146.1211492  -31.7266210 69.738700   24.7275    19.387     0.044    22.168   _
   163.37582            V.180613_0901.A  146.1211577  -31.7265598 64.049623   13.0129    19.480     0.084    21.536   _
   163.71079            V.180613_1703.S  146.1211466  -31.7266286 63.531434   27.9261    19.488     0.039    22.597   MOON_BRIGHT
   163.96493            V.180613_2309.C  146.1211471  -31.7266264 63.319856   30.8999    19.492     0.035    22.661   _
   164.36890            V.180614_0851.A  146.1211488  -31.7266365 58.054472   12.4820    19.587     0.087    21.597   _
   164.96634            V.180614_2311.C  146.1211492  -31.7266233 69.206438   31.3025    19.395     0.035    22.676   _
   166.70782            V.180616_1659.S  146.1211026  -31.7266562 55.925449   3.39958    19.627     0.321    20.152   MOON_BRIGHT
   166.97499            V.180616_2323.C  146.1211501  -31.7266200 63.737816   29.6535    19.485     0.037    22.636   _
   167.97282            V.180617_2320.C  146.1211529  -31.7266351 72.064020   25.3192    19.351     0.043    22.185   _
   168.97125            V.180618_2318.C  146.1211561  -31.7266256 61.994344   22.0151    19.515     0.050    22.236   _
   169.37258            V.180619_0856.A  146.1211668  -31.7265975 69.405507   14.2893    19.392     0.076    21.558   _
   169.96090            V.180619_2303.C  146.1211541  -31.7266315 67.922463   20.8001    19.415     0.052    21.995   _
   170.70894            V.180620_1700.S  146.1211543  -31.7266557 58.070649   13.3669    19.586     0.082    21.633   MOON_BRIGHT
   170.95006            V.180620_2248.C  146.1211565  -31.7266363 64.969754   15.3313    19.464     0.071    21.660   _
   171.37091            V.180621_0854.A  146.1212155  -31.7265856 63.104421   10.4792    19.496     0.104    21.308   MOON_BRIGHT
   171.95087            V.180621_2249.C  146.1211351  -31.7266012 62.399631   11.5513    19.508     0.094    21.414   _
   172.36675            V.180622_0848.A  146.1211342  -31.7266071 67.480148   9.94357    19.423     0.110    21.174   MOON_BRIGHT
   172.70457            V.180622_1654.S  146.1211510  -31.7266272 64.679033   22.3901    19.469     0.049    22.189   MOON_BRIGHT
   172.95470            V.180622_2254.C  146.1211721  -31.7266345 69.390873   15.8227    19.392     0.069    21.672   _
   173.36652            V.180623_0847.A  146.1211455  -31.7266218 62.405020   9.29619    19.508     0.117    21.168   MOON_BRIGHT
   173.95063            V.180623_2248.C  146.1211198  -31.7266350 70.265414   13.5771    19.378     0.080    21.449   _
   174.36257            V.180624_0842.A  146.1211673  -31.7266889 72.842197   10.1847    19.339     0.107    21.114   MOON_BRIGHT
   174.70569            V.180624_1656.S  146.1211344  -31.7266547 64.803506   14.4045    19.467     0.076    21.628   MOON_BRIGHT
   174.95198            V.180624_2250.C  146.1211568  -31.7266712 50.404571   4.98351    19.741     0.219    20.760   MOON_BRIGHT
   175.36105            V.180625_0839.A  146.1211881  -31.7266473 61.945673   9.05782    19.516     0.120    21.157   MOON_BRIGHT
   175.94808            V.180625_2245.C  146.1211421  -31.7266075 60.259446   7.50366    19.546     0.145    20.932   MOON_BRIGHT
   176.35656            V.180626_0833.A  146.1211482  -31.7266603 65.195852   9.80073    19.460     0.111    21.158   MOON_BRIGHT
   176.70402            V.180626_1653.S  146.1211842  -31.7266120 61.728011   11.8179    19.520     0.092    21.450   _
   176.96451            V.180626_2308.C  146.1211171  -31.7266432 68.027060   17.1701    19.414     0.064    21.818   MOON_BRIGHT
   177.95238            V.180627_2251.C  146.1211353  -31.7266435 66.620021   14.1571    19.437     0.077    21.600   MOON_BRIGHT