; SOURCE_NAME : oh_aux3
; SOURCE_RA_DEC	[146.12331, 146.1186771, 146.1211579, 146.1252263, 146.1211737]	[-31.72825, -31.72441639, -31.7266625, -31.72913221, -31.73156611]
; NUMBER_OF_REFERENCES	11
; Nilou Afsari	180627_2251
; OBSDAY2018                     STRTXT     RA_MC(")    DEC_MC(") Flux(uJy)       SNR    MAG_MC MAGERR_MC    LIM_MC   NOTE
    37.46333            B.180207_1107.A  146.1252375  -31.7290766 126.89367   42.8471    18.905     0.029    22.459   MOON_BRIGHT
    37.50887            B.180207_1212.A  146.1252465  -31.7290690 118.09013   53.8888    18.984     0.024    22.993   MOON_BRIGHT
    37.80058            B.180207_1912.S  -99.9999999  -99.9999999 -99.99999    -99.99   -99.999   -99.999   -99.999   PSF_ERROR_BAD_IMAGE
    38.03679            B.180208_0052.C  146.1252689  -31.7290867 113.45216   40.3336    19.027     0.030    22.536   MOON_BRIGHT
    38.06370            B.180208_0131.C  146.1252508  -31.7290659 110.22527   49.3257    19.059     0.026    22.856   MOON_BRIGHT
    38.09876            B.180208_0222.C  146.1252492  -31.7290673 111.81913   59.1583    19.043     0.023    23.236   MOON_BRIGHT
    38.45348            B.180208_1053.A  146.1252291  -31.7291697 -99.99999    -99.99   -99.999   -99.999    19.486   MOON_BRIGHT
    38.47685            B.180208_1126.A  146.1252226  -31.7290624 126.63161   43.5105    18.907     0.028    22.451   MOON_BRIGHT
    38.80666            B.180208_1921.S  146.1252600  -31.7290669 110.95561   60.1817    19.052     0.022    23.515   _
    39.83674            B.180209_2004.S  -99.9999999  -99.9999999 -99.99999    -99.99   -99.999   -99.999   -99.999   PSF_ERROR_BAD_IMAGE
    39.89186            B.180209_2124.S  146.1252847  -31.7290772 107.55416   39.8417    19.086     0.030    22.631   _
    40.78906            B.180210_1856.S  146.1252543  -31.7290617 102.43971   45.6953    19.139     0.027    22.845   _
    40.87553            B.180210_2100.S  146.1252491  -31.7290570 111.09493   62.1883    19.050     0.022    23.435   _
    41.60304            B.180211_1428.A  146.1252523  -31.7290585 116.50024   38.6050    18.998     0.031    22.353   MOON_BRIGHT
    41.66407            B.180211_1556.A  146.1252595  -31.7290636 116.25521   48.5115    19.001     0.026    22.756   MOON_BRIGHT
    41.72435            B.180211_1723.A  146.1252501  -31.7290725 116.71606   40.7081    18.996     0.030    22.470   MOON_BRIGHT
    43.67481            B.180213_1611.A  146.1252573  -31.7290656 112.04016   54.1125    19.041     0.024    22.928   MOON_BRIGHT
    43.73911            B.180213_1744.A  146.1252571  -31.7290655 114.29148   52.3217    19.019     0.025    22.854   MOON_BRIGHT
    46.43675            B.180216_1028.A  146.1252424  -31.7290686 112.07466   47.1846    19.041     0.027    22.723   _
    46.47925            B.180216_1130.A  -99.9999999  -99.9999999 -99.99999    -99.99   -99.999   -99.999   -99.999   PSF_ERROR_BAD_IMAGE
    46.53052            B.180216_1243.A  146.1252493  -31.7290812 113.19652   55.0175    19.030     0.024    22.939   _
    47.44201            B.180217_1036.A  146.1252565  -31.7290740 102.78773   37.7048    19.135     0.032    22.410   _
    47.48938            B.180217_1144.A  146.1252522  -31.7290807 113.21895   47.6331    19.030     0.026    22.734   _
    48.43181            B.180218_1021.A  146.1252787  -31.7290795 111.57906   38.7613    19.046     0.031    22.419   _
    48.48350            B.180218_1136.A  146.1252606  -31.7290884 140.09913   42.4752    18.797     0.029    22.370   _
    48.53432            B.180218_1249.A  146.1252561  -31.7290597 121.92211   55.5115    18.949     0.024    23.007   _
    48.55866            B.180218_1324.A  146.1253759  -31.7292164 107.96275   7.34047    19.081     0.149    20.531   _
    48.80095            B.180218_1913.S  146.1252488  -31.7290889 109.54979   45.1688    19.066     0.027    22.728   MOON_BRIGHT
    48.83302            B.180218_1959.S  146.1252556  -31.7290768 108.95814   50.2905    19.071     0.025    22.896   MOON_BRIGHT
    48.89200            B.180218_2124.S  146.1252757  -31.7290752 111.92054   54.0547    19.042     0.024    23.066   _
    49.04081            B.180219_0058.C  146.1252517  -31.7290881 112.76686   44.1298    19.034     0.028    22.623   _
    49.10075            B.180219_0225.C  146.1252380  -31.7290691 114.47012   56.3596    19.018     0.023    23.097   _
    49.20450            B.180219_0454.C  146.1252475  -31.7290620 116.72673   60.7343    18.996     0.022    23.264   _
    49.79507            B.180219_1904.S  146.1252507  -31.7290729 109.99620   52.8266    19.061     0.024    23.096   MOON_BRIGHT
    49.83058            B.180219_1956.S  146.1252522  -31.7290595 111.88460   59.3493    19.043     0.023    23.287   MOON_BRIGHT
    49.88400            B.180219_2112.S  146.1252569  -31.7290632 112.39019   60.8211    19.038     0.022    23.317   _
    49.96463            B.180219_2309.S  -99.9999999  -99.9999999 -99.99999    -99.99   -99.999   -99.999   -99.999   PSF_ERROR_BAD_IMAGE
    50.03512            B.180220_0050.C  146.1252607  -31.7290792 114.13047   45.7620    19.021     0.027    22.626   _
    50.06257            B.180220_0130.C  146.1252535  -31.7290727 110.71369   48.9982    19.054     0.026    22.782   _
    50.11730            B.180220_0248.C  146.1252420  -31.7290685 112.92831   55.3215    19.032     0.024    23.086   _
    50.23714            B.180220_0541.C  146.1252455  -31.7290676 110.92049   55.5064    19.052     0.024    23.091   _
    50.78319            B.180220_1847.S  146.1252504  -31.7290648 108.02203   41.0836    19.081     0.030    22.581   MOON_BRIGHT
    50.81003            B.180220_1926.S  146.1252506  -31.7290724 110.67477   55.1235    19.054     0.024    23.125   MOON_BRIGHT
    50.86057            B.180220_2039.S  146.1252626  -31.7290959 106.87446   37.0466    19.093     0.032    22.561   MOON_BRIGHT
    50.93032            B.180220_2219.S  146.1253087  -31.7291046 99.237680   3.53333    19.173     0.309    19.794   _
    50.93376            B.180220_2224.S  146.1253851  -31.7291200 93.951520   6.24787    19.233     0.175    20.528   _
    51.04237            B.180221_0101.C  146.1252412  -31.7290747 113.08590   51.1250    19.031     0.025    22.887   _
    51.11205            B.180221_0241.C  146.1252419  -31.7290632 112.79443   59.2076    19.034     0.023    23.192   _
    51.19372            B.180221_0438.C  146.1252505  -31.7290663 113.30948   65.9111    19.029     0.021    23.508   _
    51.26022            B.180221_0614.C  146.1252523  -31.7290622 117.48609   66.0498    18.989     0.021    23.444   _
    51.43499            B.180221_1026.A  146.1252731  -31.7290812 117.52399   28.5761    18.989     0.040    21.940   _
    51.46617            B.180221_1111.A  146.1252923  -31.7290856 118.02533   23.7647    18.984     0.048    21.731   _
    51.47023            B.180221_1117.A  146.1252872  -31.7290800 116.59783   23.8735    18.998     0.048    21.745   _
    51.50892            B.180221_1212.A  146.1252555  -31.7290661 119.66978   33.7561    18.969     0.035    22.177   _
    51.57343            B.180221_1345.A  146.1252465  -31.7290661 114.80584   56.7880    19.014     0.023    23.087   _
    51.63488            B.180221_1514.A  146.1252466  -31.7290664 109.23975   27.5678    19.069     0.042    22.035   _
    51.78856            B.180221_1855.S  146.1252811  -31.7290767 107.81808   47.5673    19.083     0.026    22.830   MOON_BRIGHT
    51.82308            B.180221_1945.S  146.1252608  -31.7290745 108.05961   52.4854    19.081     0.025    22.999   MOON_BRIGHT
    53.04308            B.180223_0102.C  146.1252646  -31.7290876 102.37770   30.8256    19.139     0.038    22.258   _
    53.09544            B.180223_0217.C  146.1252532  -31.7290648 112.58065   41.6980    19.036     0.029    22.502   _
    53.18226            B.180223_0422.C  146.1252531  -31.7290679 112.28073   64.2927    19.039     0.021    23.481   _
    53.24464            B.180223_0552.C  146.1252521  -31.7290610 112.21859   65.9619    19.039     0.021    23.556   _
    53.82358            B.180223_1945.S  146.1252527  -31.7290852 113.46118   31.3628    19.027     0.037    22.116   MOON_BRIGHT
    53.88227            B.180223_2110.S  146.1252770  -31.7290794 109.77313   22.0955    19.063     0.051    21.793   MOON_BRIGHT
    53.96470            B.180223_2309.S  146.1252627  -31.7290690 105.78216   45.2988    19.104     0.027    22.703   MOON_BRIGHT
    54.03718            B.180224_0053.S  146.1252755  -31.7290642 105.54928   43.3735    19.106     0.028    22.678   MOON_BRIGHT
    55.04559            B.180225_0105.C  146.1252420  -31.7290737 116.03037   49.5428    19.003     0.026    22.749   _
    55.05682            B.180225_0121.C  146.1252644  -31.7290742 113.95792   50.3808    19.023     0.025    22.857   _
    55.11597            B.180225_0247.C  146.1252430  -31.7290719 114.10046   55.1633    19.021     0.024    23.017   _
    55.19512            B.180225_0440.C  146.1252476  -31.7290608 113.77841   63.5231    19.024     0.022    23.317   _
    55.26370            B.180225_0619.C  146.1252460  -31.7290589 115.70151   69.2460    19.006     0.020    23.718   _
    55.26794            B.180225_0625.C  146.1252540  -31.7290708 116.39472   66.9363    18.999     0.021    23.657   _
    55.78030            B.180225_1843.S  146.1252413  -31.7290891 110.86552   33.0956    19.053     0.035    22.240   MOON_BRIGHT
    55.81170            B.180225_1928.S  146.1252948  -31.7290750 110.38396   23.5823    19.057     0.048    21.749   MOON_BRIGHT
    55.86668            B.180225_2048.S  146.1252777  -31.7290889 113.17688   31.9989    19.030     0.036    22.128   MOON_BRIGHT
    55.94166            B.180225_2235.S  146.1252559  -31.7290821 107.03040   32.9205    19.091     0.036    22.226   MOON_BRIGHT
    56.01422            B.180226_0020.S  146.1252744  -31.7290619 108.82581   48.5294    19.073     0.026    22.795   MOON_BRIGHT
    57.04325            B.180227_0102.C  146.1252477  -31.7290786 119.18509   24.2012    18.974     0.047    21.747   _
    57.04471            B.180227_0104.C  146.1252602  -31.7290963 111.00843   24.0461    19.051     0.047    21.834   _
    57.10113            B.180227_0225.C  146.1252530  -31.7290845 116.19128   36.6099    19.001     0.033    22.260   _
    57.17851            B.180227_0417.C  146.1252605  -31.7290725 115.54757   41.1962    19.007     0.029    22.454   _
    57.24381            B.180227_0551.C  146.1252511  -31.7290771 113.28095   37.2315    19.029     0.032    22.331   _
    57.42861            B.180227_1017.A  146.1252617  -31.7290854 124.23095   26.7961    18.928     0.043    21.860   MOON_BRIGHT
    57.49797            B.180227_1157.A  146.1252798  -31.7290796 114.79490   23.5574    19.015     0.048    21.729   MOON_BRIGHT
    57.58515            B.180227_1402.A  146.1252944  -31.7290909 111.45298   19.4377    19.047     0.058    21.567   _
    57.65891            B.180227_1548.A  146.1252685  -31.7291112 125.91402   15.7194    18.914     0.071    21.197   _
    57.78442            B.180227_1849.S  146.1252573  -31.7290756 120.47812   32.3495    18.962     0.036    22.127   MOON_BRIGHT
    57.81236            B.180227_1929.S  146.1252506  -31.7290776 110.05535   33.2018    19.061     0.035    22.251   MOON_BRIGHT
    57.86448            B.180227_2044.S  -99.9999999  -99.9999999 -99.99999    -99.99   -99.999   -99.999   -99.999   PSF_ERROR_BAD_IMAGE
    57.86765            B.180227_2049.S  146.1252535  -31.7290758 110.04102   35.7137    19.061     0.033    22.353   MOON_BRIGHT
    57.94693            B.180227_2243.S  146.1252529  -31.7290664 110.10789   39.1861    19.060     0.031    22.456   MOON_BRIGHT
    58.02297            B.180228_0033.S  146.1252963  -31.7291389 105.27018   20.0918    19.109     0.056    21.632   MOON_BRIGHT
    59.44355            B.180301_1038.A  146.1252755  -31.7290772 117.83637   16.6246    18.986     0.067    21.302   MOON_BRIGHT
    59.44510            B.180301_1040.A  146.1252523  -31.7291031 112.96228   16.7005    19.032     0.067    21.369   MOON_BRIGHT
    59.50713            B.180301_1210.A  146.1252900  -31.7290557 105.77316   13.9483    19.104     0.079    21.283   MOON_BRIGHT
    59.58412            B.180301_1401.A  146.1252848  -31.7290772 109.39438   13.8390    19.067     0.080    21.177   MOON_BRIGHT
    59.65719            B.180301_1546.A  146.1252856  -31.7290910 128.36627   14.6588    18.893     0.076    21.063   _
    59.77347            B.180301_1833.S  146.1253226  -31.7290597 101.32878   9.63961    19.151     0.114    20.819   _
    59.82506            B.180301_1948.S  146.1253283  -31.7291656 108.96953   11.3714    19.071     0.097    20.961   _
    61.03093            B.180303_0044.C  146.1252538  -31.7290910 111.85314   25.6167    19.043     0.045    21.854   MOON_BRIGHT
    61.08899            B.180303_0208.C  146.1252454  -31.7290771 108.62554   27.0416    19.075     0.042    21.953   MOON_BRIGHT
    61.15796            B.180303_0347.C  146.1252630  -31.7290793 120.09748   33.4729    18.965     0.035    22.123   _
    61.23045            B.180303_0531.C  146.1252627  -31.7290796 119.46997   29.9250    18.971     0.039    21.984   _
    61.77403            B.180303_1834.S  146.1252614  -31.7290921 110.28610   34.5653    19.058     0.034    22.279   _
    61.81215            B.180303_1929.S  146.1252389  -31.7290838 111.92840   31.3409    19.042     0.037    22.093   _
    61.86429            B.180303_2044.S  146.1252969  -31.7291014 117.28490   18.7176    18.991     0.060    21.491   _
    62.01027            B.180304_0014.S  146.1252787  -31.7290881 110.42801   22.6562    19.057     0.050    21.734   MOON_BRIGHT
    63.03719            B.180305_0053.C  146.1252538  -31.7290613 115.81059   64.2902    19.005     0.021    23.469   MOON_BRIGHT
    63.10539            B.180305_0231.C  146.1252426  -31.7290693 116.50394   49.1833    18.998     0.026    22.756   MOON_BRIGHT
    63.17589            B.180305_0413.C  146.1252423  -31.7290733 116.07761   43.4456    19.002     0.028    22.511   _
    63.25169            B.180305_0602.C  146.1252597  -31.7290782 125.31671   40.0929    18.919     0.030    22.344   _
    63.78453            B.180305_1849.S  146.1252656  -31.7290739 105.28020   41.8008    19.109     0.029    22.656   _
    63.81411            B.180305_1932.S  146.1252682  -31.7290748 118.73714   54.1865    18.978     0.024    23.065   _
    63.86958            B.180305_2052.S  146.1252602  -31.7290751 112.85398   33.0927    19.033     0.035    22.287   _
    63.94494            B.180305_2240.S  146.1252794  -31.7290991 110.11256   31.7308    19.060     0.037    22.203   MOON_BRIGHT
    64.01693            B.180306_0024.S  146.1252686  -31.7290780 115.98132   24.7156    19.003     0.046    21.776   MOON_BRIGHT
    65.02892            B.180307_0041.C  146.1252560  -31.7290661 112.30883   53.7617    19.038     0.024    23.010   MOON_BRIGHT
    65.07775            B.180307_0151.C  146.1252537  -31.7290720 111.03007   62.1287    19.051     0.022    23.361   MOON_BRIGHT
    65.17253            B.180307_0408.C  146.1252506  -31.7290651 119.52928   50.2418    18.970     0.025    22.719   MOON_BRIGHT
    65.23900            B.180307_0544.C  146.1252427  -31.7290730 111.28445   45.9440    19.048     0.027    22.687   MOON_BRIGHT
    65.76744            B.180307_1825.S  146.1252512  -31.7290725 103.77317   49.0421    19.125     0.026    22.946   _
    65.79970            B.180307_1911.S  146.1252652  -31.7290957 106.07309   53.1253    19.101     0.024    23.047   _
    65.85395            B.180307_2029.S  146.1252514  -31.7290857 107.86935   39.3558    19.082     0.031    22.639   _
    67.65010            B.180309_1536.A  146.1252642  -31.7290940 114.56759   38.9168    19.017     0.031    22.368   MOON_BRIGHT
    67.65507            B.180309_1543.A  146.1252740  -31.7290809 113.93122   38.3511    19.023     0.031    22.355   MOON_BRIGHT
    69.02166            B.180311_0031.C  146.1252504  -31.7290706 115.02062   66.4908    19.012     0.021    23.535   MOON_BRIGHT
    69.07459            B.180311_0147.C  146.1252516  -31.7290739 112.55351   61.6620    19.036     0.022    23.273   MOON_BRIGHT
    69.14815            B.180311_0333.C  146.1252473  -31.7290636 118.05756   66.9144    18.984     0.021    23.481   MOON_BRIGHT
    69.22032            B.180311_0517.C  146.1252506  -31.7290698 114.96143   62.9054    19.013     0.022    23.322   MOON_BRIGHT
    69.41931            B.180311_1003.A  146.1252514  -31.7290664 119.30907   56.3127    18.972     0.023    23.008   _
    69.46963            B.180311_1116.A  146.1252502  -31.7290634 120.46352   60.0760    18.962     0.022    23.201   _
    69.51954            B.180311_1228.A  146.1252567  -31.7290688 113.96066   52.8180    19.023     0.024    22.975   MOON_BRIGHT
    69.57032            B.180311_1341.A  146.1252509  -31.7290624 115.19826   56.7198    19.011     0.023    23.074   MOON_BRIGHT
    69.63403            B.180311_1513.A  146.1252592  -31.7290557 117.91467   60.1774    18.985     0.022    23.208   MOON_BRIGHT
    69.76895            B.180311_1827.S  146.1252481  -31.7290669 109.95327   61.2930    19.062     0.022    23.414   _
    69.80699            B.180311_1922.S  146.1252547  -31.7290573 113.16459   60.8259    19.030     0.022    23.350   _
    69.87730            B.180311_2103.S  146.1252641  -31.7290634 103.73376   49.2283    19.125     0.026    22.892   _
    69.94407            B.180311_2239.S  146.1252443  -31.7290594 109.99907   58.5872    19.061     0.023    23.286   _
    71.02431            B.180313_0034.C  146.1252548  -31.7290577 115.96847   65.8694    19.003     0.021    23.478   MOON_BRIGHT
    71.07391            B.180313_0146.C  146.1252498  -31.7290716 111.19572   63.7316    19.049     0.021    23.334   MOON_BRIGHT
    71.14281            B.180313_0325.C  146.1252537  -31.7290694 115.02065   64.1602    19.012     0.021    23.343   MOON_BRIGHT
    71.20745            B.180313_0458.C  146.1252549  -31.7290595 116.08577   63.5408    19.002     0.022    23.355   MOON_BRIGHT
    73.02397            B.180315_0034.C  146.1252505  -31.7290674 112.74343   65.4122    19.034     0.021    23.504   MOON_BRIGHT
    73.07381            B.180315_0146.C  146.1252616  -31.7290645 114.17592   67.4541    19.020     0.021    23.526   MOON_BRIGHT
    73.14225            B.180315_0324.C  146.1252562  -31.7290553 116.54245   67.2493    18.998     0.021    23.545   MOON_BRIGHT
    73.20485            B.180315_0454.C  146.1252637  -31.7290662 116.16783   65.5608    19.002     0.021    23.408   MOON_BRIGHT
    73.42944            B.180315_1018.A  146.1252463  -31.7290742 115.72041   54.3821    19.006     0.024    22.984   _
    73.48285            B.180315_1135.A  146.1252628  -31.7290770 110.40490   48.6922    19.057     0.026    22.794   _
    73.53199            B.180315_1246.A  146.1252499  -31.7290700 115.41588   55.7690    19.009     0.023    23.081   _
    73.60028            B.180315_1424.A  146.1252565  -31.7290542 113.71153   52.5361    19.025     0.024    22.992   _
    73.77538            B.180315_1836.S  -99.9999999  -99.9999999 -99.99999    -99.99   -99.999   -99.999   -99.999   PSF_ERROR_BAD_IMAGE
    75.01766            B.180317_0025.C  146.1252560  -31.7290561 114.56464   62.6012    19.017     0.022    23.291   _
    75.06978            B.180317_0140.C  146.1252522  -31.7290689 116.51291   66.7756    18.998     0.021    23.483   _
    75.14069            B.180317_0322.C  146.1252511  -31.7290649 115.89411   68.6607    19.004     0.021    23.588   MOON_BRIGHT
    75.20770            B.180317_0459.C  146.1252575  -31.7290638 117.69068   67.5696    18.987     0.021    23.559   MOON_BRIGHT
    75.41247            B.180317_0953.A  146.1252559  -31.7290935 119.84958   52.3234    18.968     0.025    22.844   _
    75.46174            B.180317_1104.A  146.1252473  -31.7290885 116.49044   35.3318    18.999     0.033    22.427   _
    75.51696            B.180317_1224.A  146.1252612  -31.7290530 123.01624   56.2481    18.939     0.023    23.009   _
    75.58532            B.180317_1402.A  146.1252565  -31.7290742 114.04216   57.9548    19.022     0.023    23.101   _
    75.76591            B.180317_1822.S  146.1252564  -31.7290619 111.88240   61.2377    19.043     0.022    23.402   MOON_BRIGHT
    75.83410            B.180317_2001.S  146.1252487  -31.7290580 108.04353   63.6131    19.081     0.022    23.528   _
    75.90414            B.180317_2141.S  146.1252638  -31.7290769 106.16481   49.7076    19.100     0.026    22.936   _
    75.97269            B.180317_2320.S  146.1252716  -31.7290858 105.94272   39.1901    19.102     0.031    22.508   _
    76.40544            B.180318_0943.A  146.1252533  -31.7290720 113.17238   48.1668    19.030     0.026    22.790   _
    76.45869            B.180318_1100.A  146.1252516  -31.7290674 116.89286   53.4952    18.995     0.024    22.903   _
    76.50815            B.180318_1211.A  146.1252500  -31.7290618 116.06355   51.0308    19.003     0.025    22.841   _
    76.57984            B.180318_1354.A  146.1252562  -31.7290669 118.63281   55.1299    18.979     0.024    22.977   _
    76.76356            B.180318_1819.S  146.1252429  -31.7290651 114.12088   66.8156    19.021     0.021    23.745   MOON_BRIGHT
    76.82435            B.180318_1947.S  146.1252484  -31.7290682 108.51492   66.8195    19.076     0.021    23.748   _
    76.88903            B.180318_2120.S  146.1252494  -31.7290667 109.28788   67.0605    19.068     0.021    23.694   _
    76.95966            B.180318_2301.S  146.1252535  -31.7290622 112.85396   66.7472    19.033     0.021    23.655   _
    77.15582            B.180319_0344.C  146.1252522  -31.7290698 115.93509   68.1925    19.004     0.021    23.536   _
    77.22382            B.180319_0522.C  146.1252496  -31.7290621 115.56155   65.6991    19.007     0.021    23.437   MOON_BRIGHT
    77.41617            B.180319_0959.A  146.1252669  -31.7290777 113.80506   51.0856    19.024     0.025    22.852   _
    77.47019            B.180319_1117.A  146.1252499  -31.7290666 118.45738   58.0944    18.980     0.023    23.104   _
    77.52035            B.180319_1229.A  146.1252853  -31.7290948 108.12205   31.5011    19.080     0.037    22.157   _
    77.59203            B.180319_1412.A  146.1252499  -31.7290686 113.25168   50.9512    19.029     0.025    22.872   _
    77.76203            B.180319_1817.S  146.1252502  -31.7290674 109.95389   63.5939    19.062     0.022    23.544   MOON_BRIGHT
    77.82822            B.180319_1952.S  146.1252563  -31.7290664 109.93102   66.4043    19.062     0.021    23.692   _
    77.90330            B.180319_2140.S  146.1252541  -31.7290600 108.57828   64.3253    19.075     0.021    23.569   _
    77.96730            B.180319_2312.S  146.1252532  -31.7290654 112.25715   62.8448    19.039     0.022    23.412   _
    78.14904            B.180320_0334.C  146.1252570  -31.7290598 118.66616   67.5818    18.978     0.021    23.536   _
    78.22117            B.180320_0518.C  146.1252674  -31.7290687 114.18203   61.8233    19.020     0.022    23.296   MOON_BRIGHT
    78.41575            B.180320_0958.A  146.1252740  -31.7290826 114.41463   32.5605    19.018     0.036    22.199   _
    78.47034            B.180320_1117.A  146.1252488  -31.7290647 120.97196   56.0191    18.957     0.023    23.040   _
    78.51956            B.180320_1228.A  146.1252569  -31.7290620 110.55690   47.5686    19.056     0.026    22.810   _
    78.76064            B.180320_1815.S  -99.9999999  -99.9999999 -99.99999    -99.99   -99.999   -99.999   -99.999   PSF_ERROR_BAD_IMAGE
    78.81828            B.180320_1938.S  -99.9999999  -99.9999999 -99.99999    -99.99   -99.999   -99.999   -99.999   PSF_ERROR_BAD_IMAGE
    79.13939            B.180321_0320.C  146.1252492  -31.7290667 113.43138   64.3755    19.028     0.021    23.335   _
    79.21696            B.180321_0512.C  146.1252630  -31.7290602 113.66434   58.8207    19.025     0.023    23.135   _
    79.76010            B.180321_1814.S  146.1252608  -31.7290709 110.26473   55.4623    19.058     0.024    23.109   MOON_BRIGHT
    79.81742            B.180321_1937.S  146.1252542  -31.7290800 101.96218   44.8851    19.144     0.028    22.793   MOON_BRIGHT
    79.87157            B.180321_2055.S  146.1252706  -31.7290769 111.82252   47.0941    19.043     0.027    22.791   MOON_BRIGHT
    80.12591            B.180322_0301.C  146.1252546  -31.7290643 114.98987   63.7831    19.013     0.021    23.313   _
    80.18870            B.180322_0431.C  146.1252504  -31.7290669 116.46882   65.9120    18.999     0.021    23.483   _
    81.11727            B.180323_0248.C  146.1252559  -31.7290672 113.62441   66.0132    19.026     0.021    23.439   _
    81.18190            B.180323_0421.C  146.1252519  -31.7290701 117.08437   68.2778    18.993     0.021    23.584   _
    81.40681            B.180323_0945.A  146.1252583  -31.7290750 116.63618   45.5601    18.997     0.027    22.637   _
    81.45743            B.180323_1058.A  146.1252818  -31.7290913 115.10222   26.4935    19.012     0.043    21.993   _
    81.45890            B.180323_1100.A  146.1252464  -31.7290740 115.78175   49.5542    19.005     0.026    22.818   _
    81.50918            B.180323_1213.A  146.1252366  -31.7290798 113.78401   52.6814    19.024     0.024    22.923   _
    81.60639            B.180323_1433.A  146.1252630  -31.7290853 118.10193   32.5600    18.984     0.036    22.105   _
    81.76258            B.180323_1818.S  146.1252511  -31.7290692 111.54100   60.2819    19.046     0.022    23.387   MOON_BRIGHT
    81.82115            B.180323_1942.S  146.1252466  -31.7290638 107.13152   62.0869    19.090     0.022    23.498   MOON_BRIGHT
    83.01993            B.180325_0028.C  146.1252477  -31.7290703 115.05292   56.2047    19.012     0.023    23.000   _
    83.07194            B.180325_0143.C  146.1252537  -31.7290733 113.22951   51.6679    19.030     0.025    22.930   _
    83.14166            B.180325_0323.C  146.1252410  -31.7290659 116.41375   56.3352    18.999     0.023    22.983   _
    83.21362            B.180325_0507.C  146.1252579  -31.7290579 115.40901   64.1214    19.009     0.021    23.385   _
    83.76019            B.180325_1814.S  146.1252553  -31.7290797 107.96235   33.0781    19.081     0.035    22.276   MOON_BRIGHT
    83.81354            B.180325_1931.S  146.1252728  -31.7290906 107.85125   30.5969    19.083     0.038    22.212   MOON_BRIGHT
    83.88168            B.180325_2109.S  146.1252541  -31.7290741 113.28534   33.1239    19.029     0.035    22.218   MOON_BRIGHT
    83.94777            B.180325_2244.S  146.1252569  -31.7290751 111.16231   48.6115    19.050     0.026    22.777   MOON_BRIGHT
    85.40000            B.180327_0936.A  146.1252349  -31.7290847 113.52149   29.2513    19.027     0.039    22.016   MOON_BRIGHT
    85.45031            B.180327_1048.A  146.1252531  -31.7290779 111.57875   23.3745    19.046     0.048    21.772   MOON_BRIGHT
    85.50509            B.180327_1207.A  146.1252628  -31.7290827 108.71898   24.9804    19.074     0.046    21.878   _
    85.76015            B.180327_1814.S  146.1252940  -31.7290990 110.93785   21.2344    19.052     0.053    21.698   MOON_BRIGHT
    85.83397            B.180327_2000.S  146.1252712  -31.7290964 107.70531   22.0957    19.084     0.051    21.814   MOON_BRIGHT
    85.92100            B.180327_2206.S  146.1252455  -31.7290884 110.07818   38.3531    19.060     0.031    22.450   MOON_BRIGHT
    87.00255            B.180329_0003.C  146.1252516  -31.7290677 119.88978   40.1512    18.967     0.030    22.393   _
    87.07177            B.180329_0143.C  146.1252461  -31.7290742 119.07789   42.1462    18.975     0.029    22.478   _
    87.07328            B.180329_0145.C  146.1252383  -31.7290787 123.88156   42.8108    18.931     0.029    22.441   _
    87.14017            B.180329_0321.C  146.1252559  -31.7290731 113.83753   40.8783    19.024     0.030    22.438   _
    87.20582            B.180329_0456.C  146.1252401  -31.7290766 115.80463   27.8710    19.005     0.041    21.978   _
    87.39495            B.180329_0928.A  146.1252672  -31.7291056 116.59607   22.6653    18.998     0.050    21.695   MOON_BRIGHT
    87.44534            B.180329_1041.A  146.1252577  -31.7291000 117.14510   13.0034    18.992     0.085    21.079   MOON_BRIGHT
    87.45064            B.180329_1048.A  146.1252473  -31.7290882 115.01951   25.4561    19.012     0.045    21.830   MOON_BRIGHT
    87.50481            B.180329_1206.A  146.1252597  -31.7290805 118.65914   26.9681    18.978     0.042    21.925   MOON_BRIGHT
    87.57788            B.180329_1352.A  146.1252435  -31.7290904 120.42289   26.2907    18.962     0.043    21.832   MOON_BRIGHT
    89.00948            B.180331_0013.C  146.1252329  -31.7290845 116.03094   25.1860    19.003     0.045    21.839   MOON_BRIGHT
    89.07763            B.180331_0151.C  146.1252482  -31.7290716 118.80738   33.5344    18.977     0.035    22.141   _
    89.15902            B.180331_0348.C  146.1252491  -31.7290921 118.74823   29.2290    18.978     0.040    21.932   _
    89.40919            B.180331_0949.A  146.1252610  -31.7290737 108.14810   17.9097    19.080     0.062    21.526   MOON_BRIGHT
    89.46701            B.180331_1112.A  146.1252429  -31.7290812 118.40699   20.2856    18.981     0.055    21.547   MOON_BRIGHT
    89.51735            B.180331_1225.A  146.1252464  -31.7290909 112.52242   19.5472    19.036     0.057    21.534   MOON_BRIGHT
    89.59178            B.180331_1412.A  146.1252956  -31.7290979 103.59205   10.6063    19.127     0.104    20.909   MOON_BRIGHT
    89.85066            B.180331_2024.S  146.1252789  -31.7290843 109.55573   18.6011    19.066     0.060    21.524   MOON_BRIGHT
    90.99839            B.180401_2357.C  146.1252406  -31.7290784 110.80355   52.0660    19.053     0.025    22.867   MOON_BRIGHT
    91.07042            B.180402_0141.C  146.1252390  -31.7290776 114.67438   40.4567    19.016     0.030    22.498   MOON_BRIGHT
    91.13799            B.180402_0318.C  146.1252715  -31.7290894 117.13483   34.9030    18.993     0.034    22.213   _
    91.19169            B.180402_0436.C  146.1252625  -31.7290794 115.98429   31.3781    19.003     0.037    22.125   _
    91.39932            B.180402_0935.A  146.1252505  -31.7290917 114.73118   37.6858    19.015     0.032    22.368   MOON_BRIGHT
    91.74730            B.180402_1756.S  146.1252477  -31.7290680 111.53369   59.8149    19.046     0.022    23.284   _
    91.83559            B.180402_2003.S  146.1252491  -31.7290719 112.36502   33.9928    19.038     0.035    22.212   _
    91.90138            B.180402_2137.S  146.1252878  -31.7290699 111.07784   25.1928    19.050     0.045    21.862   MOON_BRIGHT
    93.00205            B.180404_0002.C  146.1252529  -31.7290622 112.63040   60.3997    19.035     0.022    23.240   MOON_BRIGHT
    93.07762            B.180404_0151.C  146.1252453  -31.7290641 114.68199   56.0920    19.016     0.023    22.991   MOON_BRIGHT
    93.16204            B.180404_0353.C  146.1252517  -31.7290767 115.39378   49.3610    19.009     0.026    22.810   MOON_BRIGHT
    93.39454            B.180404_0928.A  146.1252538  -31.7290651 121.26764   58.7498    18.955     0.023    23.100   MOON_BRIGHT
    93.44547            B.180404_1041.A  146.1252645  -31.7290811 112.15619   39.1959    19.040     0.031    22.587   MOON_BRIGHT
    93.47557            B.180404_1124.A  146.1252618  -31.7290729 110.83689   47.9757    19.053     0.026    22.788   MOON_BRIGHT
    93.53961            B.180404_1257.A  146.1252601  -31.7290767 111.81555   32.0513    19.043     0.036    22.200   MOON_BRIGHT
    93.59471            B.180404_1416.A  146.1252692  -31.7290729 113.79486   32.2988    19.024     0.036    22.130   MOON_BRIGHT
    93.82148            B.180404_1942.S  146.1252448  -31.7290753 108.80718   38.1395    19.073     0.031    22.860   _
    93.89676            B.180404_2131.S  146.1252336  -31.7290702 106.27937   39.0945    19.099     0.031    22.565   _
    94.99317            B.180405_2350.C  146.1252464  -31.7290616 111.24864   58.1531    19.049     0.023    23.122   MOON_BRIGHT
    95.06561            B.180406_0134.C  146.1252629  -31.7290685 122.26520   59.8129    18.946     0.022    23.129   MOON_BRIGHT
    95.39288            B.180406_0925.A  146.1252565  -31.7290760 121.09571   48.3221    18.956     0.026    22.805   MOON_BRIGHT
    95.46890            B.180406_1115.A  146.1252519  -31.7290615 113.64527   59.8483    19.026     0.022    23.234   MOON_BRIGHT
    95.53174            B.180406_1245.A  146.1252444  -31.7290595 114.98746   48.1472    19.013     0.026    22.712   MOON_BRIGHT
    95.75113            B.180406_1801.S  146.1252441  -31.7290683 107.88383   58.0258    19.082     0.023    23.228   _
    95.82013            B.180406_1940.S  146.1252479  -31.7290838 108.90438   37.3548    19.072     0.032    22.602   _
    95.89285            B.180406_2125.S  146.1252570  -31.7290648 109.39355   57.7147    19.067     0.023    23.231   _
    96.99395            B.180407_2351.C  146.1252463  -31.7290720 116.19561   65.5608    19.001     0.021    23.392   MOON_BRIGHT
    97.07133            B.180408_0142.C  146.1252521  -31.7290618 113.99030   67.1851    19.022     0.021    23.483   MOON_BRIGHT
    97.13718            B.180408_0317.C  146.1252485  -31.7290666 111.74539   62.0441    19.044     0.022    23.331   MOON_BRIGHT
    97.39036            B.180408_0922.A  146.1252564  -31.7290703 142.36961   33.1031    18.780     0.035    21.988   _
    97.47253            B.180408_1120.A  146.1252529  -31.7290546 114.36498   57.4291    19.019     0.023    23.124   MOON_BRIGHT
    97.53546            B.180408_1251.A  146.1252476  -31.7290762 115.09724   54.3790    19.012     0.024    23.024   MOON_BRIGHT
    97.74044            B.180408_1746.S  146.1252528  -31.7290494 121.10637   41.9921    18.956     0.029    22.830   _
    97.81139            B.180408_1928.S  146.1252601  -31.7290758 126.56450   37.5775    18.908     0.032    22.624   _
    97.87564            B.180408_2100.S  146.1252653  -31.7290728 118.49659   39.2172    18.980     0.031    22.674   _
    98.99713            B.180409_2355.C  146.1252544  -31.7290743 113.42377   50.8389    19.028     0.025    22.966   MOON_BRIGHT
    99.06840            B.180410_0138.C  146.1252546  -31.7290688 111.82320   56.4662    19.043     0.023    23.276   MOON_BRIGHT
    99.12983            B.180410_0306.C  146.1252610  -31.7290687 118.79245   49.0684    18.977     0.026    22.977   MOON_BRIGHT
    99.75414            B.180410_1805.S  146.1252622  -31.7290616 112.26534   57.5193    19.039     0.023    23.217   _
   100.99912            B.180411_2358.C  146.1252499  -31.7290828 113.26568   36.2800    19.029     0.033    22.462   MOON_BRIGHT
   101.07716            B.180412_0151.C  146.1252541  -31.7290655 119.99609   68.2811    18.966     0.021    23.583   MOON_BRIGHT
   101.38924            B.180412_0920.A  146.1252632  -31.7290827 116.89001   39.3250    18.995     0.031    22.541   _
   101.46186            B.180412_1105.A  146.1252494  -31.7290651 113.01116   59.3718    19.032     0.022    23.147   _
   101.52429            B.180412_1234.A  146.1252514  -31.7290704 116.66320   63.1300    18.997     0.022    23.362   _
   101.75488            B.180412_1807.S  146.1252514  -31.7290628 110.70657   64.7005    19.054     0.021    23.739   _
   103.01245            B.180414_0017.C  146.1252436  -31.7290681 115.61633   57.5063    19.007     0.023    23.169   _
   103.07609            B.180414_0149.C  146.1252531  -31.7290639 113.62384   67.7002    19.026     0.021    23.537   MOON_BRIGHT
   103.13891            B.180414_0320.C  146.1252548  -31.7290658 117.91998   60.9969    18.985     0.022    23.235   MOON_BRIGHT
   103.40735            B.180414_0946.A  146.1252560  -31.7290762 116.44789   51.6375    18.999     0.025    22.855   _
   103.47435            B.180414_1123.A  146.1252476  -31.7290703 112.77490   50.7495    19.034     0.025    22.918   _
   103.53900            B.180414_1256.A  146.1252630  -31.7290657 112.34378   46.0082    19.038     0.027    22.773   _
   103.75515            B.180414_1807.S  146.1252524  -31.7290717 109.64659   60.0175    19.065     0.022    23.417   _
   103.81913            B.180414_1939.S  146.1252686  -31.7290687 109.41234   58.6899    19.067     0.023    23.363   _
   103.88644            B.180414_2116.S  146.1252614  -31.7290675 110.07978   60.3235    19.060     0.022    23.425   _
   103.99045            B.180414_2346.C  146.1252485  -31.7290687 113.65466   50.5796    19.025     0.025    23.101   _
   104.06155            B.180415_0128.C  146.1252529  -31.7290658 111.27131   58.1809    19.049     0.023    23.169   _
   104.12992            B.180415_0307.C  146.1252735  -31.7290669 110.11358   49.5601    19.060     0.026    22.873   MOON_BRIGHT
   104.40687            B.180415_0945.A  146.1252455  -31.7290714 115.79894   47.8976    19.005     0.026    22.946   _
   104.47079            B.180415_1117.A  146.1252571  -31.7290672 116.63606   63.3704    18.997     0.022    23.330   _
   104.53652            B.180415_1252.A  146.1252549  -31.7290610 117.81010   64.0940    18.986     0.021    23.434   _
   104.75317            B.180415_1804.S  -99.9999999  -99.9999999 -99.99999    -99.99   -99.999   -99.999   -99.999   PSF_ERROR_BAD_IMAGE
   104.83769            B.180415_2006.S  146.1252671  -31.7290703 110.49287   60.0497    19.056     0.022    23.341   _
   104.90014            B.180415_2136.S  146.1252604  -31.7290722 107.44762   52.6890    19.087     0.024    23.114   _
   105.01308            B.180416_0018.C  146.1252528  -31.7290669 113.05391   48.5252    19.031     0.026    22.736   _
   105.09372            B.180416_0214.C  146.1252545  -31.7290745 113.83509   61.6174    19.024     0.022    23.246   _
   106.00374            B.180417_0005.C  146.1252497  -31.7290736 112.61021   44.1757    19.036     0.028    22.696   _
   106.06786            B.180417_0137.C  146.1252482  -31.7290652 115.04179   61.6493    19.012     0.022    23.279   _
   106.13132            B.180417_0309.C  146.1252588  -31.7290640 124.79682   46.3839    18.923     0.027    22.598   _
   106.13469            B.180417_0313.C  146.1252676  -31.7290762 112.47360   50.7149    19.037     0.025    22.827   _
   106.40080            B.180417_0937.A  146.1252546  -31.7290821 115.45090   35.4416    19.008     0.033    22.376   _
   106.40228            B.180417_0939.A  146.1252550  -31.7290759 111.14572   43.7321    19.050     0.028    22.645   _
   106.46698            B.180417_1112.A  146.1252525  -31.7290676 115.61907   59.0141    19.007     0.023    23.116   _
   106.53109            B.180417_1244.A  146.1252553  -31.7290687 116.12052   54.3279    19.002     0.024    22.929   _
   106.83228            B.180417_1958.S  146.1252600  -31.7290634 109.78897   55.5684    19.063     0.024    23.382   _
   106.89917            B.180417_2134.S  146.1252656  -31.7290574 111.53422   60.5888    19.046     0.022    23.459   _
   107.01532            B.180418_0022.C  146.1252574  -31.7290604 113.24113   39.6724    19.029     0.030    22.438   _
   107.08144            B.180418_0157.C  146.1252784  -31.7290904 110.60841   41.8890    19.055     0.029    22.601   _
   107.41164            B.180418_0952.A  146.1252539  -31.7290989 114.93431   34.8980    19.013     0.034    22.433   _
   108.00417            B.180419_0006.C  146.1252508  -31.7290704 112.51930   59.8760    19.036     0.022    23.293   _
   108.00569            B.180419_0008.C  146.1252549  -31.7290679 112.81575   62.1966    19.034     0.022    23.290   _
   108.07399            B.180419_0146.C  146.1252456  -31.7290662 115.19095   61.8509    19.011     0.022    23.248   _
   108.13487            B.180419_0314.C  146.1252499  -31.7290599 117.64138   60.4192    18.988     0.022    23.200   _
   108.74966            B.180419_1759.S  146.1252659  -31.7290700 110.59708   50.3409    19.055     0.025    22.963   MOON_BRIGHT
   108.81419            B.180419_1932.S  146.1252592  -31.7290553 106.72943   57.1353    19.094     0.023    23.238   MOON_BRIGHT
   108.88748            B.180419_2117.S  146.1252618  -31.7290752 107.54487   56.9288    19.086     0.023    23.201   MOON_BRIGHT
   109.00769            B.180420_0011.C  146.1252511  -31.7290703 110.06184   58.3518    19.060     0.023    23.137   _
   109.07471            B.180420_0147.C  146.1252565  -31.7290680 115.52644   62.7375    19.008     0.022    23.340   _
   109.13792            B.180420_0318.C  146.1252589  -31.7290575 124.91321   58.5489    18.922     0.023    23.085   _
   109.40094            B.180420_0937.A  146.1252529  -31.7290703 114.96378   45.5545    19.013     0.027    22.808   _
   109.40242            B.180420_0939.A  146.1252530  -31.7290547 113.60408   58.6086    19.026     0.023    23.107   _
   109.47245            B.180420_1120.A  146.1252525  -31.7290540 117.56297   65.4225    18.989     0.021    23.434   _
   109.53392            B.180420_1248.A  146.1252597  -31.7290616 117.90661   54.9319    18.985     0.024    23.043   _
   109.53662            B.180420_1252.A  146.1252569  -31.7290564 113.21920   58.7623    19.030     0.023    23.188   _
   109.74477            B.180420_1752.S  -99.9999999  -99.9999999 -99.99999    -99.99   -99.999   -99.999   -99.999   PSF_ERROR_BAD_IMAGE
   109.74792            B.180420_1756.S  146.1252501  -31.7290610 110.01252   63.9211    19.061     0.021    23.514   MOON_BRIGHT
   109.82707            B.180420_1950.S  146.1252598  -31.7290819 109.93624   57.1435    19.062     0.023    23.176   MOON_BRIGHT
   109.88543            B.180420_2115.S  146.1252595  -31.7290618 110.63029   65.6675    19.055     0.021    23.720   MOON_BRIGHT
   110.00182            B.180421_0002.C  146.1252539  -31.7290668 115.02592   63.8745    19.012     0.021    23.352   _
   110.06935            B.180421_0139.C  146.1252512  -31.7290636 115.56820   66.3574    19.007     0.021    23.466   _
   110.13991            B.180421_0321.C  146.1252434  -31.7290661 118.55392   60.3532    18.979     0.022    23.254   _
   110.40439            B.180421_0942.A  146.1252453  -31.7290707 109.90778   44.9620    19.062     0.028    22.690   _
   110.40799            B.180421_0947.A  146.1252609  -31.7290829 112.17544   43.3329    19.040     0.028    22.626   _
   110.40953            B.180421_0949.A  146.1252395  -31.7290688 113.46051   43.6109    19.027     0.028    22.588   _
   110.47869            B.180421_1129.A  146.1252583  -31.7290678 112.69940   49.7116    19.035     0.025    22.830   _
   110.75286            B.180421_1804.S  146.1252502  -31.7290690 109.24704   58.0683    19.069     0.023    23.211   MOON_BRIGHT
   110.82611            B.180421_1949.S  146.1252526  -31.7290674 109.75538   64.3079    19.064     0.021    23.599   MOON_BRIGHT
   110.88331            B.180421_2111.S  146.1252457  -31.7290710 109.56444   66.0021    19.065     0.021    23.812   MOON_BRIGHT
   111.01292            B.180422_0018.C  146.1252524  -31.7290693 116.03573   61.1651    19.003     0.022    23.266   _
   111.07581            B.180422_0149.C  146.1252557  -31.7290632 111.83212   59.2241    19.043     0.023    23.215   _
   111.13556            B.180422_0315.C  146.1252610  -31.7290672 112.56281   57.6433    19.036     0.023    23.090   _
   111.39493            B.180422_0928.A  146.1252575  -31.7290702 116.76852   54.3711    18.996     0.024    22.909   _
   111.45928            B.180422_1101.A  146.1252726  -31.7290864 108.06508   26.8349    19.080     0.043    22.007   _
   111.74880            B.180422_1758.S  146.1252608  -31.7290738 110.40650   51.6582    19.057     0.025    22.972   MOON_BRIGHT
   111.82110            B.180422_1942.S  146.1252589  -31.7290721 113.33974   58.7777    19.028     0.023    23.224   MOON_BRIGHT
   112.01970            B.180423_0028.C  146.1252495  -31.7290767 115.11841   48.9858    19.011     0.026    22.760   _
   112.13699            B.180423_0317.C  146.1252727  -31.7290824 125.67249   34.0949    18.916     0.035    22.169   _
   112.40296            B.180423_0940.A  146.1252577  -31.7290792 111.01735   43.6152    19.051     0.028    22.643   MOON_BRIGHT
   112.47227            B.180423_1120.A  146.1252660  -31.7290741 119.02882   43.8117    18.975     0.028    22.578   _
   112.77365            B.180423_1834.S  146.1252607  -31.7290850 106.97056   34.2586    19.092     0.034    22.283   MOON_BRIGHT
   112.84600            B.180423_2018.S  146.1252881  -31.7290722 106.18883   34.2063    19.100     0.034    22.339   MOON_BRIGHT
   113.03176            B.180424_0045.C  146.1252529  -31.7290736 111.43856   40.7977    19.047     0.030    22.456   _
   113.03648            B.180424_0052.C  146.1252567  -31.7290779 110.08787   38.9951    19.060     0.031    22.459   _
   113.09998            B.180424_0223.C  146.1252535  -31.7290877 116.86764   42.7725    18.995     0.029    22.557   _
   113.39338            B.180424_0926.A  146.1252513  -31.7290770 113.94862   31.3632    19.023     0.037    22.176   MOON_BRIGHT
   113.39487            B.180424_0928.A  146.1252541  -31.7290673 116.49885   39.0913    18.998     0.031    22.368   MOON_BRIGHT
   113.46293            B.180424_1106.A  146.1252513  -31.7290837 111.39107   30.5483    19.047     0.038    22.130   _
   113.46589            B.180424_1110.A  146.1252605  -31.7290823 112.84078   30.4246    19.033     0.038    22.055   _
   113.82904            B.180424_1953.S  146.1252534  -31.7290762 110.47022   42.5434    19.056     0.029    22.605   MOON_BRIGHT
   113.99420            B.180424_2351.C  146.1252537  -31.7290756 111.94940   40.6479    19.042     0.030    22.484   _
   113.99613            B.180424_2354.C  146.1252611  -31.7290620 114.03551   40.1578    19.022     0.030    22.403   _
   114.05713            B.180425_0122.C  146.1252554  -31.7290782 119.65305   39.5746    18.969     0.030    22.328   _
   115.38963            B.180426_0921.A  146.1252628  -31.7290831 114.15705   34.2670    19.021     0.034    22.195   MOON_BRIGHT
   115.45749            B.180426_1058.A  146.1252607  -31.7290788 111.16535   28.5897    19.050     0.040    21.977   MOON_BRIGHT
   115.46091            B.180426_1103.A  146.1252655  -31.7290819 110.51809   26.9019    19.056     0.043    21.976   MOON_BRIGHT
   116.01909            B.180427_0027.C  146.1252558  -31.7290917 122.17826   31.5974    18.947     0.037    22.014   _
   116.08194            B.180427_0157.C  146.1252602  -31.7290855 117.01001   26.4569    18.994     0.043    21.873   _
   116.38622            B.180427_0916.A  146.1252514  -31.7291147 114.52855   12.5967    19.017     0.088    21.061   MOON_BRIGHT
   116.45240            B.180427_1051.A  146.1252798  -31.7290806 114.20942   21.6632    19.020     0.052    21.647   MOON_BRIGHT
   116.73786            B.180427_1742.S  146.1252419  -31.7290707 112.59414   34.3463    19.036     0.034    22.238   _
   116.80079            B.180427_1913.S  146.1252458  -31.7290840 109.73059   28.9082    19.064     0.040    22.042   MOON_BRIGHT
   116.86692            B.180427_2048.S  146.1252808  -31.7290790 108.51128   21.1535    19.076     0.053    21.705   MOON_BRIGHT
   116.99997            B.180427_2359.C  146.1252543  -31.7290794 114.76560   28.6322    19.015     0.040    21.947   _
   117.06295            B.180428_0130.C  146.1252551  -31.7290781 112.11206   26.9328    19.040     0.043    21.911   _
   117.38424            B.180428_0913.A  -99.9999999  -99.9999999 -99.99999    -99.99   -99.999   -99.999   -99.999   PSF_ERROR_BAD_IMAGE
   117.38572            B.180428_0915.A  146.1252596  -31.7290861 108.49539   27.0504    19.076     0.042    21.956   MOON_BRIGHT
   117.45416            B.180428_1053.A  146.1252561  -31.7291003 110.93076   17.9199    19.052     0.062    21.513   MOON_BRIGHT
   117.73303            B.180428_1735.S  146.1253059  -31.7291341 106.12305   15.8871    19.100     0.070    21.327   _
   117.79948            B.180428_1911.S  146.1253001  -31.7290856 106.29402   13.8305    19.098     0.080    21.204   MOON_BRIGHT
   117.86747            B.180428_2049.S  146.1252843  -31.7291030 106.96184   14.1235    19.092     0.078    21.248   MOON_BRIGHT
   117.99052            B.180428_2346.C  146.1252879  -31.7291167 122.26741   12.1313    18.946     0.091    20.915   MOON_BRIGHT
   118.05292            B.180429_0116.C  146.1252822  -31.7291119 119.98242   7.09747    18.966     0.154    20.351   _
   118.11567            B.180429_0246.C  146.1252475  -31.7291931 -99.99999    -99.99   -99.999   -99.999    20.253   _
   118.39436            B.180429_0927.A  146.1252579  -31.7290753 112.94697   26.6331    19.032     0.043    21.960   MOON_BRIGHT
   118.46461            B.180429_1109.A  146.1252679  -31.7290767 119.27197   28.1494    18.973     0.041    21.966   MOON_BRIGHT
   118.73473            B.180429_1738.S  146.1252565  -31.7290729 115.03250   25.2528    19.012     0.045    21.852   _
   118.79865            B.180429_1910.S  146.1253315  -31.7291370 109.48869   12.6406    19.066     0.087    21.081   MOON_BRIGHT
   118.86642            B.180429_2047.S  146.1252855  -31.7290728 112.12236   17.3091    19.040     0.064    21.435   MOON_BRIGHT
   118.99476            B.180429_2352.C  146.1252444  -31.7290859 116.91662   30.3964    18.995     0.038    22.008   MOON_BRIGHT
   119.05603            B.180430_0120.C  146.1252491  -31.7290866 117.43385   28.1327    18.990     0.041    21.966   MOON_BRIGHT
   119.11530            B.180430_0245.C  146.1253392  -31.7291022 113.70096   17.6149    19.025     0.063    21.410   _
   119.38449            B.180430_0913.A  146.1252801  -31.7291048 115.19310   23.3552    19.011     0.048    21.787   MOON_BRIGHT
   119.38718            B.180430_0917.A  146.1252708  -31.7291055 112.86944   20.1893    19.033     0.056    21.575   MOON_BRIGHT
   119.44903            B.180430_1046.A  146.1252827  -31.7291046 117.19814   18.8197    18.992     0.059    21.458   MOON_BRIGHT
   119.72882            B.180430_1729.S  146.1252589  -31.7290761 108.37381   42.3242    19.077     0.029    22.642   _
   119.79072            B.180430_1858.S  146.1252592  -31.7290757 114.41092   40.0080    19.018     0.030    22.457   _
   119.99671            B.180430_2355.C  146.1252913  -31.7291306 138.90967   7.01715    18.807     0.156    20.215   MOON_BRIGHT
   121.38632            B.180502_0916.A  146.1252512  -31.7290707 113.65069   57.7910    19.025     0.023    23.155   MOON_BRIGHT
   121.44708            B.180502_1043.A  146.1252455  -31.7290652 122.50936   44.7105    18.944     0.028    22.509   MOON_BRIGHT
   121.50645            B.180502_1209.A  146.1252751  -31.7290709 123.08963   17.5197    18.938     0.064    21.334   MOON_BRIGHT
   121.82701            B.180502_1950.S  146.1252895  -31.7290939 111.98994   25.8510    19.042     0.044    21.887   _
   121.98478            B.180502_2338.C  146.1252503  -31.7290686 112.56467   62.1042    19.036     0.022    23.323   MOON_BRIGHT
   122.05245            B.180503_0115.C  146.1252521  -31.7290868 117.04644   44.1872    18.993     0.028    22.517   MOON_BRIGHT
   122.73104            B.180503_1732.S  146.1252795  -31.7290705 107.67306   51.0016    19.084     0.025    22.929   _
   122.79589            B.180503_1906.S  146.1252464  -31.7290705 110.13091   53.0129    19.060     0.024    22.997   _
   122.85789            B.180503_2035.S  146.1252453  -31.7290716 111.41390   43.8839    19.047     0.028    22.619   _
   122.98571            B.180503_2339.C  146.1252453  -31.7290642 115.85151   63.9394    19.005     0.021    23.295   MOON_BRIGHT
   123.06003            B.180504_0126.C  146.1252530  -31.7290674 112.17727   52.9790    19.040     0.024    22.964   MOON_BRIGHT
   123.39405            B.180504_0927.A  146.1252622  -31.7290909 113.28033   37.7469    19.029     0.032    22.349   MOON_BRIGHT
   123.45675            B.180504_1057.A  146.1252551  -31.7291059 113.26778   31.1272    19.029     0.037    22.110   MOON_BRIGHT
   123.73045            B.180504_1731.S  146.1252514  -31.7290620 109.18416   66.2629    19.069     0.021    23.684   _
   123.79615            B.180504_1906.S  146.1252509  -31.7290605 112.45776   64.9839    19.037     0.021    23.537   _
   123.99756            B.180504_2356.C  146.1252571  -31.7290640 116.59608   64.4258    18.998     0.021    23.365   MOON_BRIGHT
   124.07028            B.180505_0141.C  146.1252558  -31.7290682 117.40498   61.1252    18.990     0.022    23.250   MOON_BRIGHT
   124.38917            B.180505_0920.A  146.1253088  -31.7290753 104.15206   27.3283    19.121     0.042    22.030   MOON_BRIGHT
   124.45690            B.180505_1057.A  146.1252602  -31.7290747 113.35099   40.2267    19.028     0.030    22.438   MOON_BRIGHT
   124.72935            B.180505_1730.S  146.1252528  -31.7290652 109.27363   61.6413    19.068     0.022    23.426   _
   124.79196            B.180505_1900.S  146.1252612  -31.7290666 109.69040   59.6667    19.064     0.022    23.372   _
   124.85168            B.180505_2026.S  146.1252638  -31.7290717 109.52016   51.8189    19.066     0.025    22.977   _
   125.08616            B.180506_0204.C  146.1252448  -31.7290639 112.77639   55.7225    19.034     0.023    23.051   MOON_BRIGHT
   125.38745            B.180506_0917.A  146.1252608  -31.7290497 116.88230   60.1397    18.995     0.022    23.237   _
   125.45672            B.180506_1057.A  146.1252566  -31.7290652 118.60069   61.0258    18.979     0.022    23.188   MOON_BRIGHT
   125.72519            B.180506_1724.S  146.1252652  -31.7290637 106.48978   44.6337    19.096     0.028    22.921   _
   125.79237            B.180506_1901.S  146.1252635  -31.7290623 113.13569   61.7799    19.030     0.022    23.371   _
   126.02792            B.180507_0040.C  146.1252658  -31.7290991 110.46719   26.3104    19.056     0.043    22.047   MOON_BRIGHT
   126.39321            B.180507_0926.A  146.1252522  -31.7290601 115.85307   61.0923    19.005     0.022    23.227   _
   126.45985            B.180507_1102.A  146.1252596  -31.7290782 114.82284   46.7852    19.014     0.027    22.794   MOON_BRIGHT
   127.05332            B.180508_0116.C  146.1252635  -31.7290802 111.91694   36.0267    19.042     0.033    22.412   MOON_BRIGHT
   127.38428            B.180508_0913.A  146.1253436  -31.7291488 95.576838   7.96283    19.214     0.138    20.731   _
   127.44755            B.180508_1044.A  -99.9999999  -99.9999999 -99.99999    -99.99   -99.999   -99.999   -99.999   PSF_ERROR_BAD_IMAGE
   127.99463            B.180508_2352.C  146.1252468  -31.7290682 115.37374   56.6462    19.009     0.023    23.042   MOON_BRIGHT
   128.05910            B.180509_0125.C  146.1252822  -31.7290594 111.84323   31.1261    19.043     0.037    22.099   MOON_BRIGHT
   128.45057            B.180509_1048.A  -99.9999999  -99.9999999 -99.99999    -99.99   -99.999   -99.999   -99.999   PSF_ERROR_BAD_IMAGE
   128.74036            B.180509_1746.S  146.1252445  -31.7290676 109.91742   62.5050    19.062     0.022    23.435   _
   128.80968            B.180509_1925.S  146.1252520  -31.7290691 112.56026   56.7672    19.036     0.023    23.402   _
   129.73478            B.180510_1738.S  146.1253016  -31.7291626 87.670292   5.20085    19.309     0.210    20.382   _
   129.80772            B.180510_1923.S  146.1252802  -31.7290989 105.45215   20.4756    19.107     0.055    21.812   _
   129.99784            B.180510_2356.C  146.1252503  -31.7290686 115.89031   64.1890    19.004     0.021    23.308   MOON_BRIGHT
   130.06936            B.180511_0139.C  146.1252470  -31.7290575 122.70416   64.4674    18.942     0.021    23.371   MOON_BRIGHT
   130.73172            B.180511_1733.S  146.1252538  -31.7290698 110.61947   54.2181    19.055     0.024    23.080   _
   130.79853            B.180511_1909.S  146.1252731  -31.7290728 114.21004   51.1642    19.020     0.025    22.901   _
   130.80619            B.180511_1920.S  146.1252718  -31.7290765 111.98021   53.4731    19.042     0.024    23.044   _
   130.99545            B.180511_2353.C  146.1252583  -31.7290659 118.03749   64.9962    18.984     0.021    23.369   MOON_BRIGHT
   131.06348            B.180512_0131.C  146.1252565  -31.7290613 117.54591   65.8901    18.989     0.021    23.495   MOON_BRIGHT
   131.45872            B.180512_1100.A  146.1252625  -31.7290980 109.98758   28.6835    19.061     0.040    22.052   _
   131.73274            B.180512_1735.S  146.1252628  -31.7290724 112.74080   58.4783    19.034     0.023    23.187   _
   131.80021            B.180512_1912.S  146.1252546  -31.7290554 111.85617   59.3165    19.043     0.023    23.373   _
   131.98980            B.180512_2345.C  146.1252472  -31.7290726 112.45389   50.9994    19.037     0.025    22.868   _
   132.05600            B.180513_0120.C  146.1252591  -31.7290576 113.24616   58.1142    19.029     0.023    23.133   MOON_BRIGHT
   132.39146            B.180513_0923.A  146.1252583  -31.7290593 114.03491   59.1076    19.022     0.023    23.172   _
   132.46073            B.180513_1103.A  146.1252603  -31.7290561 114.71487   60.1793    19.015     0.022    23.282   _
   132.74029            B.180513_1746.S  146.1252508  -31.7290632 109.70859   59.0840    19.064     0.023    23.368   _
   132.80562            B.180513_1920.S  146.1252573  -31.7290587 111.71194   60.3315    19.044     0.022    23.410   _
   133.38119            B.180514_0908.A  146.1252634  -31.7290927 115.07048   45.1005    19.012     0.027    22.611   _
   133.44858            B.180514_1045.A  146.1252596  -31.7290803 110.41485   48.3107    19.057     0.026    22.797   _
   133.73200            B.180514_1734.S  146.1252539  -31.7290685 113.10928   63.5083    19.031     0.022    23.578   _
   133.81078            B.180514_1927.S  146.1252612  -31.7290583 113.37709   61.0461    19.028     0.022    23.504   _
   133.98426            B.180514_2337.C  146.1252611  -31.7290821 116.14482   31.2764    19.002     0.037    22.183   _
   134.05603            B.180515_0120.C  146.1252613  -31.7290634 122.23574   60.8173    18.946     0.022    23.165   _
   134.44975            B.180515_1047.A  146.1252713  -31.7290697 117.21939   55.4567    18.992     0.024    22.990   _
   134.73493            B.180515_1738.S  146.1252488  -31.7290601 113.19145   64.5771    19.030     0.021    23.673   _
   134.97991            B.180515_2331.C  146.1252500  -31.7290677 116.33179   60.0916    19.000     0.022    23.254   _
   135.04736            B.180516_0108.C  146.1252507  -31.7290593 116.28415   58.9374    19.000     0.023    23.338   _
   135.37082            B.180516_0853.A  146.1252629  -31.7290974 110.48765   38.4992    19.056     0.031    22.420   _
   135.43640            B.180516_1028.A  146.1252618  -31.7290630 116.43370   50.7067    18.999     0.025    22.819   _
   135.73628            B.180516_1740.S  146.1252443  -31.7290696 111.57715   64.6024    19.046     0.021    23.684   MOON_BRIGHT
   135.80378            B.180516_1917.S  146.1252445  -31.7290607 112.51071   62.6628    19.036     0.022    23.551   MOON_BRIGHT
   135.99390            B.180516_2351.C  146.1252530  -31.7290704 113.35697   62.1004    19.028     0.022    23.273   _
   136.05469            B.180517_0118.C  146.1252537  -31.7290619 115.47053   61.1595    19.008     0.022    23.257   _
   136.38023            B.180517_0907.A  146.1252534  -31.7290638 112.42431   58.6941    19.037     0.023    23.138   _
   136.44456            B.180517_1040.A  146.1252707  -31.7290696 109.77166   44.0980    19.063     0.028    22.694   _
   136.73572            B.180517_1739.S  146.1252568  -31.7290651 113.66187   64.8055    19.025     0.021    23.644   MOON_BRIGHT
   136.79796            B.180517_1909.S  146.1252468  -31.7290659 111.49831   61.6670    19.046     0.022    23.565   MOON_BRIGHT
   137.38280            B.180518_0911.A  146.1252660  -31.7290712 110.01171   41.8605    19.061     0.029    22.511   _
   137.45097            B.180518_1049.A  146.1252658  -31.7290822 110.39768   46.8296    19.057     0.027    22.790   _
   137.73550            B.180518_1739.S  146.1252690  -31.7292202 -99.99999    -99.99   -99.999   -99.999    19.202   MOON_BRIGHT
   138.44860            B.180519_1045.A  146.1252639  -31.7290863 112.54992   39.2676    19.036     0.031    22.475   _
   139.37550            B.180520_0900.A  146.1252382  -31.7290837 107.14444   22.1178    19.090     0.051    21.730   _
   139.44204            B.180520_1036.A  146.1252466  -31.7290948 105.98698   17.9013    19.102     0.062    21.554   _
   140.38079            B.180521_0908.A  146.1252516  -31.7290825 113.48453   39.5500    19.027     0.030    22.479   _
   140.45056            B.180521_1048.A  146.1252588  -31.7290937 117.59056   34.8225    18.988     0.034    22.246   _
   141.40235            B.180522_0939.A  146.1252727  -31.7290870 112.09647   28.1520    19.041     0.041    21.945   MOON_BRIGHT
   141.97961            B.180522_2330.C  146.1252557  -31.7290675 117.25414   54.4584    18.991     0.024    22.919   _
   142.04801            B.180523_0109.C  146.1252451  -31.7290645 119.28011   54.2396    18.973     0.024    22.908   _
   142.38063            B.180523_0908.A  146.1253067  -31.7290999 104.44412   18.9296    19.118     0.059    21.601   MOON_BRIGHT
   142.44663            B.180523_1043.A  146.1252540  -31.7291088 110.38433   21.8089    19.057     0.052    21.690   MOON_BRIGHT
   142.72278            B.180523_1720.S  146.1252526  -31.7290765 111.96423   36.8113    19.042     0.032    22.417   MOON_BRIGHT
   142.78727            B.180523_1853.S  146.1252696  -31.7291092 118.67053   17.3516    18.978     0.064    21.388   MOON_BRIGHT
   142.79288            B.180523_1901.S  146.1252882  -31.7291112 121.43238   15.8529    18.953     0.070    21.229   MOON_BRIGHT
   142.97473            B.180523_2323.C  146.1252548  -31.7290730 112.38855   45.6363    19.038     0.027    22.620   _
   143.04066            B.180524_0058.C  146.1252337  -31.7290778 112.78337   42.0468    19.034     0.029    22.572   _
   143.97226            B.180524_2320.C  146.1252457  -31.7290746 112.89902   37.8517    19.033     0.032    22.361   _
   144.03337            B.180525_0048.C  146.1252503  -31.7290652 115.01530   39.6335    19.012     0.030    22.409   _
   144.37701            B.180525_0902.A  146.1252484  -31.7290628 116.36995   43.5323    19.000     0.028    22.549   MOON_BRIGHT
   144.97126            B.180525_2318.C  146.1252473  -31.7290819 115.33213   37.6951    19.009     0.032    22.314   _
   145.03213            B.180526_0046.C  146.1252618  -31.7290711 114.16219   31.5846    19.021     0.037    22.108   _
   145.71566            B.180526_1710.S  146.1252668  -31.7290796 114.41548   31.0205    19.018     0.037    22.121   MOON_BRIGHT
   145.77922            B.180526_1842.S  146.1252507  -31.7290806 117.25875   33.6840    18.991     0.035    22.153   MOON_BRIGHT
   146.03855            B.180527_0055.C  146.1252610  -31.7290884 110.41748   27.1741    19.057     0.042    21.951   _
   146.73234            B.180527_1734.S  146.1252629  -31.7290764 106.93661   36.0991    19.092     0.033    22.389   MOON_BRIGHT
   146.79447            B.180527_1904.S  146.1252881  -31.7291147 106.73372   17.0140    19.094     0.065    21.472   MOON_BRIGHT
   146.80227            B.180527_1915.S  146.1252828  -31.7290774 120.52801   25.7419    18.961     0.044    21.791   MOON_BRIGHT
   146.98144            B.180527_2333.C  146.1252595  -31.7290781 114.69865   36.0016    19.015     0.033    22.286   MOON_BRIGHT
   147.37497            B.180528_0859.A  146.1252478  -31.7290881 118.15777   28.3766    18.983     0.041    21.951   MOON_BRIGHT
   148.37774            B.180529_0903.A  146.1252488  -31.7290761 115.52237   34.2610    19.008     0.034    22.241   MOON_BRIGHT
   148.38912            B.180529_0920.A  146.1252604  -31.7290788 109.74676   31.2281    19.064     0.037    22.162   MOON_BRIGHT
   148.74192            B.180529_1748.S  146.1252733  -31.7291072 111.03273   21.6947    19.051     0.052    21.709   _
   149.73015            B.180530_1731.S  146.1253172  -31.7291265 117.39513   8.73034    18.990     0.126    20.612   _
   150.37245            B.180531_0856.A  146.1252765  -31.7290819 109.42386   22.6823    19.067     0.050    21.731   MOON_BRIGHT
   150.71899            B.180531_1715.S  146.1252613  -31.7290648 112.05308   52.2450    19.041     0.025    22.978   _
   150.97281            B.180531_2320.C  146.1252679  -31.7290831 115.66379   54.7764    19.006     0.024    22.997   MOON_BRIGHT
   151.03485            B.180601_0050.C  146.1252683  -31.7290890 111.96262   30.4550    19.042     0.038    22.093   MOON_BRIGHT
   151.38463            B.180601_0913.A  146.1252655  -31.7290871 117.14481   44.1879    18.992     0.028    22.602   MOON_BRIGHT
   151.97395            B.180601_2322.C  146.1252524  -31.7290675 112.81574   62.3404    19.034     0.022    23.339   MOON_BRIGHT
   152.71716            B.180602_1712.S  146.1252633  -31.7290730 111.96851   55.3934    19.042     0.024    23.115   _
   152.77412            B.180602_1834.S  146.1252779  -31.7291786 -99.99999    -99.99   -99.999   -99.999    18.568   _
   152.96925            B.180602_2315.C  146.1252588  -31.7290663 114.32361   67.4025    19.019     0.021    23.505   MOON_BRIGHT
   153.38088            B.180603_0908.A  146.1252692  -31.7290724 111.39443   44.2257    19.047     0.028    22.659   MOON_BRIGHT
   153.97784            B.180603_2328.C  146.1252549  -31.7290652 114.36639   64.7385    19.019     0.021    23.393   MOON_BRIGHT
   154.37021            B.180604_0853.A  146.1252516  -31.7290601 112.24767   51.8939    19.039     0.025    22.945   _
   154.71682            B.180604_1712.S  146.1252596  -31.7290672 113.80410   59.3117    19.024     0.023    23.283   _
   154.77358            B.180604_1833.S  146.1252786  -31.7290829 107.20754   41.3114    19.089     0.029    22.608   _
   154.96692            B.180604_2312.C  146.1252614  -31.7290608 110.26124   53.9533    19.059     0.024    23.024   MOON_BRIGHT
   155.37631            B.180605_0901.A  146.1252579  -31.7290692 112.00724   41.1732    19.041     0.030    22.483   _
   155.72341            B.180605_1721.S  146.1252513  -31.7290705 113.45265   65.1331    19.027     0.021    23.680   _
   156.37360            B.180606_0857.A  146.1252730  -31.7290797 111.16049   39.4588    19.050     0.031    22.466   _
   156.72067            B.180606_1717.S  146.1252620  -31.7290727 108.32779   58.2977    19.078     0.023    23.328   _
   156.97125            B.180606_2318.C  146.1252559  -31.7290762 113.75287   60.5326    19.024     0.022    23.203   MOON_BRIGHT
   157.02520            B.180607_0036.C  146.1252540  -31.7290643 113.52370   57.4930    19.027     0.023    23.117   MOON_BRIGHT
   157.71471            B.180607_1709.S  146.1252582  -31.7290686 113.70905   61.7745    19.025     0.022    23.605   _
   157.96171            B.180607_2304.C  146.1252570  -31.7290704 110.06660   57.6834    19.060     0.023    23.153   MOON_BRIGHT
   158.01508            B.180608_0021.C  146.1252442  -31.7290706 114.28487   56.9109    19.019     0.023    23.120   MOON_BRIGHT
   158.71244            B.180608_1705.S  146.1252614  -31.7290715 113.89472   44.0585    19.023     0.028    22.923   _
   158.95791            B.180608_2259.C  146.1252449  -31.7290669 114.47085   58.1407    19.018     0.023    23.217   MOON_BRIGHT
   159.00999            B.180609_0014.C  146.1252515  -31.7290786 116.63744   52.1000    18.997     0.025    23.010   MOON_BRIGHT
   160.36873            B.180610_0850.A  146.1252691  -31.7290740 111.11103   40.9607    19.050     0.030    22.566   _
   160.71491            B.180610_1709.S  146.1252641  -31.7290943 110.59415   49.5379    19.055     0.026    22.893   _
   161.37021            B.180611_0853.A  146.1252712  -31.7290804 111.10403   41.3219    19.050     0.029    22.539   _
   161.70780            B.180611_1659.S  146.1252548  -31.7290710 111.82833   63.2917    19.043     0.022    23.569   _
   162.36669            B.180612_0848.A  146.1252562  -31.7290682 117.36131   51.5201    18.990     0.025    22.833   _
   162.70858            B.180612_1700.S  146.1252471  -31.7290644 112.63140   55.9333    19.035     0.023    23.288   _
   162.96356            B.180612_2307.C  146.1252489  -31.7290597 110.95858   52.0624    19.052     0.025    22.872   _
   162.96666            B.180612_2311.C  146.1252506  -31.7290696 115.86179   52.6453    19.004     0.024    22.847   _
   163.37447            B.180613_0859.A  146.1252621  -31.7290715 115.21019   36.7117    19.011     0.032    22.379   _
   163.70927            B.180613_1701.S  146.1252700  -31.7290690 111.89589   54.8242    19.042     0.024    23.103   MOON_BRIGHT
   163.96358            B.180613_2307.C  146.1252597  -31.7290705 112.93437   60.6345    19.032     0.022    23.240   _
   164.36756            B.180614_0849.A  146.1252599  -31.7290955 110.72805   37.6920    19.054     0.032    22.445   _
   164.96481            B.180614_2309.C  146.1252540  -31.7290561 120.30106   67.0693    18.963     0.021    23.505   _
   166.70630            B.180616_1657.S  146.1253229  -31.7291575 85.368460   5.60719    19.338     0.195    20.474   MOON_BRIGHT
   166.97346            B.180616_2321.C  146.1252474  -31.7290671 115.70039   60.7558    19.006     0.022    23.266   _
   167.97148            B.180617_2318.C  -99.9999999  -99.9999999 -99.99999    -99.99   -99.999   -99.999   -99.999   PSF_ERROR_BAD_IMAGE
   168.96972            B.180618_2316.C  146.1252493  -31.7290742 111.15823   46.0527    19.050     0.027    22.706   _
   169.37110            B.180619_0854.A  146.1252712  -31.7290789 113.42671   30.4833    19.028     0.038    22.085   _
   169.95944            B.180619_2301.C  146.1252510  -31.7290792 112.92983   39.3452    19.032     0.031    22.430   _
   170.70757            B.180620_1658.S  146.1252510  -31.7291014 109.99048   30.7873    19.061     0.038    22.178   MOON_BRIGHT
   170.94860            B.180620_2245.C  146.1252542  -31.7290957 112.91770   24.8876    19.033     0.046    21.870   _
   171.36954            B.180621_0852.A  146.1252682  -31.7290661 109.70052   22.1657    19.064     0.051    21.716   MOON_BRIGHT
   171.94942            B.180621_2247.C  146.1252499  -31.7290876 117.95777   26.7264    18.985     0.043    21.853   _
   172.36523            B.180622_0845.A  146.1252637  -31.7290876 115.37503   20.5293    19.009     0.055    21.596   MOON_BRIGHT
   172.70279            B.180622_1652.S  146.1252585  -31.7290702 112.78154   41.1533    19.034     0.030    22.525   MOON_BRIGHT
   172.95336            B.180622_2252.C  146.1252883  -31.7290897 116.84170   26.5301    18.995     0.043    21.904   _
   173.36501            B.180623_0845.A  146.1252733  -31.7290853 113.39848   19.5693    19.028     0.057    21.541   MOON_BRIGHT
   173.94909            B.180623_2246.C  146.1252690  -31.7290807 115.46445   24.6008    19.008     0.046    21.798   _
   174.36096            B.180624_0839.A  146.1253187  -31.7290955 107.26900   17.9045    19.089     0.062    21.467   MOON_BRIGHT
   174.70404            B.180624_1653.S  146.1252538  -31.7290826 106.22701   27.7091    19.099     0.041    22.066   MOON_BRIGHT
   174.95042            B.180624_2248.C  146.1252675  -31.7291186 116.39856   12.4658    18.999     0.088    20.989   MOON_BRIGHT
   175.35950            B.180625_0837.A  146.1252785  -31.7291121 119.01812   19.1883    18.975     0.058    21.415   MOON_BRIGHT
   175.70118            B.180625_1649.S  146.1252881  -31.7292134 -99.99999    -99.99   -99.999   -99.999    20.049   MOON_BRIGHT
   175.94659            B.180625_2243.C  146.1252253  -31.7290947 111.32492   12.5075    19.048     0.088    21.045   MOON_BRIGHT
   176.35514            B.180626_0831.A  146.1252730  -31.7290603 120.58016   20.0551    18.961     0.056    21.501   MOON_BRIGHT
   176.70252            B.180626_1651.S  146.1252726  -31.7290686 120.45902   25.8988    18.962     0.044    21.839   _
   176.96299            B.180626_2306.C  146.1252652  -31.7290878 114.86948   34.7455    19.014     0.034    22.228   MOON_BRIGHT
   177.95103            B.180627_2249.C  146.1252609  -31.7291112 114.02911   23.6616    19.022     0.048    21.772   MOON_BRIGHT