; SOURCE_NAME : oh_gal
; SOURCE_RA_DEC	[146.12331, 146.1186771, 146.1211579, 146.1252263, 146.1211737]	[-31.72825, -31.72441639, -31.7266625, -31.72913221, -31.73156611]
; NUMBER_OF_REFERENCES	19
; Nilou Afsari	180627_2251
; OBSDAY2018                     STRTXT     RA_MC(")    DEC_MC(") Flux(uJy)       SNR    MAG_MC MAGERR_MC    LIM_MC   NOTE
    37.46044            I.180207_1103.A  146.1212030  -31.7314968 4209.9678   39.1527    14.525     0.028    21.922   MOON_BRIGHT
    37.51183            I.180207_1217.A  146.1212132  -31.7314913 4297.9229   26.4398    14.502     0.041    22.332   MOON_BRIGHT
    37.80334            I.180207_1916.S  -99.9999999  -99.9999999 -99.99999    -99.99   -99.999   -99.999   -99.999   PSF_ERROR_BAD_IMAGE
    38.03954            I.180208_0056.C  146.1212123  -31.7315105 3198.7340   67.8002    14.825     0.016    21.531   MOON_BRIGHT
    38.07049            I.180208_0141.C  146.1212036  -31.7314971 4762.7346   6.29854    14.390     0.173    21.723   MOON_BRIGHT
    38.10147            I.180208_0226.C  146.1212059  -31.7314968 4574.2864   2.23299    14.434     0.489    22.130   MOON_BRIGHT
    38.45677            I.180208_1057.A  146.1212958  -31.7315714 -99.99999    -99.99   -99.999   -99.999    18.823   MOON_BRIGHT
    38.47969            I.180208_1130.A  -99.9999999  -99.9999999 -99.99999    -99.99   -99.999   -99.999   -99.999   PSF_ERROR_BAD_IMAGE
    38.80969            I.180208_1925.S  146.1212169  -31.7314883 3141.9534   20.0872    14.844     0.054    22.426   _
    39.84104            I.180209_2011.S  146.1212101  -31.7314950 2733.7761   166.204    14.996     0.007    21.847   _
    39.89675            I.180209_2131.S  146.1212240  -31.7314957 2872.1567   64.3232    14.942     0.017    21.192   _
    40.79208            I.180210_1900.S  146.1211950  -31.7315046 2957.3349   118.109    14.910     0.009    21.891   _
    40.87858            I.180210_2105.S  146.1212183  -31.7314839 3478.6410   22.7874    14.733     0.048    22.522   _
    41.60600            I.180211_1432.A  146.1212119  -31.7314692 3883.9983   28.7757    14.613     0.038    22.193   MOON_BRIGHT
    41.66684            I.180211_1600.A  146.1212244  -31.7314776 4734.0487   4.15246    14.397     0.263    22.357   MOON_BRIGHT
    41.72709            I.180211_1727.A  -99.9999999  -99.9999999 -99.99999    -99.99   -99.999   -99.999   -99.999   PSF_ERROR_BAD_IMAGE
    43.60623            I.180213_1432.A  146.1212156  -31.7314822 3579.2942   24.7248    14.702     0.044    21.873   _
    43.67752            I.180213_1615.A  146.1212266  -31.7314998 3381.8827   22.2757    14.764     0.049    21.693   MOON_BRIGHT
    43.74204            I.180213_1748.A  146.1212185  -31.7314853 4344.5396   7.00226    14.491     0.156    21.983   MOON_BRIGHT
    46.43954            I.180216_1032.A  146.1212096  -31.7314954 3921.6683   40.7271    14.602     0.027    21.692   _
    46.48230            I.180216_1134.A  146.1212084  -31.7314894 4845.1860   7.11760    14.372     0.153    21.901   _
    46.53323            I.180216_1247.A  146.1212234  -31.7314849 3512.4024   71.4531    14.723     0.015    21.884   _
    47.44495            I.180217_1040.A  146.1212149  -31.7314891 3446.3525   59.7446    14.743     0.018    21.443   _
    47.49216            I.180217_1148.A  146.1212139  -31.7314912 4247.7789   20.5397    14.515     0.053    21.710   _
    48.43516            I.180218_1026.A  146.1211965  -31.7315171 4076.9813   13.3764    14.560     0.082    21.452   _
    48.43661            I.180218_1028.A  146.1211918  -31.7314990 3784.6386   25.5565    14.641     0.043    21.454   _
    48.48655            I.180218_1140.A  146.1212061  -31.7314754 3601.7764   82.7733    14.695     0.013    21.385   _
    48.53730            I.180218_1253.A  146.1212074  -31.7314744 4236.0887   19.4980    14.518     0.056    22.005   _
    48.56177            I.180218_1328.A  146.1212614  -31.7315060 3357.8844   10.5059    14.772     0.104    20.231   _
    48.80425            I.180218_1918.S  146.1211959  -31.7314840 2936.1120   105.751    14.918     0.010    21.787   MOON_BRIGHT
    48.83601            I.180218_2003.S  146.1212082  -31.7315003 2964.6815   106.724    14.908     0.010    22.038   MOON_BRIGHT
    48.89492            I.180218_2128.S  146.1212130  -31.7315038 3410.9486   41.3595    14.755     0.026    22.039   _
    49.04366            I.180219_0102.C  146.1212034  -31.7315115 5053.6065   5.98951    14.326     0.182    21.592   _
    49.10359            I.180219_0229.C  146.1212100  -31.7314950 4988.8282   1.93447    14.340     0.564    22.065   _
    49.20731            I.180219_0458.C  146.1212122  -31.7314905 3864.4239   9.94691    14.618     0.110    22.208   _
    49.80008            I.180219_1912.S  146.1212237  -31.7315105 2785.9433   14.9361    14.975     0.073    20.768   MOON_BRIGHT
    49.83358            I.180219_2000.S  146.1212151  -31.7314880 3360.6091   21.3143    14.771     0.051    22.468   MOON_BRIGHT
    49.89115            I.180219_2123.S  146.1212121  -31.7314894 3572.6746   15.8854    14.704     0.069    22.489   _
    49.96763            I.180219_2313.S  -99.9999999  -99.9999999 -99.99999    -99.99   -99.999   -99.999   -99.999   PSF_ERROR_BAD_IMAGE
    50.03797            I.180220_0054.C  146.1212043  -31.7314996 4571.4715   7.69248    14.435     0.142    21.700   _
    50.06541            I.180220_0134.C  146.1212055  -31.7315051 4613.6915   5.31924    14.425     0.205    21.705   _
    50.12022            I.180220_0253.C  146.1212031  -31.7314957 4292.6131   6.30889    14.504     0.173    21.880   _
    50.23997            I.180220_0545.C  146.1212025  -31.7314913 4468.4356   7.88243    14.460     0.138    22.282   _
    50.78619            I.180220_1852.S  146.1212139  -31.7314967 3272.8271   28.8692    14.800     0.038    22.217   MOON_BRIGHT
    50.81304            I.180220_1930.S  146.1212136  -31.7314875 3355.9326   20.5477    14.772     0.053    22.364   MOON_BRIGHT
    50.86350            I.180220_2043.S  146.1212127  -31.7315084 3251.9288   37.1395    14.807     0.029    22.113   MOON_BRIGHT
    50.93524            I.180220_2226.S  146.1213157  -31.7316297 3213.4107   1.12887    14.820     0.966    18.332   _
    51.04524            I.180221_0105.C  146.1212028  -31.7314928 4842.7840   2.70732    14.372     0.403    21.881   _
    51.11497            I.180221_0245.C  146.1211967  -31.7314879 4074.7177   6.20263    14.561     0.176    22.238   _
    51.19660            I.180221_0443.C  146.1212136  -31.7314903 2942.6465   21.6109    14.916     0.050    22.452   _
    51.26615            I.180221_0623.C  146.1212078  -31.7315011 3864.8432   16.4606    14.618     0.066    22.654   _
    51.43778            I.180221_1030.A  146.1212023  -31.7314902 3721.0376   36.2004    14.660     0.030    21.681   _
    51.46888            I.180221_1115.A  146.1212218  -31.7314946 3495.2655   19.8573    14.728     0.055    21.219   _
    51.52637            I.180221_1237.A  146.1212167  -31.7314868 3143.7555   108.967    14.844     0.010    21.767   _
    51.57615            I.180221_1349.A  146.1212282  -31.7314899 3768.4473   24.1487    14.646     0.045    22.229   _
    51.63774            I.180221_1518.A  146.1212185  -31.7314851 3343.1972   48.1279    14.777     0.023    21.292   _
    51.79156            I.180221_1859.S  146.1212041  -31.7314982 3145.8570   52.9539    14.843     0.021    22.107   MOON_BRIGHT
    51.79516            I.180221_1905.S  146.1212089  -31.7314873 3478.9230   19.7016    14.733     0.055    22.297   MOON_BRIGHT
    51.82594            I.180221_1949.S  146.1212108  -31.7314889 3427.6375   20.4584    14.749     0.053    22.177   MOON_BRIGHT
    53.04594            I.180223_0106.C  146.1212037  -31.7314970 4606.8492   4.49820    14.427     0.243    21.607   _
    53.09837            I.180223_0221.C  146.1212050  -31.7314952 4641.7206   2.06687    14.419     0.528    21.905   _
    53.18498            I.180223_0426.C  146.1212110  -31.7314922 3630.5360   7.50065    14.687     0.145    22.405   _
    53.24750            I.180223_0556.C  146.1212099  -31.7314983 3556.4230   9.14385    14.709     0.119    22.637   _
    53.82656            I.180223_1950.S  146.1212197  -31.7314996 3106.7930   88.1337    14.857     0.012    21.955   MOON_BRIGHT
    53.88609            I.180223_2115.S  146.1212359  -31.7315112 3085.2288   18.2094    14.864     0.060    20.215   MOON_BRIGHT
    53.96771            I.180223_2313.S  146.1212271  -31.7314876 3226.0184   52.1761    14.815     0.021    21.843   MOON_BRIGHT
    54.04028            I.180224_0058.S  146.1212326  -31.7314966 3172.9081   44.0793    14.834     0.025    21.330   MOON_BRIGHT
    55.05976            I.180225_0126.C  146.1212078  -31.7315043 4474.5682   3.83363    14.459     0.285    22.485   _
    55.11172            I.180225_0240.C  146.1212064  -31.7314988 3718.8854   5.69916    14.660     0.191    22.578   _
    55.19809            I.180225_0445.C  146.1212143  -31.7314933 3476.5326   4.37219    14.734     0.250    22.798   _
    55.26642            I.180225_0623.C  146.1212117  -31.7314932 4491.4574   5.69118    14.454     0.192    22.549   _
    55.78316            I.180225_1847.S  146.1211995  -31.7314794 3396.7916   38.2104    14.759     0.029    22.047   MOON_BRIGHT
    55.81471            I.180225_1933.S  146.1212109  -31.7314867 3466.3932   21.5503    14.737     0.051    21.873   MOON_BRIGHT
    55.86957            I.180225_2052.S  146.1212138  -31.7314940 3694.4740   15.9279    14.668     0.069    22.299   MOON_BRIGHT
    55.94465            I.180225_2240.S  146.1212160  -31.7314958 3101.7517   72.1052    14.858     0.015    21.917   MOON_BRIGHT
    56.01722            I.180226_0024.S  146.1212320  -31.7314860 2929.0502   105.459    14.921     0.010    21.744   MOON_BRIGHT
    57.04773            I.180227_0108.C  146.1212090  -31.7314937 4754.5542   1.55282    14.392     0.703    21.834   _
    57.10403            I.180227_0229.C  146.1212028  -31.7314968 4467.4205   2.16584    14.460     0.504    21.986   _
    57.18135            I.180227_0421.C  146.1212111  -31.7314875 3146.2357   11.1236    14.843     0.098    22.115   _
    57.24961            I.180227_0559.C  146.1212079  -31.7314927 4144.1273   6.64641    14.542     0.164    22.158   _
    57.43161            I.180227_1021.A  146.1211957  -31.7314981 4208.7292   13.7370    14.525     0.079    21.711   MOON_BRIGHT
    57.50106            I.180227_1201.A  146.1212176  -31.7314960 3307.8399   52.3117    14.788     0.021    21.539   MOON_BRIGHT
    57.58821            I.180227_1407.A  146.1212170  -31.7314970 3278.9385   59.2113    14.798     0.018    21.545   _
    57.66213            I.180227_1553.A  146.1212259  -31.7314808 2725.8171   114.594    14.999     0.010    20.976   _
    57.78742            I.180227_1853.S  146.1212027  -31.7314872 3781.1168   5.46434    14.642     0.200    22.339   MOON_BRIGHT
    57.81522            I.180227_1933.S  146.1212070  -31.7314935 3015.9211   19.0282    14.889     0.057    22.342   MOON_BRIGHT
    57.86940            I.180227_2051.S  146.1212144  -31.7314937 3214.6557   9.05481    14.819     0.120    22.285   MOON_BRIGHT
    57.94992            I.180227_2247.S  146.1212099  -31.7314845 3060.7315   10.9346    14.873     0.100    22.334   MOON_BRIGHT
    58.02462            I.180228_0035.S  146.1212175  -31.7314951 3097.3492   43.5024    14.860     0.025    21.519   MOON_BRIGHT
    59.44817            I.180301_1045.A  146.1212091  -31.7314970 3658.2291   19.5600    14.678     0.056    21.439   MOON_BRIGHT
    59.51029            I.180301_1214.A  146.1212260  -31.7314947 3295.4768   42.3703    14.792     0.026    21.475   MOON_BRIGHT
    59.58744            I.180301_1405.A  146.1212208  -31.7314786 2775.8263   99.7445    14.979     0.011    21.133   MOON_BRIGHT
    59.65994            I.180301_1550.A  146.1212358  -31.7314551 2693.1299   118.879    15.012     0.009    20.964   _
    59.77646            I.180301_1838.S  146.1212088  -31.7315021 2726.4492   70.2411    14.999     0.016    21.131   _
    59.82806            I.180301_1952.S  146.1212195  -31.7315025 3629.0361   14.5077    14.687     0.075    21.313   _
    61.03469            I.180303_0049.C  146.1212063  -31.7314887 3854.6129   6.60812    14.621     0.165    21.931   MOON_BRIGHT
    61.09194            I.180303_0212.C  146.1211998  -31.7314928 3691.2499   4.88050    14.668     0.224    22.002   _
    61.16089            I.180303_0351.C  146.1211986  -31.7314880 3943.5968   1.46945    14.596     0.742    22.204   _
    61.23326            I.180303_0535.C  146.1212082  -31.7314909 3513.2089   9.23871    14.722     0.118    22.120   _
    61.77703            I.180303_1838.S  146.1212058  -31.7314912 3411.5762   46.1765    14.754     0.024    22.095   _
    61.81515            I.180303_1933.S  146.1212028  -31.7314870 3605.4671   13.9902    14.694     0.078    22.158   _
    61.86729            I.180303_2048.S  146.1212048  -31.7314937 3496.3693   23.7927    14.728     0.046    22.012   _
    61.94243            I.180303_2237.S  146.1212139  -31.7314958 3381.7062   28.8110    14.764     0.038    22.169   MOON_BRIGHT
    62.02962            I.180304_0042.S  146.1212179  -31.7314875 3390.6149   19.8152    14.761     0.055    21.888   MOON_BRIGHT
    63.04073            I.180305_0058.C  146.1212050  -31.7315014 4279.8207   4.09832    14.507     0.266    22.429   MOON_BRIGHT
    63.10831            I.180305_0235.C  146.1212026  -31.7314940 3375.7703   9.91339    14.766     0.110    22.488   MOON_BRIGHT
    63.17895            I.180305_0417.C  146.1212187  -31.7314893 3173.2795   16.7046    14.833     0.065    22.367   _
    63.25439            I.180305_0606.C  146.1212083  -31.7314934 7809.9160   1.58391    13.851     0.689    21.907   _
    63.78750            I.180305_1854.S  146.1211988  -31.7314822 2850.8753   126.171    14.950     0.009    22.016   _
    63.81709            I.180305_1936.S  146.1211966  -31.7314867 3604.4775   43.7003    14.694     0.025    22.288   _
    63.87258            I.180305_2056.S  146.1211932  -31.7314827 3290.3524   47.4850    14.794     0.023    22.314   _
    63.94794            I.180305_2245.S  146.1212132  -31.7314860 3208.1565   58.6373    14.822     0.019    22.278   MOON_BRIGHT
    64.01979            I.180306_0028.S  146.1212280  -31.7314819 2561.9558   158.946    15.067     0.007    21.546   MOON_BRIGHT
    65.03171            I.180307_0045.C  -99.9999999  -99.9999999 -99.99999    -99.99   -99.999   -99.999   -99.999   PSF_ERROR_BAD_IMAGE
    65.08079            I.180307_0156.C  146.1212224  -31.7315017 3698.3665   13.2383    14.666     0.082    22.279   MOON_BRIGHT
    65.17542            I.180307_0412.C  146.1212126  -31.7314942 2800.6582   33.7198    14.970     0.032    22.453   MOON_BRIGHT
    65.24186            I.180307_0548.C  146.1212127  -31.7314966 4682.1142   4.87220    14.409     0.224    22.248   MOON_BRIGHT
    65.77046            I.180307_1829.S  146.1212084  -31.7314953 3074.4626   91.1931    14.868     0.012    22.080   _
    65.80269            I.180307_1915.S  146.1212154  -31.7315005 3285.2818   55.7204    14.796     0.020    22.160   _
    65.85681            I.180307_2033.S  146.1212180  -31.7314957 3447.6815   44.4541    14.743     0.025    22.368   _
    67.65347            I.180309_1541.A  146.1212170  -31.7314962 4163.5170   11.1122    14.537     0.098    21.851   MOON_BRIGHT
    69.02450            I.180311_0035.C  146.1212056  -31.7314985 5081.9801   1.18679    14.320     0.919    22.250   MOON_BRIGHT
    69.07741            I.180311_0151.C  146.1212062  -31.7314974 3749.6879   11.4222    14.651     0.096    22.221   MOON_BRIGHT
    69.15093            I.180311_0337.C  146.1212099  -31.7314979 3457.2750   11.5977    14.740     0.094    22.607   MOON_BRIGHT
    69.22334            I.180311_0521.C  146.1212154  -31.7314924 3872.7267   16.2988    14.616     0.067    22.488   MOON_BRIGHT
    69.42220            I.180311_1007.A  146.1211976  -31.7314911 4287.2620   14.5604    14.505     0.075    22.175   _
    69.47234            I.180311_1120.A  146.1212085  -31.7314849 4212.5675   15.9392    14.524     0.068    22.407   _
    69.52257            I.180311_1232.A  146.1212190  -31.7314764 4293.5649   15.7096    14.504     0.069    22.247   MOON_BRIGHT
    69.57311            I.180311_1345.A  146.1212274  -31.7314785 4262.9446   18.0655    14.511     0.060    22.546   MOON_BRIGHT
    69.63681            I.180311_1517.A  146.1212272  -31.7314858 4518.8127   4.22553    14.448     0.258    22.454   MOON_BRIGHT
    69.77181            I.180311_1831.S  146.1212032  -31.7314854 3558.9414   18.2879    14.708     0.060    22.197   _
    69.81705            I.180311_1936.S  146.1212148  -31.7314886 3464.6507   20.1492    14.738     0.054    22.158   _
    69.88015            I.180311_2107.S  146.1212256  -31.7314951 2971.1038   48.9954    14.905     0.022    21.128   _
    69.94706            I.180311_2243.S  146.1212240  -31.7314880 3550.8578   16.1760    14.711     0.067    22.185   _
    69.95012            I.180311_2248.S  146.1212299  -31.7314917 3474.0965   28.7142    14.735     0.038    22.635   _
    71.02716            I.180313_0039.C  146.1212093  -31.7314959 3963.2766   8.14793    14.591     0.134    22.453   MOON_BRIGHT
    71.07683            I.180313_0150.C  146.1212121  -31.7315007 3524.0321   10.1925    14.719     0.107    22.408   MOON_BRIGHT
    71.14553            I.180313_0329.C  146.1212152  -31.7314969 4250.1026   5.35178    14.515     0.204    22.449   MOON_BRIGHT
    71.21046            I.180313_0503.C  146.1212151  -31.7314920 3637.9500   13.4541    14.684     0.081    22.446   MOON_BRIGHT
    73.02670            I.180315_0038.C  146.1212096  -31.7314993 4177.7229   7.33623    14.533     0.149    22.456   MOON_BRIGHT
    73.07650            I.180315_0150.C  146.1212148  -31.7314981 3584.0791   10.1680    14.701     0.107    22.599   MOON_BRIGHT
    73.14493            I.180315_0328.C  146.1212091  -31.7314988 3644.4159   15.2935    14.682     0.071    22.669   MOON_BRIGHT
    73.20774            I.180315_0459.C  146.1212216  -31.7314960 4012.6634   10.0025    14.577     0.109    22.576   MOON_BRIGHT
    73.43215            I.180315_1022.A  146.1212075  -31.7314875 4765.6404   6.56184    14.390     0.166    22.216   _
    73.48568            I.180315_1139.A  146.1212256  -31.7314852 3358.7826   79.2265    14.771     0.014    21.877   _
    73.53469            I.180315_1249.A  146.1212180  -31.7314767 3848.6989   24.6649    14.623     0.044    22.336   _
    73.60300            I.180315_1428.A  146.1212257  -31.7314606 4360.7557   14.4157    14.487     0.076    22.248   _
    73.77824            I.180315_1840.S  146.1213547  -31.7316399 3282.7376   2.02946    14.796     0.538    18.046   _
    75.02072            I.180317_0029.C  146.1212116  -31.7315005 4004.1573   11.6569    14.580     0.094    22.269   _
    75.07258            I.180317_0144.C  146.1212094  -31.7314931 3726.1916   11.3946    14.658     0.096    22.459   _
    75.14360            I.180317_0326.C  146.1212199  -31.7314967 3615.7821   11.5128    14.691     0.095    22.685   MOON_BRIGHT
    75.21039            I.180317_0502.C  146.1212107  -31.7314962 3911.2884   12.7205    14.605     0.086    22.724   MOON_BRIGHT
    75.41549            I.180317_0958.A  146.1212033  -31.7314801 4128.8451   32.5448    14.546     0.034    21.902   _
    75.46576            I.180317_1110.A  146.1212096  -31.7314797 4355.3081   14.8114    14.488     0.074    22.179   _
    75.51970            I.180317_1228.A  146.1212166  -31.7314475 3989.1713   55.0972    14.584     0.020    22.226   _
    75.58837            I.180317_1407.A  146.1212277  -31.7314924 4099.4391   8.09587    14.554     0.135    22.452   _
    75.76890            I.180317_1827.S  146.1212096  -31.7314857 3407.2252   35.3668    14.756     0.031    22.495   MOON_BRIGHT
    75.83707            I.180317_2005.S  146.1212132  -31.7314968 3688.1190   20.6094    14.669     0.053    22.665   _
    75.90714            I.180317_2146.S  146.1212249  -31.7314863 3085.8231   91.1270    14.864     0.012    22.294   _
    75.97568            I.180317_2324.S  146.1212239  -31.7314903 2809.6123   141.931    14.966     0.008    21.924   _
    76.40822            I.180318_0947.A  146.1212127  -31.7314963 3972.7748   17.3606    14.588     0.063    22.029   _
    76.46154            I.180318_1104.A  146.1212114  -31.7314953 4200.0397   10.7312    14.528     0.102    22.100   _
    76.51090            I.180318_1215.A  146.1212218  -31.7314851 3689.2491   41.6049    14.669     0.026    22.012   _
    76.58264            I.180318_1359.A  146.1212281  -31.7314700 4436.5715   15.8049    14.468     0.069    22.385   _
    76.76696            I.180318_1824.S  146.1212071  -31.7314941 3375.5241   9.05178    14.766     0.121    22.666   MOON_BRIGHT
    76.82735            I.180318_1951.S  146.1212122  -31.7314907 2867.8589   22.7713    14.944     0.048    22.805   _
    76.89203            I.180318_2124.S  146.1212103  -31.7314950 3196.6010   16.0705    14.825     0.068    22.805   _
    76.96273            I.180318_2306.S  146.1212167  -31.7314909 3284.2484   10.7321    14.796     0.102    22.801   _
    76.96587            I.180318_2310.S  146.1212192  -31.7314979 2694.1067   41.8193    15.012     0.026    22.805   _
    77.15853            I.180319_0348.C  146.1212057  -31.7314965 3248.5274   23.9810    14.808     0.046    22.572   _
    77.22672            I.180319_0526.C  146.1212193  -31.7314977 4374.0476   5.41567    14.483     0.201    22.560   MOON_BRIGHT
    77.41887            I.180319_1003.A  146.1212001  -31.7315044 4640.2746   5.53496    14.419     0.197    21.956   _
    77.47322            I.180319_1121.A  146.1212166  -31.7314949 4105.8371   12.6425    14.552     0.086    22.180   _
    77.52417            I.180319_1234.A  146.1212139  -31.7314895 3256.1398   86.3640    14.805     0.013    21.589   _
    77.59492            I.180319_1416.A  146.1212278  -31.7314611 3716.2080   53.0490    14.661     0.021    21.894   _
    77.76491            I.180319_1821.S  146.1212079  -31.7314966 3403.4865   12.3419    14.757     0.088    22.509   MOON_BRIGHT
    77.83122            I.180319_1956.S  146.1212166  -31.7315012 2927.8293   24.3014    14.921     0.045    22.720   _
    77.90615            I.180319_2144.S  146.1212150  -31.7314963 3012.3226   28.3305    14.890     0.039    22.796   _
    77.97028            I.180319_2317.S  146.1212184  -31.7314903 3223.0194   13.6806    14.816     0.080    22.609   _
    78.15174            I.180320_0338.C  146.1212151  -31.7315030 3576.1049   10.4049    14.703     0.105    22.575   _
    78.22421            I.180320_0522.C  146.1212083  -31.7314979 4669.1655   4.51507    14.412     0.242    22.449   MOON_BRIGHT
    78.41867            I.180320_1002.A  146.1212168  -31.7314977 3314.1562   44.9496    14.786     0.024    21.122   _
    78.42419            I.180320_1010.A  146.1212150  -31.7315044 3247.9939   39.0900    14.808     0.028    21.044   _
    78.47330            I.180320_1121.A  146.1212124  -31.7314843 4171.8987   14.5322    14.535     0.075    21.939   _
    78.52251            I.180320_1232.A  146.1212123  -31.7314875 3938.9800   14.3328    14.598     0.076    22.097   _
    78.76340            I.180320_1819.S  -99.9999999  -99.9999999 -99.99999    -99.99   -99.999   -99.999   -99.999   PSF_ERROR_BAD_IMAGE
    78.82112            I.180320_1942.S  -99.9999999  -99.9999999 -99.99999    -99.99   -99.999   -99.999   -99.999   PSF_ERROR_BAD_IMAGE
    79.14208            I.180321_0324.C  146.1212144  -31.7314978 3766.2109   7.18080    14.647     0.152    22.504   _
    79.21968            I.180321_0516.C  146.1212165  -31.7314922 4111.1182   12.6591    14.551     0.086    22.387   _
    79.76309            I.180321_1818.S  146.1212116  -31.7314909 3459.6051   28.4764    14.739     0.038    22.343   MOON_BRIGHT
    79.82043            I.180321_1941.S  146.1212188  -31.7314865 3099.8914   104.109    14.859     0.011    22.196   MOON_BRIGHT
    79.87860            I.180321_2105.S  146.1212273  -31.7314897 2857.7036   152.650    14.948     0.007    22.162   _
    80.12862            I.180322_0305.C  146.1212138  -31.7314959 3443.2919   13.9131    14.744     0.078    22.594   _
    80.19148            I.180322_0435.C  146.1212193  -31.7314997 5306.1368   3.94170    14.273     0.277    22.614   _
    81.11997            I.180323_0252.C  146.1212168  -31.7314859 3712.6774   8.83984    14.662     0.123    22.492   _
    81.18488            I.180323_0426.C  146.1212112  -31.7314893 3595.2509   12.6509    14.697     0.086    22.781   _
    81.40958            I.180323_0949.A  146.1211993  -31.7314867 3928.4907   21.8478    14.601     0.050    21.971   _
    81.46175            I.180323_1104.A  146.1212122  -31.7314921 4028.0315   10.1642    14.573     0.107    22.040   _
    81.51186            I.180323_1217.A  146.1212103  -31.7314876 3764.4981   20.5450    14.647     0.053    21.809   _
    81.60918            I.180323_1437.A  146.1212222  -31.7314961 3194.2887   82.9722    14.826     0.013    21.370   _
    81.76556            I.180323_1822.S  146.1212149  -31.7314911 3415.2214   8.77353    14.753     0.124    22.657   MOON_BRIGHT
    81.82414            I.180323_1946.S  146.1212194  -31.7314914 2904.2301   29.4950    14.930     0.037    22.693   MOON_BRIGHT
    83.02270            I.180325_0032.C  146.1212100  -31.7314984 4161.8422   3.73391    14.538     0.292    22.460   _
    83.07492            I.180325_0147.C  146.1212128  -31.7314963 2728.6238   33.6714    14.998     0.032    22.507   _
    83.14469            I.180325_0328.C  146.1212158  -31.7314926 4673.3589   3.20942    14.411     0.340    22.449   _
    83.21641            I.180325_0511.C  146.1212157  -31.7314835 4225.2561   11.3734    14.521     0.096    22.273   _
    83.76303            I.180325_1818.S  146.1212149  -31.7314948 3922.8703   7.47947    14.602     0.146    22.066   MOON_BRIGHT
    83.81656            I.180325_1935.S  146.1212191  -31.7314888 3499.5086   35.0709    14.727     0.031    22.005   MOON_BRIGHT
    83.88465            I.180325_2113.S  146.1212212  -31.7314895 3043.9873   83.3102    14.879     0.013    21.956   MOON_BRIGHT
    83.95075            I.180325_2249.S  146.1212251  -31.7314904 3764.2899   11.8802    14.647     0.092    22.241   MOON_BRIGHT
    85.45312            I.180327_1052.A  146.1212154  -31.7314905 3834.1334   20.0117    14.627     0.055    21.879   MOON_BRIGHT
    85.50780            I.180327_1211.A  146.1212165  -31.7314960 3516.0666   41.3417    14.722     0.026    21.655   _
    85.76317            I.180327_1818.S  146.1211984  -31.7314992 3445.0854   31.3602    14.744     0.035    21.908   MOON_BRIGHT
    85.83697            I.180327_2005.S  146.1212112  -31.7314921 3049.8576   21.5838    14.877     0.051    22.519   MOON_BRIGHT
    85.92402            I.180327_2210.S  146.1212162  -31.7314882 3620.9613   9.58600    14.689     0.114    22.458   MOON_BRIGHT
    87.00539            I.180329_0007.C  146.1211976  -31.7315008 5083.8148   0.52983    14.319     2.059    22.226   _
    87.07632            I.180329_0149.C  146.1212077  -31.7314899 4001.4090   6.05008    14.580     0.180    22.173   _
    87.14295            I.180329_0325.C  146.1212102  -31.7314981 3362.4576   15.3962    14.770     0.071    22.258   _
    87.20856            I.180329_0500.C  146.1212178  -31.7314953 7380.9225   4.20853    13.913     0.259    21.652   _
    87.39797            I.180329_0933.A  146.1212118  -31.7314918 3679.6821   19.0518    14.672     0.057    21.538   MOON_BRIGHT
    87.45351            I.180329_1053.A  146.1212149  -31.7314758 3412.0897   29.7450    14.754     0.037    21.677   MOON_BRIGHT
    87.50753            I.180329_1210.A  146.1212227  -31.7314654 5217.0269   2.49717    14.291     0.437    21.820   MOON_BRIGHT
    87.58059            I.180329_1356.A  146.1212139  -31.7314550 4683.9146   2.99234    14.409     0.365    21.787   MOON_BRIGHT
    89.01236            I.180331_0017.C  146.1211984  -31.7314974 4887.0422   0.94533    14.362     1.154    21.878   MOON_BRIGHT
    89.08034            I.180331_0155.C  146.1212042  -31.7314917 3359.3598   10.3104    14.771     0.106    22.177   _
    89.16172            I.180331_0352.C  -99.9999999  -99.9999999 -99.99999    -99.99   -99.999   -99.999   -99.999   PSF_ERROR_BAD_IMAGE
    89.16804            I.180331_0401.C  146.1212119  -31.7314938 4051.4696   7.36754    14.567     0.148    22.044   _
    89.41193            I.180331_0953.A  146.1212143  -31.7314982 3577.8441   23.7118    14.703     0.046    21.133   MOON_BRIGHT
    89.46992            I.180331_1116.A  146.1212154  -31.7314818 3420.3328   34.7243    14.752     0.031    21.510   MOON_BRIGHT
    89.52021            I.180331_1229.A  146.1212158  -31.7314865 3893.9349   15.3643    14.610     0.071    21.584   MOON_BRIGHT
    89.59464            I.180331_1416.A  146.1212223  -31.7315017 3157.9199   40.9057    14.839     0.027    20.947   MOON_BRIGHT
    89.85365            I.180331_2029.S  146.1212182  -31.7314956 3309.8795   21.8176    14.787     0.050    21.859   MOON_BRIGHT
    91.00125            I.180402_0001.C  146.1212094  -31.7314975 4861.7872   1.67634    14.368     0.651    22.120   MOON_BRIGHT
    91.07334            I.180402_0145.C  146.1212093  -31.7314885 4440.1067   0.52211    14.467     2.089    22.177   MOON_BRIGHT
    91.14071            I.180402_0322.C  146.1212137  -31.7314952 3458.3171   13.3851    14.740     0.082    22.156   _
    91.19461            I.180402_0440.C  146.1212075  -31.7314930 4280.9484   9.95448    14.507     0.110    22.117   _
    91.40212            I.180402_0939.A  146.1212118  -31.7314891 3978.9202   14.0066    14.587     0.078    21.931   MOON_BRIGHT
    91.83975            I.180402_2009.S  146.1212124  -31.7314922 3710.8859   5.70387    14.663     0.191    22.309   _
    91.90436            I.180402_2142.S  146.1212201  -31.7314894 3375.2614   23.2892    14.766     0.047    21.915   MOON_BRIGHT
    93.00497            I.180404_0007.C  146.1212116  -31.7314939 4114.6371   3.35581    14.550     0.325    22.273   MOON_BRIGHT
    93.08041            I.180404_0155.C  146.1212085  -31.7314923 2948.3495   17.4547    14.914     0.063    22.456   MOON_BRIGHT
    93.16502            I.180404_0357.C  146.1212175  -31.7314989 3697.8637   11.5198    14.667     0.095    22.613   MOON_BRIGHT
    93.39743            I.180404_0932.A  146.1212118  -31.7314899 4828.3796   4.04837    14.376     0.269    22.108   MOON_BRIGHT
    93.44834            I.180404_1045.A  146.1212146  -31.7314902 3843.1857   9.60905    14.624     0.114    22.282   MOON_BRIGHT
    93.47834            I.180404_1128.A  146.1212124  -31.7314888 3865.2118   11.8628    14.618     0.092    22.416   MOON_BRIGHT
    93.54266            I.180404_1301.A  146.1212180  -31.7314892 3981.4843   11.7932    14.586     0.093    22.040   MOON_BRIGHT
    93.59797            I.180404_1421.A  146.1212150  -31.7314921 3806.9670   14.5642    14.635     0.075    22.097   MOON_BRIGHT
    93.82521            I.180404_1948.S  146.1212142  -31.7314977 2863.5460   27.6605    14.945     0.039    22.903   _
    93.89961            I.180404_2135.S  146.1212059  -31.7314945 3749.6178   7.02657    14.651     0.155    22.369   _
    94.99604            I.180405_2354.C  146.1212129  -31.7314927 4355.4180   5.37892    14.488     0.203    21.881   MOON_BRIGHT
    95.06850            I.180406_0138.C  146.1212171  -31.7314952 4474.8859   4.77004    14.458     0.229    22.017   MOON_BRIGHT
    95.39574            I.180406_0929.A  146.1212052  -31.7314669 3958.2252   37.1702    14.592     0.029    21.884   MOON_BRIGHT
    95.47179            I.180406_1119.A  146.1212155  -31.7314853 4161.4785   9.29732    14.538     0.117    22.429   MOON_BRIGHT
    95.53450            I.180406_1249.A  146.1212177  -31.7314858 4044.9241   13.0945    14.569     0.083    22.093   MOON_BRIGHT
    95.75398            I.180406_1805.S  146.1212096  -31.7314979 3892.1834   7.33306    14.611     0.149    22.185   _
    95.82314            I.180406_1945.S  146.1212218  -31.7314907 4011.9325   6.92002    14.578     0.158    22.571   _
    95.89583            I.180406_2130.S  146.1212179  -31.7314969 2896.3306   30.8366    14.933     0.035    22.692   _
    96.99671            I.180407_2355.C  146.1212133  -31.7314977 3548.6864   15.2284    14.711     0.072    22.138   MOON_BRIGHT
    97.07418            I.180408_0146.C  146.1212121  -31.7314925 4064.7765   5.02986    14.563     0.217    22.367   MOON_BRIGHT
    97.14017            I.180408_0321.C  146.1212159  -31.7314940 4517.4287   5.99408    14.448     0.182    22.399   MOON_BRIGHT
    97.39318            I.180408_0926.A  146.1212474  -31.7315041 2262.2400   82.3545    15.203     0.013    20.356   _
    97.47537            I.180408_1124.A  146.1212194  -31.7314761 4273.9024   8.86007    14.509     0.123    22.183   MOON_BRIGHT
    97.53826            I.180408_1255.A  146.1212219  -31.7314910 4558.0637   3.74674    14.438     0.291    22.322   MOON_BRIGHT
    97.74344            I.180408_1750.S  146.1212006  -31.7314746 3482.0097   35.2712    14.732     0.031    22.216   _
    97.81425            I.180408_1932.S  146.1212114  -31.7314716 3847.1457   30.7345    14.623     0.036    22.740   _
    97.87862            I.180408_2105.S  146.1212082  -31.7314676 4304.7500   12.2678    14.501     0.089    22.375   _
    98.99995            I.180409_2359.C  146.1212140  -31.7314931 4322.5067   5.31535    14.496     0.205    21.982   MOON_BRIGHT
    99.07139            I.180410_0142.C  146.1212082  -31.7314958 3654.2921   10.3428    14.679     0.105    22.168   MOON_BRIGHT
    99.13251            I.180410_0310.C  146.1212140  -31.7314969 5331.3551   2.63902    14.267     0.413    21.729   MOON_BRIGHT
    99.75712            I.180410_1810.S  146.1212088  -31.7314940 3924.7906   6.40122    14.602     0.170    22.274   _
   101.00214            I.180412_0003.C  146.1212238  -31.7314922 4417.7735   6.24914    14.472     0.175    22.130   MOON_BRIGHT
   101.08016            I.180412_0155.C  -99.9999999  -99.9999999 -99.99999    -99.99   -99.999   -99.999   -99.999   PSF_ERROR_BAD_IMAGE
   101.14197            I.180412_0324.C  146.1212132  -31.7314946 6266.4872   9.20199    14.091     0.119    22.168   MOON_BRIGHT
   101.39230            I.180412_0924.A  146.1212035  -31.7314792 4171.9733   16.8456    14.535     0.065    22.194   _
   101.46493            I.180412_1109.A  146.1212177  -31.7314852 4077.0682   7.30453    14.560     0.149    22.253   _
   101.52706            I.180412_1238.A  146.1212223  -31.7314772 4345.5403   4.83057    14.490     0.226    22.453   _
   101.75788            I.180412_1811.S  146.1212104  -31.7314915 3159.3009   10.2465    14.838     0.106    22.606   _
   103.01515            I.180414_0021.C  146.1212149  -31.7315009 4829.7102   3.09121    14.375     0.353    22.284   _
   103.07903            I.180414_0153.C  146.1212115  -31.7314970 3110.4458   22.8852    14.855     0.048    22.505   MOON_BRIGHT
   103.14196            I.180414_0324.C  146.1212183  -31.7314919 5162.3248   7.47894    14.303     0.146    22.308   MOON_BRIGHT
   103.41003            I.180414_0950.A  146.1212103  -31.7314949 4069.6691   10.0500    14.562     0.109    21.954   _
   103.47713            I.180414_1127.A  146.1212168  -31.7314936 3653.1673   9.46249    14.680     0.115    21.811   _
   103.54185            I.180414_1300.A  146.1212192  -31.7314777 3936.2083   9.51254    14.598     0.115    22.039   _
   103.75815            I.180414_1811.S  146.1212196  -31.7314940 4056.4475   9.46667    14.566     0.115    22.338   _
   103.82248            I.180414_1944.S  146.1212317  -31.7314955 3366.9290   19.7541    14.769     0.055    22.650   _
   103.88942            I.180414_2120.S  146.1212213  -31.7314910 3449.2343   19.2673    14.742     0.057    22.744   _
   103.99351            I.180414_2350.C  146.1212063  -31.7314988 3254.5648   19.9756    14.806     0.055    22.477   _
   104.06426            I.180415_0132.C  146.1212142  -31.7314942 4123.8891   3.62140    14.548     0.301    22.296   _
   104.13278            I.180415_0311.C  146.1212144  -31.7314925 4251.5381   16.0714    14.514     0.068    22.140   MOON_BRIGHT
   104.40958            I.180415_0949.A  146.1212104  -31.7314875 3412.1050   14.4523    14.754     0.075    22.532   _
   104.47352            I.180415_1121.A  146.1212182  -31.7314842 4093.0320   5.68936    14.556     0.192    22.338   _
   104.53950            I.180415_1256.A  146.1212189  -31.7314772 3991.6339   5.27219    14.583     0.207    22.623   _
   104.75616            I.180415_1808.S  -99.9999999  -99.9999999 -99.99999    -99.99   -99.999   -99.999   -99.999   PSF_ERROR_BAD_IMAGE
   104.84066            I.180415_2010.S  146.1212295  -31.7314899 3240.9203   22.3538    14.810     0.049    22.719   _
   104.90314            I.180415_2140.S  146.1212326  -31.7314948 3293.9310   46.3530    14.793     0.024    22.431   _
   105.01610            I.180416_0023.C  146.1212121  -31.7314973 3907.0136   5.77941    14.607     0.189    22.215   _
   105.09655            I.180416_0219.C  146.1212170  -31.7314968 6043.0659   0.90457    14.131     1.206    21.906   _
   106.00647            I.180417_0009.C  146.1212090  -31.7314892 3771.4876   5.73761    14.645     0.190    21.944   _
   106.07098            I.180417_0142.C  146.1212146  -31.7314883 3605.5506   11.5110    14.694     0.095    22.212   _
   106.13777            I.180417_0318.C  146.1212209  -31.7314793 4217.6561   13.8901    14.523     0.079    22.252   _
   106.40514            I.180417_0943.A  146.1212171  -31.7314840 3688.5031   34.6561    14.669     0.032    21.768   _
   106.47194            I.180417_1119.A  146.1212189  -31.7314878 4241.1231   8.71983    14.517     0.125    22.400   _
   106.53419            I.180417_1249.A  146.1212185  -31.7314829 4080.8827   9.17451    14.559     0.119    22.464   _
   106.83525            I.180417_2002.S  146.1212172  -31.7314928 3077.7793   14.0352    14.867     0.078    22.321   _
   106.90215            I.180417_2139.S  146.1212255  -31.7314918 2996.8001   34.0699    14.896     0.032    22.710   _
   107.01830            I.180418_0026.C  146.1212116  -31.7314991 3951.3341   26.6532    14.594     0.041    21.729   _
   107.08432            I.180418_0201.C  146.1212246  -31.7315048 3466.4919   60.8840    14.737     0.018    21.515   _
   108.00840            I.180419_0012.C  146.1212098  -31.7314982 4004.3360   8.14464    14.580     0.134    22.197   _
   108.07669            I.180419_0150.C  146.1212002  -31.7314960 3747.5516   9.31609    14.652     0.117    22.350   _
   108.13756            I.180419_0318.C  146.1212189  -31.7314935 5146.9950   7.19748    14.306     0.152    22.063   _
   108.75250            I.180419_1803.S  146.1212125  -31.7314973 3724.3060   10.7184    14.659     0.102    22.368   MOON_BRIGHT
   108.81704            I.180419_1936.S  146.1212245  -31.7314917 3556.4505   22.4490    14.709     0.049    22.359   MOON_BRIGHT
   108.89046            I.180419_2122.S  146.1212294  -31.7314947 3321.0149   55.7607    14.784     0.020    22.511   MOON_BRIGHT
   109.01038            I.180420_0014.C  146.1212136  -31.7314955 3917.1547   5.15742    14.604     0.212    22.489   _
   109.07743            I.180420_0151.C  146.1212108  -31.7314982 4248.2722   8.12855    14.515     0.134    22.304   _
   109.14132            I.180420_0323.C  146.1212085  -31.7314966 6492.8404   8.85698    14.052     0.123    21.821   _
   109.40529            I.180420_0943.A  146.1212178  -31.7314796 4345.2550   8.67129    14.491     0.126    22.269   _
   109.47534            I.180420_1124.A  146.1212254  -31.7314762 4971.6175   1.82237    14.344     0.599    22.489   _
   109.53797            I.180420_1254.A  146.1212292  -31.7314830 3889.9998   9.37025    14.611     0.116    22.512   _
   109.74968            I.180420_1759.S  146.1212176  -31.7314950 2959.0141   22.2028    14.910     0.049    22.812   MOON_BRIGHT
   109.82995            I.180420_1955.S  146.1212231  -31.7314910 3543.2124   13.9024    14.713     0.078    22.601   MOON_BRIGHT
   109.88830            I.180420_2119.S  146.1212216  -31.7314987 2636.6034   46.5019    15.036     0.023    22.779   MOON_BRIGHT
   110.00484            I.180421_0006.C  146.1212113  -31.7314995 3593.9870   5.31893    14.698     0.205    22.597   _
   110.07230            I.180421_0144.C  146.1212096  -31.7314904 3433.4148   12.8756    14.747     0.085    22.545   _
   110.14265            I.180421_0325.C  146.1212173  -31.7314966 6068.6164   3.79840    14.126     0.287    22.157   _
   110.41250            I.180421_0954.A  146.1212198  -31.7314973 4382.7176   5.12986    14.481     0.213    21.795   _
   110.48147            I.180421_1133.A  146.1212237  -31.7314835 3797.2143   18.1636    14.638     0.060    22.158   _
   110.75587            I.180421_1808.S  146.1212175  -31.7314972 3094.3141   23.8580    14.861     0.046    22.678   MOON_BRIGHT
   110.82910            I.180421_1953.S  146.1212185  -31.7314930 3148.5054   18.0723    14.842     0.060    22.977   MOON_BRIGHT
   111.01561            I.180422_0022.C  146.1212133  -31.7314944 4102.2996   4.92637    14.553     0.221    22.524   _
   111.08189            I.180422_0157.C  146.1212114  -31.7314931 3440.3864   17.3905    14.745     0.063    22.651   _
   111.13861            I.180422_0319.C  146.1212196  -31.7314859 3975.4477   16.0571    14.588     0.068    22.208   _
   111.39782            I.180422_0932.A  146.1212155  -31.7314950 3588.6399   14.8709    14.699     0.073    22.282   _
   111.75164            I.180422_1802.S  146.1212190  -31.7314997 3246.5164   13.0612    14.809     0.084    22.572   MOON_BRIGHT
   111.82394            I.180422_1946.S  146.1212171  -31.7314958 2992.7465   25.4164    14.897     0.043    22.860   MOON_BRIGHT
   112.02259            I.180423_0032.C  146.1212097  -31.7314948 4303.7802   4.00446    14.501     0.272    22.190   _
   112.13969            I.180423_0321.C  146.1212196  -31.7314799 3784.9835   8.53590    14.641     0.128    21.442   _
   112.40606            I.180423_0944.A  146.1212145  -31.7314880 4066.3925   5.25122    14.563     0.208    22.201   MOON_BRIGHT
   112.47520            I.180423_1124.A  146.1212145  -31.7314861 4347.8383   4.92062    14.490     0.222    22.274   _
   112.77662            I.180423_1838.S  146.1212180  -31.7314931 3426.9779   23.5215    14.750     0.046    22.292   MOON_BRIGHT
   112.85458            I.180423_2030.S  146.1212124  -31.7314963 3405.0235   30.6406    14.757     0.036    22.267   MOON_BRIGHT
   113.03936            I.180424_0056.C  146.1212087  -31.7314967 3735.2271   9.67590    14.656     0.113    22.127   _
   113.10285            I.180424_0228.C  146.1212140  -31.7315005 4033.1228   4.24633    14.572     0.257    21.378   _
   113.39765            I.180424_0932.A  146.1212113  -31.7314803 3749.9831   11.0608    14.651     0.099    22.201   MOON_BRIGHT
   113.46831            I.180424_1114.A  146.1212160  -31.7314927 4067.2165   7.92640    14.563     0.138    21.898   _
   113.75468            I.180424_1806.S  146.1212132  -31.7314944 3390.6182   13.9155    14.761     0.078    22.476   MOON_BRIGHT
   113.83203            I.180424_1958.S  146.1212174  -31.7314945 3035.5409   22.1673    14.882     0.049    22.558   MOON_BRIGHT
   113.99894            I.180424_2358.C  146.1212060  -31.7314920 4042.5588   5.96794    14.569     0.183    22.145   _
   114.05995            I.180425_0126.C  146.1212135  -31.7314827 4035.5796   4.40204    14.571     0.248    22.071   _
   115.39234            I.180426_0924.A  146.1212048  -31.7314794 3636.6711   10.6457    14.685     0.102    21.992   MOON_BRIGHT
   115.46388            I.180426_1107.A  146.1212135  -31.7314829 3971.1600   11.5203    14.589     0.095    21.952   MOON_BRIGHT
   115.46547            I.180426_1110.A  146.1212167  -31.7314897 3917.2376   12.7378    14.604     0.086    21.799   MOON_BRIGHT
   116.02198            I.180427_0031.C  146.1212080  -31.7314814 4143.1166   4.35299    14.543     0.251    21.970   _
   116.08464            I.180427_0201.C  146.1212132  -31.7314810 4002.4096   5.92962    14.580     0.184    21.952   _
   116.38892            I.180427_0920.A  146.1212096  -31.7315014 3389.4142   39.2613    14.762     0.028    21.235   MOON_BRIGHT
   116.45537            I.180427_1055.A  146.1212254  -31.7314957 3612.8445   25.9749    14.692     0.042    21.608   MOON_BRIGHT
   116.74086            I.180427_1746.S  146.1212217  -31.7314917 3553.4740   19.5136    14.710     0.056    22.195   MOON_BRIGHT
   116.80366            I.180427_1917.S  146.1212187  -31.7314919 3954.3130   8.85683    14.593     0.123    22.214   MOON_BRIGHT
   116.86976            I.180427_2052.S  146.1212178  -31.7314859 3221.5790   42.1702    14.817     0.026    21.829   MOON_BRIGHT
   117.00274            I.180428_0003.C  146.1212097  -31.7314892 4010.5897   1.75749    14.578     0.621    21.860   _
   117.06569            I.180428_0134.C  146.1212113  -31.7314708 4101.1508   3.85566    14.554     0.283    21.881   _
   117.38854            I.180428_0919.A  146.1212142  -31.7314906 3434.6968   15.6158    14.747     0.070    21.814   MOON_BRIGHT
   117.45696            I.180428_1058.A  146.1212180  -31.7314976 3561.3307   31.5711    14.708     0.035    21.595   MOON_BRIGHT
   117.73591            I.180428_1739.S  146.1212158  -31.7315059 2819.1835   25.2065    14.963     0.043    20.646   _
   117.80244            I.180428_1915.S  146.1212400  -31.7315217 3234.3690   7.99985    14.813     0.136    20.317   MOON_BRIGHT
   117.87021            I.180428_2053.S  146.1212219  -31.7314987 3494.8306   7.68722    14.728     0.142    21.111   MOON_BRIGHT
   117.99337            I.180428_2350.C  146.1212277  -31.7315139 4206.7513   0.90388    14.526     1.207    20.061   MOON_BRIGHT
   118.05601            I.180429_0120.C  146.1212242  -31.7315168 3266.2665   3.12914    14.802     0.349    20.030   _
   118.11851            I.180429_0250.C  146.1212777  -31.7315294 2991.1116   16.9368    14.898     0.065    19.260   _
   118.39880            I.180429_0934.A  146.1212100  -31.7314860 4138.5811   4.53208    14.544     0.241    21.967   MOON_BRIGHT
   118.46752            I.180429_1113.A  146.1212189  -31.7314924 3556.6038   20.1014    14.709     0.054    21.706   MOON_BRIGHT
   118.73773            I.180429_1742.S  146.1212121  -31.7314957 3220.7420   36.9753    14.817     0.030    21.814   _
   118.80162            I.180429_1914.S  146.1212268  -31.7314987 2875.8010   84.3702    14.941     0.013    21.531   MOON_BRIGHT
   118.86914            I.180429_2051.S  146.1212216  -31.7314989 3188.6065   43.0578    14.828     0.025    21.713   MOON_BRIGHT
   118.99752            I.180429_2356.C  146.1212040  -31.7314941 3767.5787   10.7711    14.646     0.101    21.969   MOON_BRIGHT
   119.05877            I.180430_0124.C  146.1212110  -31.7314901 3911.7776   7.45303    14.605     0.146    21.930   MOON_BRIGHT
   119.11800            I.180430_0249.C  146.1212153  -31.7314974 5031.1589   7.69672    14.331     0.142    21.639   _
   119.38866            I.180430_0919.A  146.1212154  -31.7314876 3694.2627   22.8961    14.668     0.048    21.557   MOON_BRIGHT
   119.45192            I.180430_1050.A  146.1212211  -31.7314928 3322.0478   51.1843    14.783     0.021    21.421   MOON_BRIGHT
   119.73179            I.180430_1733.S  146.1212113  -31.7314891 3069.3414   10.9922    14.870     0.099    22.530   _
   119.80488            I.180430_1919.S  146.1212156  -31.7314943 3336.8401   9.33463    14.779     0.117    22.484   _
   119.99959            I.180430_2359.C  146.1212665  -31.7316741 1686.0981   7.19581    15.523     0.154    17.382   MOON_BRIGHT
   121.38912            I.180502_0920.A  146.1212138  -31.7314805 3709.6398   22.2693    14.663     0.049    22.205   MOON_BRIGHT
   121.45039            I.180502_1048.A  146.1212190  -31.7314649 3950.7964   12.5617    14.594     0.087    22.128   MOON_BRIGHT
   121.50917            I.180502_1213.A  146.1212173  -31.7314743 3894.8590   10.1061    14.610     0.108    21.535   MOON_BRIGHT
   121.82999            I.180502_1955.S  146.1212227  -31.7315021 3040.1550   73.2480    14.880     0.015    21.887   _
   121.98757            I.180502_2342.C  146.1212042  -31.7314953 4288.8323   11.7423    14.505     0.093    22.032   MOON_BRIGHT
   122.05535            I.180503_0119.C  146.1212085  -31.7314970 2993.5710   13.3060    14.897     0.082    21.119   MOON_BRIGHT
   122.73407            I.180503_1737.S  146.1212126  -31.7314931 3346.9047   30.6401    14.775     0.036    22.171   _
   122.79889            I.180503_1910.S  146.1212183  -31.7314946 4013.3182   7.55396    14.577     0.144    22.311   _
   122.86065            I.180503_2039.S  146.1212121  -31.7314945 3434.4416   10.4998    14.747     0.104    22.581   _
   122.98863            I.180503_2343.C  146.1212139  -31.7314934 3021.1418   21.3730    14.887     0.051    22.289   MOON_BRIGHT
   123.06274            I.180504_0130.C  146.1212120  -31.7314936 3794.1822   10.9278    14.638     0.100    22.346   MOON_BRIGHT
   123.39677            I.180504_0931.A  146.1212114  -31.7314943 3398.0400   67.9256    14.759     0.016    21.874   MOON_BRIGHT
   123.45954            I.180504_1101.A  146.1212212  -31.7314954 3259.4480   74.3041    14.804     0.015    21.556   MOON_BRIGHT
   123.73583            I.180504_1739.S  146.1212108  -31.7314927 3160.4710   13.1835    14.838     0.083    22.527   _
   123.79904            I.180504_1910.S  146.1212155  -31.7314938 3266.4822   19.5226    14.802     0.056    22.713   _
   124.00046            I.180505_0000.C  146.1212124  -31.7314922 3180.6770   16.0438    14.831     0.068    22.499   MOON_BRIGHT
   124.07310            I.180505_0145.C  146.1212194  -31.7314938 4049.2258   15.3532    14.568     0.071    22.405   MOON_BRIGHT
   124.39189            I.180505_0924.A  146.1212389  -31.7314850 2771.5541   160.491    14.981     0.007    21.326   MOON_BRIGHT
   124.45963            I.180505_1101.A  146.1212203  -31.7314957 3546.1979   48.1502    14.712     0.023    21.833   MOON_BRIGHT
   124.73234            I.180505_1734.S  146.1212225  -31.7314960 3708.2486   11.0296    14.663     0.099    22.606   _
   124.79485            I.180505_1904.S  146.1212227  -31.7314972 3550.0202   15.5330    14.711     0.070    22.672   _
   124.85470            I.180505_2030.S  146.1212214  -31.7314928 3380.0182   34.1611    14.765     0.032    22.197   _
   125.08917            I.180506_0208.C  146.1212211  -31.7314733 4407.2609   16.4827    14.475     0.066    22.010   MOON_BRIGHT
   125.45946            I.180506_1101.A  146.1212189  -31.7314798 4064.1442   10.8439    14.563     0.101    22.241   MOON_BRIGHT
   125.72819            I.180506_1728.S  146.1212163  -31.7314924 3872.2044   2.56419    14.616     0.425    22.002   _
   125.79537            I.180506_1905.S  146.1212248  -31.7314880 3757.4905   12.2750    14.649     0.089    22.482   _
   126.03075            I.180507_0044.C  146.1212183  -31.7315028 4341.1089   2.44539    14.492     0.446    21.262   MOON_BRIGHT
   126.39698            I.180507_0931.A  146.1212175  -31.7314800 3959.8982   16.0228    14.592     0.068    22.217   _
   126.46252            I.180507_1106.A  -99.9999999  -99.9999999 -99.99999    -99.99   -99.999   -99.999   -99.999   PSF_ERROR_BAD_IMAGE
   126.99469            I.180507_2352.C  146.1212090  -31.7314981 4396.4724   2.27403    14.478     0.480    21.341   MOON_BRIGHT
   127.05622            I.180508_0120.C  146.1212231  -31.7314923 3503.6727   22.3929    14.725     0.049    21.457   MOON_BRIGHT
   127.38711            I.180508_0917.A  146.1212397  -31.7315210 2752.6789   11.9984    14.989     0.091    19.846   _
   127.99750            I.180508_2356.C  146.1212163  -31.7314938 4515.8782   3.82862    14.449     0.285    21.691   MOON_BRIGHT
   128.06214            I.180509_0129.C  146.1212257  -31.7314993 3601.1428   48.4934    14.695     0.023    21.590   MOON_BRIGHT
   128.38889            I.180509_0919.A  146.1212073  -31.7314659 3990.0107   13.9125    14.584     0.078    22.148   _
   128.45336            I.180509_1052.A  146.1212128  -31.7314646 4210.6029   10.5914    14.525     0.103    22.082   _
   128.74852            I.180509_1757.S  146.1212178  -31.7314934 3621.9603   12.4045    14.689     0.088    22.531   _
   128.81252            I.180509_1930.S  146.1212230  -31.7314906 3709.7429   6.04557    14.663     0.180    22.534   _
   129.74343            I.180510_1750.S  146.1212210  -31.7315056 3285.1828   4.92801    14.796     0.221    20.968   _
   129.81072            I.180510_1927.S  146.1212558  -31.7315116 3329.0929   1.94893    14.781     0.560    19.925   _
   130.00059            I.180511_0000.C  146.1212175  -31.7314972 4466.2100   6.97577    14.461     0.156    22.210   MOON_BRIGHT
   130.07226            I.180511_0144.C  146.1212102  -31.7314961 3563.5797   14.6610    14.707     0.074    22.270   MOON_BRIGHT
   130.73472            I.180511_1738.S  146.1212189  -31.7314968 3891.4070   21.8532    14.611     0.050    22.084   _
   130.80152            I.180511_1914.S  146.1212246  -31.7314926 3534.5635   47.7303    14.716     0.023    22.188   _
   130.99840            I.180511_2357.C  146.1212181  -31.7314961 3853.8529   9.01704    14.621     0.121    22.446   MOON_BRIGHT
   131.06625            I.180512_0135.C  146.1212303  -31.7314974 5939.2481   1.48260    14.150     0.736    22.327   MOON_BRIGHT
   131.46147            I.180512_1104.A  146.1212494  -31.7315075 2989.1649   61.6416    14.899     0.018    20.764   _
   131.73573            I.180512_1739.S  146.1212219  -31.7314919 3895.3134   12.0814    14.610     0.090    22.328   _
   131.80318            I.180512_1916.S  146.1212164  -31.7314966 3584.3888   19.8913    14.701     0.055    22.360   _
   131.99519            I.180512_2353.C  146.1212130  -31.7314894 4698.8941   3.52570    14.405     0.309    21.999   _
   132.05875            I.180513_0124.C  146.1212132  -31.7314893 4064.9911   12.5293    14.563     0.087    21.959   MOON_BRIGHT
   132.39424            I.180513_0927.A  146.1212219  -31.7314797 4064.1315   7.04557    14.564     0.155    22.205   _
   132.46551            I.180513_1110.A  146.1212279  -31.7314889 3699.2512   14.4928    14.666     0.075    22.328   _
   132.74325            I.180513_1750.S  146.1212205  -31.7314923 3715.0682   19.1572    14.661     0.057    22.046   _
   132.80862            I.180513_1924.S  146.1212111  -31.7314903 3835.8373   8.96875    14.627     0.122    22.416   _
   133.38601            I.180514_0915.A  146.1212193  -31.7314944 3146.1771   90.6354    14.843     0.012    21.606   _
   133.45154            I.180514_1050.A  146.1212254  -31.7314988 3854.0574   24.3146    14.621     0.045    21.952   _
   133.73487            I.180514_1738.S  146.1212159  -31.7314947 3456.4852   14.4112    14.740     0.076    22.367   _
   133.81376            I.180514_1931.S  146.1212075  -31.7314951 3543.3077   14.3933    14.713     0.076    22.356   _
   133.98734            I.180514_2341.C  146.1212097  -31.7315031 3377.1658   44.6378    14.766     0.024    21.535   _
   134.05883            I.180515_0124.C  146.1212180  -31.7314971 4770.3722   14.6073    14.389     0.075    22.124   _
   134.38897            I.180515_0920.A  146.1212176  -31.7314825 4147.5000   6.08354    14.541     0.179    22.110   _
   134.45253            I.180515_1051.A  146.1212295  -31.7314719 3774.3630   25.3454    14.644     0.043    22.011   _
   134.73779            I.180515_1742.S  146.1212133  -31.7314978 3726.1422   4.18058    14.658     0.261    22.497   _
   134.74096            I.180515_1746.S  146.1212090  -31.7314983 3696.9632   5.05812    14.667     0.216    22.406   _
   134.98292            I.180515_2335.C  146.1212127  -31.7314960 3328.2657   10.2754    14.781     0.106    22.074   _
   135.05034            I.180516_0112.C  146.1212176  -31.7314852 3324.5899   17.8216    14.783     0.061    22.286   _
   135.37372            I.180516_0858.A  146.1212345  -31.7314893 2950.3634   127.731    14.913     0.009    21.427   _
   135.43927            I.180516_1032.A  146.1212308  -31.7314905 3756.7388   24.6262    14.649     0.044    21.759   _
   135.73917            I.180516_1744.S  146.1212184  -31.7314959 2971.0499   26.3884    14.905     0.041    22.594   MOON_BRIGHT
   135.80678            I.180516_1921.S  146.1212162  -31.7314919 3594.7720   12.2205    14.697     0.089    22.500   MOON_BRIGHT
   135.99674            I.180516_2355.C  146.1212141  -31.7314966 4243.4631   6.93420    14.516     0.157    22.395   _
   136.05753            I.180517_0122.C  146.1212147  -31.7314880 3995.9881   10.8261    14.582     0.101    22.349   _
   136.38451            I.180517_0913.A  146.1212155  -31.7314894 3918.2053   13.1790    14.603     0.083    22.240   _
   136.44747            I.180517_1044.A  146.1212299  -31.7314697 3935.4265   23.8771    14.599     0.046    21.928   _
   136.73870            I.180517_1743.S  146.1212227  -31.7314950 3435.9118   12.0792    14.747     0.090    22.589   MOON_BRIGHT
   136.80095            I.180517_1913.S  146.1212222  -31.7315015 3208.9533   25.7889    14.821     0.042    22.573   MOON_BRIGHT
   136.98517            I.180517_2338.C  146.1212167  -31.7315034 3792.9775   3.47517    14.639     0.314    20.705   _
   137.00699            I.180518_0010.C  146.1212095  -31.7314936 4553.8914   2.40610    14.439     0.453    21.849   _
   137.02814            I.180518_0040.C  146.1212159  -31.7314956 4197.8932   7.77874    14.528     0.140    22.220   _
   137.05089            I.180518_0113.C  146.1212163  -31.7314947 4040.5994   8.92786    14.570     0.122    22.455   _
   137.38575            I.180518_0915.A  146.1212251  -31.7314798 3138.1399   90.3319    14.846     0.012    21.530   _
   137.45383            I.180518_1053.A  146.1212306  -31.7314961 4232.5369   10.9467    14.519     0.100    21.792   _
   137.73851            I.180518_1743.S  146.1213657  -31.7315812 3310.8013   1.45523    14.787     0.750    17.209   MOON_BRIGHT
   137.97725            I.180518_2327.C  146.1212148  -31.7314980 4186.3987   6.79226    14.531     0.161    22.092   _
   138.02817            I.180519_0040.C  146.1212111  -31.7314967 4174.2569   34.8770    14.534     0.031    22.002   _
   138.05644            I.180519_0121.C  146.1212233  -31.7314966 4558.8688   20.7586    14.438     0.053    22.130   _
   138.37888            I.180519_0905.A  146.1212175  -31.7314979 3488.7880   54.1783    14.730     0.020    21.824   _
   138.45156            I.180519_1050.A  146.1212373  -31.7314868 3291.1267   82.5905    14.794     0.013    21.664   _
   138.95632            I.180519_2257.C  146.1212030  -31.7314869 3587.7601   5.58755    14.700     0.195    21.757   _
   139.00664            I.180520_0009.C  146.1212123  -31.7314942 5011.1066   0.63187    14.335     1.727    22.205   _
   139.03743            I.180520_0053.C  146.1212077  -31.7314923 4934.0916   4.27707    14.352     0.255    22.096   _
   139.44483            I.180520_1040.A  146.1212223  -31.7314957 3266.6853   72.1294    14.802     0.015    21.376   _
   139.97242            I.180520_2320.C  146.1212054  -31.7314878 3552.7233   8.95299    14.710     0.122    22.027   _
   140.01740            I.180521_0025.C  146.1212202  -31.7315024 4888.7595   9.64057    14.362     0.113    21.972   _
   140.04668            I.180521_0107.C  146.1212231  -31.7315009 4451.5044   36.8715    14.464     0.030    21.726   _
   140.38380            I.180521_0912.A  146.1212132  -31.7314961 4008.5166   11.5372    14.579     0.095    21.952   _
   140.97113            I.180521_2318.C  146.1212105  -31.7314905 4841.0705   0.70085    14.373     1.557    22.191   _
   141.01644            I.180522_0023.C  146.1212099  -31.7314948 5318.2442   1.49419    14.270     0.730    21.929   _
   141.04590            I.180522_0106.C  146.1212117  -31.7314937 4904.5392   2.26987    14.358     0.481    21.944   _
   141.40528            I.180522_0943.A  146.1212271  -31.7314912 3158.5279   86.2158    14.839     0.013    21.588   MOON_BRIGHT
   141.98242            I.180522_2334.C  146.1212136  -31.7314822 3583.7311   8.14281    14.701     0.134    22.371   _
   142.05087            I.180523_0113.C  146.1212070  -31.7314813 3884.9826   4.39940    14.613     0.248    22.442   _
   142.38355            I.180523_0912.A  146.1212214  -31.7314809 2951.0674   111.789    14.913     0.010    21.429   MOON_BRIGHT
   142.44935            I.180523_1047.A  146.1212350  -31.7314714 3265.8750   91.1469    14.802     0.012    21.779   MOON_BRIGHT
   142.72576            I.180523_1725.S  146.1212090  -31.7314960 3704.7469   7.59506    14.665     0.144    21.983   MOON_BRIGHT
   142.79588            I.180523_1906.S  146.1212128  -31.7315035 3034.3408   9.76397    14.882     0.112    20.997   MOON_BRIGHT
   142.97751            I.180523_2327.C  146.1212046  -31.7314997 3601.1350   9.85423    14.695     0.111    22.436   _
   143.04350            I.180524_0102.C  146.1212113  -31.7314900 4742.9726   4.69160    14.395     0.233    22.223   _
   143.97524            I.180524_2324.C  146.1212126  -31.7314923 4089.3007   6.75007    14.557     0.162    22.239   _
   144.03641            I.180525_0052.C  146.1212170  -31.7314945 4071.4544   6.42473    14.562     0.170    22.153   _
   144.37981            I.180525_0906.A  146.1212099  -31.7314829 3250.5607   18.9094    14.807     0.058    22.339   MOON_BRIGHT
   144.97411            I.180525_2322.C  146.1212101  -31.7314859 3807.8108   7.26758    14.635     0.150    22.180   _
   145.03483            I.180526_0050.C  146.1212150  -31.7314895 4178.3886   7.50259    14.533     0.145    22.138   _
   145.71863            I.180526_1714.S  146.1212111  -31.7314931 3825.4269   8.93185    14.630     0.122    21.944   MOON_BRIGHT
   145.78211            I.180526_1846.S  146.1212122  -31.7314926 3866.5073   5.62062    14.618     0.194    22.058   MOON_BRIGHT
   145.98109            I.180526_2332.C  146.1212088  -31.7314981 5107.8109   4.63832    14.314     0.235    21.753   MOON_BRIGHT
   146.04147            I.180527_0059.C  146.1212173  -31.7314977 4795.9574   7.08935    14.383     0.154    21.799   _
   146.73535            I.180527_1738.S  146.1212120  -31.7314958 3444.2682   12.5373    14.744     0.087    22.322   MOON_BRIGHT
   146.79748            I.180527_1908.S  -99.9999999  -99.9999999 -99.99999    -99.99   -99.999   -99.999   -99.999   PSF_ERROR_BAD_IMAGE
   146.98422            I.180527_2337.C  146.1212077  -31.7314805 4152.8638   4.60297    14.540     0.237    21.931   MOON_BRIGHT
   147.37770            I.180528_0903.A  146.1212101  -31.7314929 4181.0148   4.37781    14.533     0.249    21.957   MOON_BRIGHT
   148.38043            I.180529_0907.A  146.1212096  -31.7314814 3828.5648   6.16336    14.629     0.177    22.082   MOON_BRIGHT
   148.39182            I.180529_0924.A  146.1212157  -31.7314738 3741.9711   9.83533    14.654     0.111    22.015   MOON_BRIGHT
   148.74490            I.180529_1752.S  146.1212165  -31.7314937 3866.2738   9.82647    14.618     0.111    21.724   _
   149.73302            I.180530_1735.S  146.1212214  -31.7315066 3617.2190   3.59788    14.691     0.303    20.488   _
   150.37544            I.180531_0900.A  146.1212331  -31.7314996 3627.1636   34.0873    14.688     0.032    21.378   MOON_BRIGHT
   150.72198            I.180531_1719.S  146.1212206  -31.7314917 3629.2466   30.7861    14.687     0.035    22.030   _
   150.97561            I.180531_2324.C  146.1212170  -31.7314961 4324.5326   14.0137    14.496     0.078    21.876   MOON_BRIGHT
   151.03753            I.180601_0054.C  146.1212166  -31.7315021 4072.6910   13.5691    14.561     0.080    21.812   MOON_BRIGHT
   151.38731            I.180601_0917.A  146.1212282  -31.7314979 4175.3285   12.1593    14.534     0.090    21.666   MOON_BRIGHT
   151.97697            I.180601_2326.C  146.1212140  -31.7315012 4347.1668   6.57568    14.490     0.166    22.181   MOON_BRIGHT
   152.72014            I.180602_1717.S  146.1212199  -31.7314954 4046.0277   13.9586    14.568     0.078    22.095   _
   152.97219            I.180602_2319.C  146.1212163  -31.7314971 3521.1953   17.7453    14.720     0.061    22.662   MOON_BRIGHT
   153.38384            I.180603_0912.A  146.1212270  -31.7314932 3922.2829   18.8258    14.602     0.058    21.778   MOON_BRIGHT
   153.98072            I.180603_2332.C  -99.9999999  -99.9999999 -99.99999    -99.99   -99.999   -99.999   -99.999   PSF_ERROR_BAD_IMAGE
   154.37301            I.180604_0857.A  146.1212188  -31.7314936 4372.7848   3.43825    14.484     0.317    21.957   _
   154.71984            I.180604_1716.S  146.1212120  -31.7314975 3777.0704   12.0518    14.643     0.091    22.009   _
   154.77662            I.180604_1838.S  146.1212351  -31.7314951 3389.9390   54.2370    14.761     0.020    21.654   _
   154.96961            I.180604_2316.C  146.1212167  -31.7314955 3991.2447   14.3490    14.583     0.076    22.181   MOON_BRIGHT
   155.37902            I.180605_0905.A  146.1212268  -31.7315029 3471.7371   44.4673    14.735     0.025    21.524   _
   155.72641            I.180605_1726.S  146.1212088  -31.7315020 4000.7566   7.12522    14.581     0.153    22.371   _
   156.37648            I.180606_0902.A  146.1212205  -31.7315016 3682.3808   31.7876    14.671     0.034    21.377   _
   156.72366            I.180606_1722.S  146.1212154  -31.7314918 3660.4158   14.6496    14.678     0.074    22.242   _
   156.97395            I.180606_2322.C  146.1212098  -31.7314864 4264.4711   7.66439    14.511     0.142    21.852   MOON_BRIGHT
   157.02794            I.180607_0040.C  146.1212122  -31.7314871 3980.7177   13.0510    14.586     0.084    21.954   MOON_BRIGHT
   157.37847            I.180607_0905.A  146.1212189  -31.7315013 3565.5607   15.1302    14.706     0.072    21.040   _
   157.71756            I.180607_1713.S  146.1212159  -31.7315005 3851.0157   5.92767    14.622     0.184    22.314   _
   157.96463            I.180607_2309.C  146.1212055  -31.7314872 4281.2178   4.94585    14.507     0.221    21.965   MOON_BRIGHT
   158.01802            I.180608_0025.C  146.1212189  -31.7314926 4246.9765   7.10550    14.515     0.154    21.992   MOON_BRIGHT
   158.71546            I.180608_1710.S  146.1212207  -31.7314952 3684.9684   5.03977    14.670     0.216    21.727   _
   158.96061            I.180608_2303.C  146.1212109  -31.7314888 3944.0353   7.29113    14.596     0.150    22.322   MOON_BRIGHT
   159.01279            I.180609_0018.C  146.1212183  -31.7314972 4986.5052   2.23708    14.340     0.488    21.445   MOON_BRIGHT
   160.37215            I.180610_0855.A  146.1212232  -31.7315043 3731.8239   25.6299    14.657     0.043    21.432   _
   161.37294            I.180611_0857.A  146.1212327  -31.7314917 3416.1615   53.2754    14.753     0.021    21.463   _
   161.71080            I.180611_1703.S  146.1212240  -31.7314922 3761.1186   8.29860    14.648     0.131    22.586   _
   162.36970            I.180612_0852.A  146.1212262  -31.7314948 4045.7895   11.5767    14.568     0.094    21.723   _
   162.71157            I.180612_1704.S  146.1212245  -31.7314961 3655.4791   14.0864    14.679     0.077    22.523   _
   162.96939            I.180612_2315.C  146.1212041  -31.7315044 3810.6678   32.2529    14.634     0.034    21.944   _
   163.37718            I.180613_0903.A  146.1212356  -31.7314951 2808.8022   115.052    14.967     0.010    21.039   _
   163.71213            I.180613_1705.S  146.1212179  -31.7314945 3834.3973   16.1241    14.627     0.068    22.222   MOON_BRIGHT
   163.96627            I.180613_2311.C  146.1212069  -31.7314977 3629.7362   13.4740    14.687     0.081    22.461   _
   164.37031            I.180614_0853.A  146.1212397  -31.7315013 3230.9031   56.5099    14.814     0.019    21.070   _
   164.96788            I.180614_2313.C  146.1212127  -31.7314879 3587.7549   14.1897    14.700     0.077    22.487   _
   166.70936            I.180616_1701.S  146.1212346  -31.7315037 3419.0107   13.6999    14.752     0.080    20.279   MOON_BRIGHT
   166.97648            I.180616_2326.C  146.1212096  -31.7314934 4189.9333   11.3095    14.530     0.096    22.453   _
   167.97435            I.180617_2323.C  146.1212129  -31.7314821 4197.8598   9.66127    14.528     0.113    22.250   _
   168.97259            I.180618_2320.C  146.1212062  -31.7314877 4288.6264   5.46394    14.505     0.200    22.112   _
   169.37392            I.180619_0858.A  146.1212210  -31.7314896 3148.9134   78.7511    14.842     0.014    21.498   _
   169.96225            I.180619_2305.C  146.1212119  -31.7314929 4659.7283   4.15910    14.414     0.262    21.990   _
   170.71046            I.180620_1703.S  146.1212192  -31.7314962 3243.1908   59.4177    14.810     0.018    21.755   MOON_BRIGHT
   170.95159            I.180620_2250.C  146.1212134  -31.7314980 3780.9973   16.9842    14.642     0.064    21.610   _
   171.37235            I.180621_0856.A  146.1212242  -31.7314978 3339.5239   61.5789    14.778     0.018    21.500   MOON_BRIGHT
   171.95222            I.180621_2251.C  146.1212163  -31.7315054 4948.4764   1.99371    14.349     0.547    21.319   _
   172.36810            I.180622_0850.A  146.1212129  -31.7314995 3812.3181   19.2138    14.633     0.057    21.336   MOON_BRIGHT
   172.70594            I.180622_1656.S  146.1212149  -31.7314935 3179.4230   17.5825    14.831     0.062    22.379   MOON_BRIGHT
   172.95605            I.180622_2256.C  146.1212180  -31.7315031 4239.5378   8.05560    14.517     0.135    21.236   _
   173.36787            I.180623_0849.A  146.1212282  -31.7314967 3713.9481   25.5686    14.662     0.043    21.382   MOON_BRIGHT
   173.95214            I.180623_2251.C  146.1212147  -31.7314969 3710.3616   10.6467    14.663     0.102    21.539   _
   174.36390            I.180624_0844.A  146.1212201  -31.7315018 3951.1748   17.7659    14.594     0.061    21.533   MOON_BRIGHT
   174.70708            I.180624_1658.S  146.1212148  -31.7314919 4082.6075   7.20125    14.559     0.151    22.080   MOON_BRIGHT
   174.95338            I.180624_2252.C  146.1212395  -31.7314972 2697.0175   88.5947    15.011     0.012    20.662   MOON_BRIGHT
   175.36274            I.180625_0842.A  146.1212219  -31.7314953 4040.0449   10.3061    14.570     0.106    21.440   MOON_BRIGHT
   175.70418            I.180625_1654.S  146.1212289  -31.7315305 2713.2878   23.5290    15.004     0.047    19.493   MOON_BRIGHT
   175.94955            I.180625_2247.C  146.1212179  -31.7315058 3841.0928   9.18832    14.625     0.119    20.934   MOON_BRIGHT
   176.35823            I.180626_0835.A  146.1212204  -31.7314962 4039.9405   11.0427    14.570     0.099    21.582   MOON_BRIGHT
   176.70551            I.180626_1655.S  146.1212136  -31.7314976 3957.6130   7.08253    14.592     0.154    21.875   _
   176.96586            I.180626_2310.C  146.1212087  -31.7314893 4269.0750   3.21270    14.510     0.340    22.254   MOON_BRIGHT
   177.95388            I.180627_2253.C  146.1212085  -31.7314790 4539.6732   1.96971    14.443     0.554    21.860   MOON_BRIGHT