; SOURCE_NAME : oh_gal
; SOURCE_RA_DEC	[146.12331, 146.1186771, 146.1211579, 146.1252263, 146.1211737]	[-31.72825, -31.72441639, -31.7266625, -31.72913221, -31.73156611]
; NUMBER_OF_REFERENCES	13
; Nilou Afsari	180627_2251
; OBSDAY2018                     STRTXT     RA_MC(")    DEC_MC(") Flux(uJy)       SNR    MAG_MC MAGERR_MC    LIM_MC   NOTE
    37.46196            V.180207_1105.A  146.1212002  -31.7315015 2419.0124   34.4988    15.518     0.032    22.026   MOON_BRIGHT
    37.51028            V.180207_1214.A  146.1211959  -31.7315047 2539.2144   23.3000    15.465     0.047    22.358   MOON_BRIGHT
    37.80196            V.180207_1914.S  -99.9999999  -99.9999999 -99.99999    -99.99   -99.999   -99.999   -99.999   PSF_ERROR_BAD_IMAGE
    37.80477            V.180207_1918.S  -99.9999999  -99.9999999 -99.99999    -99.99   -99.999   -99.999   -99.999   PSF_ERROR_BAD_IMAGE
    38.03818            V.180208_0054.C  146.1212099  -31.7315004 2061.2791   55.4662    15.692     0.020    21.946   MOON_BRIGHT
    38.06505            V.180208_0133.C  146.1211977  -31.7315100 2439.3518   32.0346    15.509     0.034    22.168   MOON_BRIGHT
    38.10010            V.180208_0224.C  146.1212059  -31.7315015 2945.1466   2.94582    15.303     0.370    22.590   MOON_BRIGHT
    38.45528            V.180208_1055.A  146.1212226  -31.7315122 1829.1399   21.6201    15.823     0.051    20.264   MOON_BRIGHT
    38.47821            V.180208_1128.A  146.1212080  -31.7314694 2229.4100   58.5358    15.607     0.019    22.023   MOON_BRIGHT
    38.80818            V.180208_1923.S  146.1212144  -31.7314973 1875.5891   34.1670    15.795     0.032    22.979   _
    39.83812            V.180209_2006.S  146.1212093  -31.7314955 1693.1496   144.869    15.907     0.008    21.999   _
    39.83953            V.180209_2008.S  146.1212110  -31.7315051 1771.1866   129.846    15.858     0.009    22.107   _
    39.89378            V.180209_2127.S  146.1212298  -31.7315076 1779.9148   86.8676    15.852     0.013    21.660   _
    40.79058            V.180210_1858.S  146.1212375  -31.7314837 1968.1786   78.3246    15.743     0.014    22.183   _
    40.87704            V.180210_2102.S  146.1212139  -31.7314988 2085.5863   30.3268    15.680     0.036    22.804   _
    41.60462            V.180211_1430.A  146.1212204  -31.7314876 2289.7499   18.9933    15.578     0.057    22.370   MOON_BRIGHT
    41.66545            V.180211_1558.A  146.1212221  -31.7314911 2316.1368   15.5044    15.565     0.070    22.635   MOON_BRIGHT
    41.72572            V.180211_1725.A  146.1212287  -31.7314876 2575.6773   4.86101    15.449     0.224    22.451   MOON_BRIGHT
    43.60488            V.180213_1431.A  146.1212050  -31.7314786 3320.2469   33.5603    15.172     0.033    22.363   _
    43.67616            V.180213_1613.A  146.1212240  -31.7314946 2330.8717   17.7561    15.558     0.061    22.522   MOON_BRIGHT
    43.74058            V.180213_1746.A  146.1212312  -31.7314985 2318.4000   16.3073    15.564     0.067    22.366   MOON_BRIGHT
    46.43819            V.180216_1031.A  146.1212020  -31.7315072 2090.0198   60.1680    15.677     0.018    22.314   _
    46.48083            V.180216_1132.A  146.1212093  -31.7314959 2523.2363   23.3881    15.472     0.047    22.410   _
    46.53187            V.180216_1245.A  146.1212093  -31.7314901 2095.9333   43.0244    15.674     0.025    22.372   _
    47.44345            V.180217_1038.A  146.1211876  -31.7315207 2007.2837   79.0451    15.721     0.014    21.700   _
    47.49082            V.180217_1146.A  146.1212156  -31.7315009 2365.3984   21.2597    15.542     0.051    22.255   _
    48.43356            V.180218_1024.A  146.1212067  -31.7315057 2026.4953   59.2502    15.711     0.019    21.726   _
    48.48505            V.180218_1138.A  146.1212011  -31.7314855 2715.2750   45.7436    15.392     0.024    21.865   _
    48.53587            V.180218_1251.A  146.1212062  -31.7314755 2569.2430   28.2744    15.452     0.039    22.134   _
    48.56024            V.180218_1326.A  146.1213436  -31.7316060 43596.002   2.21958    12.363   -99.999    19.241   _
    48.80274            V.180218_1915.S  146.1212142  -31.7314906 1771.0573   118.027    15.858     0.009    21.949   MOON_BRIGHT
    48.83450            V.180218_2001.S  146.1212087  -31.7315095 1732.8155   135.027    15.882     0.008    22.063   MOON_BRIGHT
    48.89350            V.180218_2126.S  146.1212012  -31.7314892 1842.2151   81.3901    15.815     0.014    22.434   _
    49.04231            V.180219_0100.C  146.1212051  -31.7315075 2499.4341   18.1731    15.482     0.060    22.089   _
    49.10225            V.180219_0227.C  146.1212171  -31.7315001 2813.9078   3.60164    15.353     0.303    22.564   _
    49.20586            V.180219_0456.C  146.1212164  -31.7314954 2566.2668   5.48348    15.453     0.199    22.556   _
    49.79641            V.180219_1906.S  146.1212029  -31.7315164 1964.2741   24.2113    15.745     0.045    21.718   MOON_BRIGHT
    49.83206            V.180219_1958.S  146.1212096  -31.7314851 2152.4601   18.3749    15.645     0.059    22.851   MOON_BRIGHT
    49.88550            V.180219_2115.S  146.1212112  -31.7314927 2089.4029   23.0562    15.678     0.047    22.703   _
    49.96613            V.180219_2311.S  -99.9999999  -99.9999999 -99.99999    -99.99   -99.999   -99.999   -99.999   PSF_ERROR_BAD_IMAGE
    50.03655            V.180220_0052.C  146.1212067  -31.7314989 2333.3491   17.9821    15.557     0.061    22.208   _
    50.06395            V.180220_0132.C  146.1212082  -31.7315007 2837.6372   5.77923    15.344     0.189    22.248   _
    50.11883            V.180220_0251.C  146.1212097  -31.7314966 2358.5369   17.1518    15.545     0.064    22.488   _
    50.23850            V.180220_0543.C  146.1212130  -31.7314985 3168.0003   4.08406    15.224     0.267    22.472   _
    50.78470            V.180220_1849.S  146.1212082  -31.7314996 1983.5264   55.2524    15.734     0.020    22.269   MOON_BRIGHT
    50.81155            V.180220_1928.S  146.1212084  -31.7315057 2095.3719   18.6789    15.674     0.058    22.643   MOON_BRIGHT
    50.86206            V.180220_2041.S  146.1212145  -31.7314938 1844.9499   53.1153    15.813     0.021    22.520   MOON_BRIGHT
    50.93182            V.180220_2221.S  146.1211832  -31.7316296 -99.99999    -99.99   -99.999   -99.999    17.647   _
    51.04387            V.180221_0103.C  146.1212147  -31.7314973 2386.4927   21.3733    15.533     0.051    22.236   _
    51.11358            V.180221_0243.C  146.1212073  -31.7315010 2568.5944   7.00777    15.452     0.156    22.626   _
    51.19514            V.180221_0441.C  146.1212152  -31.7315005 2307.4644   7.60026    15.569     0.144    22.833   _
    51.26459            V.180221_0621.C  146.1212106  -31.7315028 2389.8674   16.2524    15.531     0.067    22.808   _
    51.43633            V.180221_1028.A  146.1212167  -31.7314962 1931.5869   37.4810    15.763     0.029    21.461   _
    51.46753            V.180221_1113.A  146.1212106  -31.7314952 1994.6811   36.9601    15.728     0.030    21.577   _
    51.47172            V.180221_1119.A  146.1212285  -31.7315153 1796.2839   24.0403    15.842     0.045    20.735   _
    51.51338            V.180221_1219.A  146.1212162  -31.7314924 2209.9768   17.3751    15.616     0.063    21.729   _
    51.57480            V.180221_1347.A  146.1212225  -31.7314993 2337.1399   16.4960    15.555     0.066    22.567   _
    51.63625            V.180221_1516.A  146.1212359  -31.7315073 1725.1129   70.9853    15.887     0.016    21.813   _
    51.79006            V.180221_1857.S  146.1212058  -31.7315002 2033.8394   43.3383    15.707     0.025    22.258   MOON_BRIGHT
    51.82457            V.180221_1947.S  146.1212116  -31.7315037 2136.5022   31.3328    15.653     0.035    22.385   MOON_BRIGHT
    53.04458            V.180223_0104.C  146.1212110  -31.7315043 2265.3129   33.0644    15.589     0.033    21.636   _
    53.09698            V.180223_0219.C  146.1212111  -31.7315011 2511.0313   9.63188    15.477     0.113    21.952   _
    53.18360            V.180223_0424.C  146.1212173  -31.7314918 2314.8607   9.25238    15.566     0.118    22.835   _
    53.24616            V.180223_0554.C  146.1212142  -31.7314922 2067.3873   13.8413    15.689     0.079    22.942   _
    53.82507            V.180223_1948.S  146.1212295  -31.7315058 1927.2107   63.1012    15.766     0.017    21.593   MOON_BRIGHT
    53.88475            V.180223_2114.S  146.1212186  -31.7315011 1776.6122   81.9111    15.855     0.014    21.658   MOON_BRIGHT
    53.96620            V.180223_2311.S  146.1212179  -31.7314844 1761.7017   94.2021    15.864     0.012    22.145   MOON_BRIGHT
    54.03872            V.180224_0055.S  146.1212351  -31.7315037 1761.9839   108.462    15.864     0.010    22.001   MOON_BRIGHT
    55.05824            V.180225_0123.C  146.1212114  -31.7315029 2363.0628   17.7749    15.543     0.061    22.416   _
    55.11015            V.180225_0238.C  146.1212065  -31.7315038 2487.6532   4.49367    15.487     0.243    22.430   _
    55.19664            V.180225_0443.C  146.1212069  -31.7314925 1587.9578   23.7675    15.977     0.046    22.852   _
    55.26507            V.180225_0621.C  146.1212145  -31.7314999 2057.1790   21.7705    15.695     0.050    22.965   _
    55.78182            V.180225_1845.S  146.1211966  -31.7315025 1927.6108   28.5029    15.766     0.038    21.686   MOON_BRIGHT
    55.81321            V.180225_1931.S  146.1211998  -31.7314890 2020.8706   27.8982    15.714     0.039    21.428   MOON_BRIGHT
    55.86817            V.180225_2050.S  146.1212035  -31.7315067 2188.7636   18.8282    15.627     0.058    21.809   MOON_BRIGHT
    55.94316            V.180225_2238.S  146.1212185  -31.7314939 1996.7353   28.4457    15.727     0.038    21.864   MOON_BRIGHT
    56.01572            V.180226_0022.S  146.1212285  -31.7314944 1709.7531   118.579    15.896     0.009    21.843   MOON_BRIGHT
    57.04623            V.180227_0106.C  146.1212048  -31.7315086 2347.8593   10.4762    15.550     0.104    21.534   _
    57.10267            V.180227_0227.C  146.1212107  -31.7315002 2755.4728   0.87372    15.376     1.249    21.962   _
    57.17985            V.180227_0418.C  146.1212118  -31.7314879 2126.1926   5.64677    15.659     0.193    22.076   _
    57.24531            V.180227_0553.C  146.1212151  -31.7314990 2621.2418   2.17587    15.430     0.501    21.967   _
    57.43014            V.180227_1019.A  146.1212069  -31.7314993 2097.1159   25.1537    15.674     0.043    21.259   MOON_BRIGHT
    57.49956            V.180227_1159.A  146.1212150  -31.7315068 2609.6972   6.28490    15.435     0.174    21.169   MOON_BRIGHT
    57.58672            V.180227_1404.A  146.1212220  -31.7315054 1967.6489   36.4831    15.743     0.030    21.171   _
    57.66052            V.180227_1551.A  146.1212348  -31.7315171 1642.5831   58.9758    15.940     0.019    20.735   _
    57.78591            V.180227_1851.S  146.1212005  -31.7315014 1771.3034   16.5125    15.858     0.066    21.923   MOON_BRIGHT
    57.81387            V.180227_1931.S  146.1212088  -31.7315032 2125.3343   6.66539    15.659     0.164    21.877   MOON_BRIGHT
    57.86598            V.180227_2047.S  146.1212140  -31.7314952 1672.3127   14.3174    15.921     0.076    22.117   MOON_BRIGHT
    57.94843            V.180227_2245.S  146.1212126  -31.7314957 2496.0298   0.49368    15.484     2.210    22.216   MOON_BRIGHT
    58.02133            V.180228_0030.S  146.1212275  -31.7315077 1713.9055   48.6838    15.894     0.023    21.022   MOON_BRIGHT
    59.44668            V.180301_1043.A  146.1212312  -31.7315065 2103.8530   18.9514    15.670     0.058    20.930   MOON_BRIGHT
    59.50862            V.180301_1212.A  146.1212127  -31.7315165 1979.2422   26.1204    15.737     0.042    20.740   MOON_BRIGHT
    59.58597            V.180301_1403.A  146.1212564  -31.7315031 1723.7607   41.8518    15.887     0.026    20.610   MOON_BRIGHT
    59.65854            V.180301_1548.A  146.1212128  -31.7314814 1430.3130   47.4972    16.091     0.023    20.401   _
    59.77497            V.180301_1835.S  146.1212037  -31.7315326 1738.1458   30.3922    15.878     0.036    20.403   _
    59.82655            V.180301_1950.S  146.1212491  -31.7315186 2017.5694   16.6491    15.716     0.066    20.538   _
    61.03231            V.180303_0046.C  146.1212198  -31.7314971 2723.2531   2.27027    15.389     0.481    21.619   MOON_BRIGHT
    61.09052            V.180303_0210.C  146.1212000  -31.7314970 2393.8250   3.23427    15.529     0.337    21.604   MOON_BRIGHT
    61.15939            V.180303_0349.C  146.1212156  -31.7314977 2240.2375   1.81144    15.602     0.602    21.942   _
    61.23185            V.180303_0533.C  146.1212134  -31.7315011 2014.2180   9.51154    15.718     0.115    21.663   _
    61.77554            V.180303_1836.S  146.1212025  -31.7314962 1957.4718   43.0728    15.749     0.025    21.773   _
    61.81365            V.180303_1931.S  146.1211952  -31.7314964 1998.9491   19.0013    15.726     0.057    21.724   _
    61.86579            V.180303_2046.S  146.1212181  -31.7315095 1942.4300   31.3522    15.757     0.035    21.308   _
    61.94094            V.180303_2234.S  146.1212126  -31.7314981 2150.2535   9.91916    15.646     0.110    21.709   MOON_BRIGHT
    62.01176            V.180304_0016.S  146.1212302  -31.7315016 2340.8517   9.01587    15.554     0.121    21.438   MOON_BRIGHT
    63.03931            V.180305_0056.C  146.1212100  -31.7315077 2420.6453   10.5504    15.517     0.103    22.793   MOON_BRIGHT
    63.10691            V.180305_0233.C  146.1212119  -31.7314974 2465.8555   3.59599    15.497     0.303    22.327   MOON_BRIGHT
    63.17743            V.180305_0415.C  146.1212071  -31.7314927 2302.5788   3.51624    15.572     0.310    22.258   _
    63.25304            V.180305_0604.C  146.1212129  -31.7315025 3232.0099   3.23952    15.202     0.337    21.822   _
    63.78601            V.180305_1851.S  146.1212067  -31.7315025 1780.9892   95.9761    15.852     0.012    22.099   _
    63.81560            V.180305_1934.S  146.1212009  -31.7314880 2061.0297   43.8999    15.693     0.025    22.160   _
    63.87108            V.180305_2054.S  146.1212000  -31.7314911 2118.6309   32.5712    15.662     0.034    21.918   _
    63.94644            V.180305_2242.S  146.1212078  -31.7314875 1827.3705   38.9822    15.824     0.028    22.019   MOON_BRIGHT
    64.01843            V.180306_0026.S  146.1212416  -31.7315043 1580.9101   84.8221    15.982     0.013    21.209   MOON_BRIGHT
    65.03036            V.180307_0043.C  146.1212074  -31.7315008 2399.1236   22.8125    15.527     0.048    22.331   MOON_BRIGHT
    65.07924            V.180307_0154.C  146.1212119  -31.7314974 2053.5824   28.6259    15.696     0.038    22.815   MOON_BRIGHT
    65.17405            V.180307_0410.C  146.1212091  -31.7314968 2344.8577   8.40130    15.552     0.130    22.314   MOON_BRIGHT
    65.18098            V.180307_0420.C  146.1212183  -31.7314927 2188.2314   7.66273    15.627     0.142    22.466   MOON_BRIGHT
    65.24039            V.180307_0546.C  146.1212112  -31.7314970 2091.8728   15.6973    15.676     0.070    22.215   MOON_BRIGHT
    65.76894            V.180307_1827.S  146.1212036  -31.7314906 1887.4500   67.4732    15.788     0.016    22.428   _
    65.80119            V.180307_1913.S  146.1212046  -31.7314938 1817.5944   85.9666    15.830     0.013    22.447   _
    65.85530            V.180307_2031.S  146.1212193  -31.7314996 1949.2516   68.4377    15.753     0.016    22.329   _
    67.65205            V.180309_1538.A  146.1212157  -31.7314987 2185.5240   18.1404    15.629     0.060    22.121   MOON_BRIGHT
    69.02301            V.180311_0033.C  146.1212137  -31.7315083 2610.2924   9.35845    15.435     0.117    22.694   MOON_BRIGHT
    69.07595            V.180311_0149.C  146.1212235  -31.7314999 2436.0509   17.5145    15.510     0.062    22.603   MOON_BRIGHT
    69.14958            V.180311_0335.C  146.1212160  -31.7315026 2347.4238   13.6399    15.551     0.080    22.865   MOON_BRIGHT
    69.22185            V.180311_0519.C  146.1212241  -31.7314969 2329.5544   16.6152    15.559     0.066    22.779   MOON_BRIGHT
    69.42086            V.180311_1006.A  146.1212088  -31.7314975 2330.2581   24.8504    15.559     0.044    22.575   _
    69.47100            V.180311_1118.A  146.1212102  -31.7314948 2809.3944   8.10919    15.355     0.135    22.606   _
    69.52111            V.180311_1230.A  146.1212078  -31.7314843 2278.7557   24.7622    15.583     0.044    22.387   MOON_BRIGHT
    69.57177            V.180311_1343.A  146.1212163  -31.7314935 2207.0850   28.3526    15.618     0.039    22.455   MOON_BRIGHT
    69.63545            V.180311_1515.A  146.1212202  -31.7314884 2682.7324   3.62202    15.405     0.301    22.693   MOON_BRIGHT
    69.77030            V.180311_1829.S  146.1212107  -31.7315012 1905.6524   45.8416    15.778     0.024    22.718   _
    69.81557            V.180311_1934.S  146.1212079  -31.7314979 2076.6715   21.4864    15.684     0.051    22.076   _
    69.87866            V.180311_2105.S  146.1212195  -31.7315083 1757.3382   96.2270    15.866     0.012    22.130   _
    69.94557            V.180311_2241.S  146.1212128  -31.7314957 1866.4377   59.7604    15.801     0.018    22.662   _
    71.02566            V.180313_0036.C  146.1212111  -31.7315083 2698.6647   3.24540    15.398     0.336    22.837   MOON_BRIGHT
    71.07534            V.180313_0148.C  146.1212084  -31.7314957 2584.6320   8.37676    15.446     0.130    22.749   MOON_BRIGHT
    71.14418            V.180313_0327.C  146.1212174  -31.7314975 2461.9982   5.19275    15.499     0.210    22.691   MOON_BRIGHT
    71.20896            V.180313_0500.C  146.1212172  -31.7314901 2514.0657   6.48914    15.476     0.168    22.805   MOON_BRIGHT
    73.02531            V.180315_0036.C  146.1212150  -31.7315077 2599.5431   8.69638    15.439     0.125    22.733   MOON_BRIGHT
    73.07515            V.180315_0148.C  146.1212130  -31.7315034 2590.5921   8.64901    15.443     0.126    22.768   MOON_BRIGHT
    73.14358            V.180315_0326.C  146.1212154  -31.7314986 2451.2624   15.8236    15.503     0.069    22.819   MOON_BRIGHT
    73.20624            V.180315_0456.C  146.1212203  -31.7314911 2286.0199   15.9651    15.579     0.068    22.818   MOON_BRIGHT
    73.43081            V.180315_1020.A  146.1212012  -31.7314977 2442.4931   22.0912    15.507     0.049    22.344   _
    73.48422            V.180315_1137.A  146.1212163  -31.7314993 2003.0823   55.7000    15.724     0.020    22.009   _
    73.53333            V.180315_1247.A  146.1212124  -31.7314695 2328.7229   28.3216    15.559     0.039    22.509   _
    73.60166            V.180315_1426.A  146.1212304  -31.7314687 2303.0784   24.3467    15.571     0.045    22.261   _
    73.77689            V.180315_1838.S  146.1212565  -31.7316000 -99.99999    -99.99   -99.999   -99.999    18.236   _
    75.01919            V.180317_0027.C  146.1212169  -31.7315009 2370.8614   14.7210    15.540     0.074    22.672   _
    75.07112            V.180317_0142.C  146.1212186  -31.7314960 2215.4896   20.0642    15.614     0.054    22.928   _
    75.14208            V.180317_0324.C  146.1212184  -31.7314978 2451.2415   4.61359    15.503     0.236    22.982   MOON_BRIGHT
    75.20904            V.180317_0501.C  146.1212177  -31.7314983 2155.1776   11.9902    15.644     0.091    23.025   MOON_BRIGHT
    75.41396            V.180317_0956.A  146.1212146  -31.7314979 2517.8343   20.1199    15.474     0.054    22.343   _
    75.46427            V.180317_1108.A  146.1212051  -31.7314895 2503.0978   24.4094    15.481     0.045    22.344   _
    75.51831            V.180317_1226.A  146.1212176  -31.7314783 2220.8248   34.0342    15.611     0.032    22.377   _
    75.58679            V.180317_1404.A  146.1212290  -31.7314970 2161.8703   19.3333    15.640     0.056    22.459   _
    75.76740            V.180317_1825.S  146.1212041  -31.7314915 2233.4605   23.5835    15.605     0.046    22.702   MOON_BRIGHT
    75.83559            V.180317_2003.S  146.1212144  -31.7314985 1926.8964   36.9358    15.766     0.030    22.906   _
    75.90565            V.180317_2144.S  146.1212302  -31.7314871 1729.6434   117.850    15.884     0.009    21.926   _
    75.97418            V.180317_2322.S  146.1212345  -31.7315021 1741.0940   109.897    15.877     0.010    21.940   _
    76.40681            V.180318_0945.A  146.1212134  -31.7315069 2366.8573   30.6893    15.542     0.036    22.198   _
    76.46009            V.180318_1102.A  146.1212222  -31.7315058 2727.2473   12.3937    15.387     0.088    22.330   _
    76.50956            V.180318_1213.A  146.1212142  -31.7314881 1994.0413   51.1986    15.729     0.021    22.364   _
    76.58120            V.180318_1356.A  146.1212248  -31.7314812 2531.7761   14.7343    15.468     0.074    22.434   _
    76.76545            V.180318_1822.S  146.1212171  -31.7315000 1835.8870   38.0199    15.819     0.029    23.104   MOON_BRIGHT
    76.82587            V.180318_1949.S  146.1212178  -31.7315000 2034.2149   16.6242    15.707     0.066    23.142   _
    76.89053            V.180318_2122.S  146.1212184  -31.7314989 1794.9761   49.1870    15.843     0.022    22.973   _
    76.96122            V.180318_2304.S  -99.9999999  -99.9999999 -99.99999    -99.99   -99.999   -99.999   -99.999   PSF_ERROR_BAD_IMAGE
    76.96438            V.180318_2308.S  146.1212235  -31.7314986 1574.7471   53.0952    15.986     0.021    23.076   _
    77.15719            V.180319_0346.C  146.1212160  -31.7315030 2417.6173   5.93852    15.518     0.184    23.060   _
    77.22535            V.180319_0524.C  146.1212081  -31.7314970 2414.9207   9.20528    15.520     0.119    22.850   MOON_BRIGHT
    77.41753            V.180319_1001.A  146.1212050  -31.7315100 2469.4943   20.3847    15.495     0.054    22.342   _
    77.47170            V.180319_1119.A  146.1212078  -31.7314895 2397.1489   24.5367    15.528     0.045    22.406   _
    77.52281            V.180319_1232.A  146.1212177  -31.7314938 1698.9192   83.9963    15.903     0.013    21.558   _
    77.59347            V.180319_1414.A  146.1212201  -31.7314835 2243.3883   25.9835    15.600     0.042    22.355   _
    77.76340            V.180319_1819.S  146.1212056  -31.7315001 1994.2846   18.7934    15.728     0.058    22.884   MOON_BRIGHT
    77.82971            V.180319_1954.S  146.1212188  -31.7314989 1965.7813   19.9040    15.744     0.055    23.019   _
    77.90465            V.180319_2142.S  146.1212194  -31.7314951 1969.3722   16.0775    15.742     0.068    22.964   _
    77.96880            V.180319_2315.S  146.1212210  -31.7315000 2180.5534   10.2280    15.631     0.107    22.784   _
    78.15039            V.180320_0336.C  146.1212208  -31.7315015 1948.8160   21.8310    15.754     0.050    22.891   _
    78.22270            V.180320_0520.C  146.1212150  -31.7314949 2936.8517   5.20701    15.306     0.210    22.583   MOON_BRIGHT
    78.41731            V.180320_1000.A  146.1212291  -31.7314996 2158.3690   35.4322    15.642     0.031    21.454   _
    78.47184            V.180320_1119.A  146.1212032  -31.7314987 2825.3268   5.38004    15.348     0.203    22.505   _
    78.76201            V.180320_1817.S  -99.9999999  -99.9999999 -99.99999    -99.99   -99.999   -99.999   -99.999   PSF_ERROR_BAD_IMAGE
    78.81977            V.180320_1940.S  -99.9999999  -99.9999999 -99.99999    -99.99   -99.999   -99.999   -99.999   PSF_ERROR_BAD_IMAGE
    79.14074            V.180321_0322.C  146.1212180  -31.7315028 2629.0401   4.74716    15.427     0.230    22.760   _
    79.21833            V.180321_0514.C  146.1212178  -31.7314917 2375.4803   11.9449    15.538     0.091    22.533   _
    79.76159            V.180321_1816.S  146.1212122  -31.7314972 2025.6450   33.7903    15.711     0.032    22.550   MOON_BRIGHT
    79.81892            V.180321_1939.S  146.1212206  -31.7314907 1793.9853   123.826    15.844     0.009    22.077   MOON_BRIGHT
    79.87308            V.180321_2057.S  146.1212455  -31.7315053 1684.9148   137.584    15.912     0.008    21.970   MOON_BRIGHT
    80.12729            V.180322_0303.C  146.1212128  -31.7314911 2627.1346   3.57555    15.428     0.305    22.908   _
    80.19012            V.180322_0433.C  146.1212165  -31.7314962 3340.0347   1.65948    15.166     0.657    22.883   _
    81.11862            V.180323_0250.C  146.1212192  -31.7315029 2533.2717   6.27659    15.467     0.174    22.773   _
    81.18350            V.180323_0424.C  146.1212155  -31.7314941 3075.7390   0.72431    15.256     1.506    23.001   _
    81.40817            V.180323_0947.A  146.1212042  -31.7315062 2371.0641   22.9560    15.540     0.048    22.063   _
    81.46025            V.180323_1102.A  146.1212217  -31.7314956 2874.9608   6.69733    15.329     0.163    22.107   _
    81.51052            V.180323_1215.A  146.1212114  -31.7314989 2514.9061   10.4398    15.475     0.105    22.414   _
    81.76406            V.180323_1820.S  146.1212123  -31.7314966 1874.9946   27.0011    15.796     0.040    22.731   MOON_BRIGHT
    81.82264            V.180323_1944.S  146.1212138  -31.7314952 1761.6554   26.6561    15.864     0.041    22.979   MOON_BRIGHT
    83.02135            V.180325_0030.C  146.1212086  -31.7314975 2721.5990   2.18195    15.389     0.500    22.547   _
    83.07348            V.180325_0145.C  146.1212157  -31.7314904 2133.0936   9.13640    15.655     0.119    22.697   _
    83.14309            V.180325_0326.C  146.1212196  -31.7314947 2819.2602   3.39283    15.351     0.322    22.512   _
    83.21507            V.180325_0509.C  146.1212267  -31.7314952 2374.5569   9.02679    15.538     0.121    22.675   _
    83.76154            V.180325_1816.S  146.1212156  -31.7315033 2280.5196   16.1410    15.582     0.068    21.905   MOON_BRIGHT
    83.81506            V.180325_1933.S  146.1212132  -31.7314967 1907.0465   38.8614    15.777     0.028    21.870   MOON_BRIGHT
    83.88317            V.180325_2111.S  146.1212151  -31.7314938 1788.0116   54.8005    15.848     0.020    21.854   MOON_BRIGHT
    83.94927            V.180325_2246.S  146.1212239  -31.7314937 2004.3473   27.7565    15.723     0.039    22.216   MOON_BRIGHT
    85.40135            V.180327_0937.A  146.1212094  -31.7315051 2167.5588   25.6772    15.638     0.043    21.488   MOON_BRIGHT
    85.45166            V.180327_1050.A  146.1212165  -31.7315162 2158.2273   23.9645    15.642     0.046    21.336   MOON_BRIGHT
    85.50645            V.180327_1209.A  146.1212250  -31.7315036 2152.9489   25.0790    15.645     0.044    21.394   _
    85.76164            V.180327_1816.S  146.1212147  -31.7315006 1891.0529   23.3467    15.786     0.047    21.203   MOON_BRIGHT
    85.83547            V.180327_2003.S  146.1212069  -31.7314964 1994.5456   13.7505    15.728     0.079    22.095   MOON_BRIGHT
    85.92251            V.180327_2208.S  146.1212129  -31.7314902 2139.1261   7.47261    15.652     0.146    22.209   MOON_BRIGHT
    87.00389            V.180329_0005.C  146.1212191  -31.7315032 2681.7452   1.74866    15.405     0.624    22.041   _
    87.07479            V.180329_0147.C  146.1212097  -31.7314967 2199.8517   3.64374    15.621     0.299    22.218   _
    87.14154            V.180329_0323.C  146.1212168  -31.7315029 2319.6392   6.53731    15.564     0.167    22.001   _
    87.20721            V.180329_0458.C  146.1212204  -31.7315034 2698.5494   8.98029    15.398     0.122    21.513   _
    87.39653            V.180329_0931.A  146.1211923  -31.7315039 2459.9349   7.38196    15.499     0.148    21.304   MOON_BRIGHT
    87.45198            V.180329_1050.A  146.1212148  -31.7314997 2302.7514   9.62945    15.572     0.113    21.482   MOON_BRIGHT
    87.50618            V.180329_1208.A  146.1212219  -31.7314931 2309.1914   7.29961    15.568     0.149    21.541   MOON_BRIGHT
    87.57924            V.180329_1354.A  146.1212289  -31.7314834 2554.8559   2.28271    15.458     0.478    21.622   MOON_BRIGHT
    89.01083            V.180331_0015.C  146.1212057  -31.7315145 2980.6132   0.92831    15.290     1.175    21.445   MOON_BRIGHT
    89.07898            V.180331_0153.C  146.1212079  -31.7314974 1885.5766   6.01907    15.790     0.181    21.948   _
    89.16037            V.180331_0350.C  146.1212109  -31.7315057 3527.2683   0.20742    15.106     5.260    21.620   _
    89.41059            V.180331_0951.A  146.1212190  -31.7315027 1997.0183   18.1242    15.727     0.060    20.813   MOON_BRIGHT
    89.46837            V.180331_1114.A  146.1212104  -31.7314962 1770.4613   26.9806    15.858     0.041    21.211   MOON_BRIGHT
    89.51870            V.180331_1226.A  146.1212155  -31.7315062 2432.6882   5.51317    15.512     0.198    21.145   MOON_BRIGHT
    89.59316            V.180331_1414.A  146.1212163  -31.7315004 2090.1392   13.9093    15.677     0.078    20.522   MOON_BRIGHT
    89.85215            V.180331_2027.S  146.1212234  -31.7315128 2147.8307   11.4152    15.648     0.096    21.124   MOON_BRIGHT
    90.99975            V.180401_2359.C  146.1212087  -31.7315029 2438.7147   8.82084    15.509     0.124    22.290   MOON_BRIGHT
    91.07184            V.180402_0143.C  146.1212031  -31.7315080 2949.3575   2.00489    15.302     0.544    21.940   MOON_BRIGHT
    91.13935            V.180402_0320.C  146.1212073  -31.7315015 2775.5334   3.20788    15.368     0.340    21.809   _
    91.19323            V.180402_0438.C  146.1212211  -31.7314983 2850.1584   4.74408    15.339     0.230    21.642   _
    91.40066            V.180402_0936.A  146.1212155  -31.7315013 2365.4468   12.6167    15.542     0.087    22.080   MOON_BRIGHT
    91.40350            V.180402_0941.A  146.1212143  -31.7315022 1983.2787   32.2004    15.734     0.034    21.977   MOON_BRIGHT
    91.74881            V.180402_1758.S  146.1212029  -31.7314984 2653.5758   5.06516    15.417     0.215    22.600   _
    91.83711            V.180402_2005.S  146.1212067  -31.7314993 2221.4704   7.52535    15.611     0.145    22.004   _
    91.90287            V.180402_2140.S  146.1212230  -31.7315037 2021.5657   30.0383    15.714     0.036    21.460   MOON_BRIGHT
    93.00339            V.180404_0004.C  146.1212144  -31.7314959 2839.9413   3.82814    15.343     0.285    22.696   MOON_BRIGHT
    93.07906            V.180404_0153.C  146.1212135  -31.7314947 1706.5204   21.9148    15.898     0.050    22.665   MOON_BRIGHT
    93.16346            V.180404_0355.C  146.1212194  -31.7314977 2610.2768   3.70091    15.435     0.295    22.322   MOON_BRIGHT
    93.39609            V.180404_0930.A  146.1212095  -31.7314976 2573.0448   9.29044    15.450     0.117    22.501   MOON_BRIGHT
    93.44697            V.180404_1043.A  146.1212134  -31.7314949 2475.1056   7.16704    15.493     0.152    22.430   MOON_BRIGHT
    93.47699            V.180404_1126.A  146.1212155  -31.7314931 2399.4069   6.07860    15.527     0.179    22.313   MOON_BRIGHT
    93.54112            V.180404_1259.A  146.1212086  -31.7315032 2096.3372   31.0637    15.674     0.035    21.462   MOON_BRIGHT
    93.59624            V.180404_1418.A  146.1212210  -31.7314984 2323.8289   15.0877    15.562     0.072    21.688   MOON_BRIGHT
    93.82300            V.180404_1945.S  146.1212165  -31.7315005 2005.7240   20.5486    15.722     0.053    22.816   _
    93.89826            V.180404_2133.S  146.1212078  -31.7315031 2031.9326   12.8100    15.708     0.085    22.064   _
    94.99470            V.180405_2352.C  146.1212155  -31.7315035 2417.9414   14.6806    15.518     0.074    22.396   MOON_BRIGHT
    95.06714            V.180406_0136.C  146.1212106  -31.7315004 2329.5112   13.3189    15.559     0.082    22.675   MOON_BRIGHT
    95.39424            V.180406_0927.A  146.1212177  -31.7314878 2405.5132   21.7911    15.524     0.050    22.305   MOON_BRIGHT
    95.47044            V.180406_1117.A  146.1212133  -31.7314917 2276.3492   14.6572    15.584     0.074    22.559   MOON_BRIGHT
    95.53308            V.180406_1247.A  146.1212141  -31.7314848 1994.1610   27.3900    15.728     0.040    22.231   MOON_BRIGHT
    95.75249            V.180406_1803.S  146.1212087  -31.7314947 2129.0951   30.7985    15.657     0.035    22.555   _
    95.82163            V.180406_1943.S  146.1212207  -31.7314990 2464.2725   15.4890    15.498     0.070    22.760   _
    95.89435            V.180406_2127.S  146.1212215  -31.7314946 2083.0180   11.7348    15.681     0.093    22.709   _
    96.99532            V.180407_2353.C  146.1212129  -31.7315004 2368.6515   12.6990    15.541     0.086    22.658   MOON_BRIGHT
    97.07284            V.180408_0144.C  146.1212210  -31.7315064 2894.8616   2.62470    15.322     0.416    22.351   MOON_BRIGHT
    97.13863            V.180408_0319.C  146.1212242  -31.7315002 2260.8481   18.1313    15.592     0.060    22.683   MOON_BRIGHT
    97.39179            V.180408_0924.A  146.1212303  -31.7314933 1824.2360   116.869    15.826     0.010    21.776   _
    97.47398            V.180408_1122.A  146.1212175  -31.7314924 2441.9333   10.6810    15.507     0.102    22.539   MOON_BRIGHT
    97.53693            V.180408_1253.A  146.1212212  -31.7314866 2561.9858   7.49818    15.455     0.146    22.527   MOON_BRIGHT
    97.74193            V.180408_1748.S  146.1212036  -31.7314789 2295.4108   26.7721    15.575     0.041    22.029   _
    97.81288            V.180408_1930.S  146.1212148  -31.7314737 2811.5701   33.7375    15.354     0.032    22.427   _
    97.87713            V.180408_2103.S  146.1212148  -31.7314727 2809.7351   4.94140    15.354     0.221    22.483   _
    98.99862            V.180409_2358.C  146.1212151  -31.7314973 2836.1230   2.95935    15.344     0.369    22.408   MOON_BRIGHT
    99.06993            V.180410_0140.C  146.1212117  -31.7314987 2229.6860   8.89030    15.607     0.123    22.562   MOON_BRIGHT
    99.13117            V.180410_0308.C  146.1212137  -31.7314979 2672.5115   7.47046    15.409     0.146    22.123   MOON_BRIGHT
    99.75564            V.180410_1808.S  146.1212127  -31.7314905 2164.6200   19.1274    15.639     0.057    22.700   _
   101.00064            V.180412_0000.C  146.1212264  -31.7314985 2312.6511   38.3921    15.567     0.028    22.192   MOON_BRIGHT
   101.07867            V.180412_0153.C  146.1212109  -31.7315030 2183.1581   17.7781    15.630     0.061    22.941   MOON_BRIGHT
   101.14051            V.180412_0322.C  146.1212152  -31.7314968 3083.7702   7.71617    15.253     0.141    22.532   MOON_BRIGHT
   101.39058            V.180412_0922.A  146.1212038  -31.7314741 3004.0448   30.9938    15.281     0.035    22.056   _
   101.46344            V.180412_1107.A  146.1212191  -31.7314929 2424.6731   6.74354    15.515     0.162    22.692   _
   101.52564            V.180412_1236.A  146.1212203  -31.7314855 2445.2940   7.56822    15.506     0.144    22.683   _
   101.75638            V.180412_1809.S  146.1212103  -31.7315006 1675.7834   33.5250    15.918     0.033    23.060   _
   103.01381            V.180414_0019.C  146.1212168  -31.7314981 3050.1944   2.08561    15.265     0.523    22.447   _
   103.07753            V.180414_0151.C  146.1212166  -31.7314978 2219.4486   8.08283    15.612     0.135    22.754   MOON_BRIGHT
   103.14045            V.180414_0322.C  146.1212181  -31.7314941 2760.8320   16.1371    15.374     0.068    22.469   MOON_BRIGHT
   103.40869            V.180414_0948.A  146.1212190  -31.7314938 1966.6479   37.6684    15.744     0.029    22.357   _
   103.47579            V.180414_1125.A  146.1212177  -31.7314980 2108.9673   15.5928    15.667     0.070    22.003   _
   103.54038            V.180414_1258.A  146.1212242  -31.7314898 1929.1935   33.8626    15.765     0.032    22.415   _
   103.75666            V.180414_1809.S  146.1212204  -31.7314977 2135.2898   16.2258    15.654     0.067    22.776   _
   103.82098            V.180414_1942.S  146.1212168  -31.7315016 2091.6048   19.2063    15.676     0.057    22.794   _
   103.82426            V.180414_1946.S  146.1212130  -31.7314906 2098.2108   20.7784    15.673     0.053    22.793   _
   103.88792            V.180414_2118.S  146.1212179  -31.7315023 2057.0056   15.9568    15.695     0.068    22.777   _
   103.99198            V.180414_2348.C  146.1212179  -31.7315127 2156.1722   18.3076    15.643     0.060    22.792   _
   104.06288            V.180415_0130.C  146.1212173  -31.7314940 2921.7035   1.45220    15.312     0.751    22.537   _
   104.13142            V.180415_0309.C  146.1212191  -31.7314921 2412.6450   13.4281    15.521     0.081    22.466   MOON_BRIGHT
   104.40823            V.180415_0947.A  146.1212138  -31.7314946 1798.7581   30.2917    15.841     0.036    22.876   _
   104.47216            V.180415_1119.A  146.1212191  -31.7314897 2286.1131   9.78106    15.579     0.112    22.718   _
   104.53799            V.180415_1254.A  146.1212189  -31.7314907 2296.0910   8.45186    15.575     0.129    22.806   _
   104.83917            V.180415_2008.S  146.1212250  -31.7315032 1927.4897   30.5916    15.766     0.036    22.775   _
   104.90164            V.180415_2138.S  146.1212229  -31.7314991 1873.0032   49.6428    15.797     0.022    22.448   _
   105.01458            V.180416_0021.C  146.1212203  -31.7315005 2590.1747   6.35140    15.443     0.172    22.552   _
   105.09507            V.180416_0216.C  146.1212177  -31.7314979 2338.3040   12.6940    15.555     0.086    22.541   _
   106.00509            V.180417_0007.C  146.1212176  -31.7315007 2208.4206   8.25979    15.617     0.132    22.251   _
   106.06946            V.180417_0140.C  146.1212052  -31.7315037 2749.7502   7.51190    15.378     0.145    22.390   _
   106.13267            V.180417_0311.C  146.1212302  -31.7315080 2537.7095   108.400    15.466     0.010    21.468   _
   106.13620            V.180417_0316.C  146.1212308  -31.7314963 2184.2568   32.0283    15.629     0.034    22.385   _
   106.40380            V.180417_0941.A  146.1212250  -31.7314881 1892.3309   69.8576    15.786     0.016    22.070   _
   106.47051            V.180417_1117.A  146.1212162  -31.7314957 2349.6557   11.9316    15.550     0.091    22.480   _
   106.53259            V.180417_1246.A  146.1212256  -31.7314941 2309.3936   12.6883    15.568     0.086    22.447   _
   106.83377            V.180417_2000.S  146.1212152  -31.7315019 1913.8361   14.2353    15.773     0.077    22.700   _
   106.90067            V.180417_2136.S  146.1212167  -31.7314938 1756.4513   40.8040    15.867     0.027    22.835   _
   107.01684            V.180418_0024.C  146.1212212  -31.7315070 2053.8431   74.5602    15.696     0.015    21.770   _
   107.08289            V.180418_0159.C  146.1212356  -31.7315076 2346.7630   33.7327    15.551     0.032    21.767   _
   108.00704            V.180419_0010.C  146.1212215  -31.7314997 2159.1342   16.4631    15.642     0.066    22.527   _
   108.07534            V.180419_0148.C  146.1212100  -31.7314947 2457.1918   7.30893    15.501     0.149    22.578   _
   108.13622            V.180419_0316.C  146.1212111  -31.7314945 3328.2429   2.83144    15.170     0.385    22.468   _
   108.75115            V.180419_1801.S  146.1212216  -31.7314971 1938.3430   38.6956    15.759     0.028    22.654   MOON_BRIGHT
   108.81556            V.180419_1934.S  146.1212181  -31.7314870 1921.6937   50.9872    15.769     0.022    22.572   MOON_BRIGHT
   108.88898            V.180419_2120.S  146.1212247  -31.7314979 1778.0665   87.9240    15.854     0.013    22.428   MOON_BRIGHT
   109.00903            V.180420_0012.C  146.1212134  -31.7315050 2723.1305   9.12454    15.389     0.120    21.968   _
   109.07606            V.180420_0149.C  146.1212105  -31.7315017 2726.6682   9.40802    15.387     0.116    22.501   _
   109.13926            V.180420_0320.C  146.1212185  -31.7314904 3091.4413   13.8750    15.250     0.079    22.331   _
   109.40377            V.180420_0941.A  146.1212183  -31.7314870 2258.4362   19.7258    15.593     0.055    22.539   _
   109.47399            V.180420_1122.A  146.1212266  -31.7314922 2434.1479   5.91916    15.511     0.184    22.864   _
   109.53527            V.180420_1250.A  146.1212268  -31.7314853 2302.9838   10.5997    15.571     0.103    22.679   _
   109.74627            V.180420_1754.S  146.1212174  -31.7314941 2120.4064   9.80616    15.662     0.111    22.988   MOON_BRIGHT
   109.82843            V.180420_1952.S  146.1212226  -31.7314993 2412.7602   5.97582    15.521     0.183    22.877   MOON_BRIGHT
   109.88696            V.180420_2117.S  146.1212215  -31.7314979 1851.3330   27.9375    15.810     0.039    22.975   MOON_BRIGHT
   110.00331            V.180421_0004.C  146.1212071  -31.7315011 2529.8891   7.84211    15.469     0.139    22.359   _
   110.00630            V.180421_0009.C  146.1212157  -31.7314986 2101.8365   16.9462    15.671     0.064    22.563   _
   110.07086            V.180421_0142.C  146.1212137  -31.7314915 2479.9380   7.71052    15.491     0.142    22.714   _
   110.14125            V.180421_0323.C  146.1212140  -31.7315028 3531.6929   3.24119    15.105     0.337    22.411   _
   110.40575            V.180421_0944.A  146.1212123  -31.7315003 2181.8929   22.7420    15.630     0.048    22.179   _
   110.41087            V.180421_0951.A  146.1212085  -31.7315002 2390.3313   15.3593    15.531     0.071    22.172   _
   110.48013            V.180421_1131.A  146.1212259  -31.7314962 2073.6037   24.8664    15.686     0.044    22.341   _
   110.75437            V.180421_1806.S  146.1212153  -31.7314940 2494.4989   7.13863    15.484     0.153    22.661   MOON_BRIGHT
   110.82759            V.180421_1951.S  146.1212200  -31.7314940 1902.3753   24.0901    15.780     0.045    22.975   MOON_BRIGHT
   110.88479            V.180421_2114.S  146.1212213  -31.7315058 1942.3870   23.4060    15.757     0.047    23.082   MOON_BRIGHT
   111.01427            V.180422_0020.C  146.1212147  -31.7314968 2550.9881   3.71252    15.460     0.294    22.539   _
   111.08045            V.180422_0155.C  146.1212178  -31.7314908 2281.2108   6.79216    15.582     0.161    22.695   _
   111.13708            V.180422_0317.C  146.1212114  -31.7314932 2399.3200   11.9201    15.527     0.092    22.497   _
   111.39646            V.180422_0930.A  146.1212272  -31.7314925 2165.8465   10.5229    15.638     0.104    22.313   _
   111.46075            V.180422_1103.A  146.1212108  -31.7314965 2034.9765   40.4200    15.706     0.027    21.562   _
   111.75015            V.180422_1800.S  146.1212124  -31.7314998 1935.5541   16.1968    15.761     0.067    22.569   MOON_BRIGHT
   111.82259            V.180422_1944.S  146.1212198  -31.7314957 1622.0052   41.2353    15.954     0.027    22.825   MOON_BRIGHT
   112.02124            V.180423_0030.C  146.1212089  -31.7314996 2195.6915   21.4808    15.623     0.051    21.943   _
   112.13834            V.180423_0319.C  146.1212178  -31.7314967 2458.1818   5.20217    15.500     0.210    21.512   _
   112.40454            V.180423_0942.A  146.1212128  -31.7314912 2284.2908   6.37376    15.580     0.171    22.231   MOON_BRIGHT
   112.47361            V.180423_1122.A  146.1212210  -31.7314959 2106.1163   13.7201    15.669     0.080    22.324   _
   112.77514            V.180423_1836.S  146.1212245  -31.7314944 2012.6358   20.6093    15.718     0.053    22.095   MOON_BRIGHT
   112.85308            V.180423_2028.S  146.1212128  -31.7314981 1884.7058   35.9022    15.790     0.030    21.972   MOON_BRIGHT
   113.03793            V.180424_0054.C  146.1212111  -31.7315092 2794.0289   4.59796    15.361     0.237    21.644   _
   113.10132            V.180424_0225.C  146.1212041  -31.7314975 2737.1504   4.41847    15.383     0.247    21.696   _
   113.39631            V.180424_0930.A  146.1212093  -31.7315001 2084.8038   11.1141    15.680     0.098    22.176   MOON_BRIGHT
   113.46427            V.180424_1108.A  146.1212286  -31.7314994 2223.4029   6.93437    15.610     0.157    21.910   _
   113.75319            V.180424_1804.S  146.1212104  -31.7315002 2052.9784   10.7191    15.697     0.102    22.141   MOON_BRIGHT
   113.83052            V.180424_1955.S  146.1212106  -31.7314935 2198.0799   3.75877    15.622     0.290    22.243   MOON_BRIGHT
   113.99758            V.180424_2356.C  146.1212163  -31.7314965 2350.3761   6.89850    15.549     0.158    21.956   _
   114.05861            V.180425_0124.C  146.1212198  -31.7314938 3148.4592   0.29927    15.230     3.645    21.979   _
   115.39097            V.180426_0922.A  146.1212108  -31.7314998 2599.6191   3.78950    15.439     0.288    21.773   MOON_BRIGHT
   115.46243            V.180426_1105.A  146.1212092  -31.7315057 2199.9330   16.4402    15.621     0.066    21.488   MOON_BRIGHT
   116.02053            V.180427_0029.C  146.1212153  -31.7315036 3536.0083   0.28325    15.104     3.852    21.579   _
   116.08328            V.180427_0159.C  146.1212177  -31.7315050 2164.3446   8.76622    15.639     0.124    21.623   _
   116.38757            V.180427_0918.A  146.1212244  -31.7315107 2089.2550   22.8275    15.678     0.048    21.001   MOON_BRIGHT
   116.45389            V.180427_1053.A  146.1212216  -31.7315156 1880.4110   34.2718    15.793     0.032    21.178   MOON_BRIGHT
   116.73936            V.180427_1744.S  146.1212192  -31.7315066 2281.7731   10.8812    15.582     0.100    21.687   MOON_BRIGHT
   116.80230            V.180427_1915.S  146.1212111  -31.7315022 2188.6695   11.2322    15.627     0.097    21.696   MOON_BRIGHT
   116.86837            V.180427_2050.S  146.1212298  -31.7314932 2166.2846   16.5180    15.638     0.066    21.150   MOON_BRIGHT
   117.00134            V.180428_0001.C  146.1212105  -31.7315001 2288.2386   7.58203    15.578     0.144    21.636   _
   117.06434            V.180428_0132.C  146.1212132  -31.7314887 3152.8057   0.39478    15.229     2.763    21.731   _
   117.38716            V.180428_0917.A  146.1212124  -31.7315059 2410.6339   5.15897    15.522     0.211    21.513   MOON_BRIGHT
   117.45552            V.180428_1055.A  146.1212163  -31.7315133 2009.8506   26.8438    15.720     0.041    20.912   MOON_BRIGHT
   117.73443            V.180428_1737.S  -99.9999999  -99.9999999 -99.99999    -99.99   -99.999   -99.999   -99.999   PSF_ERROR_BAD_IMAGE
   117.74243            V.180428_1749.S  146.1212101  -31.7315373 1895.0733   8.73939    15.784     0.125    19.758   _
   117.80096            V.180428_1913.S  146.1212082  -31.7315203 2343.7585   3.94901    15.552     0.276    20.725   MOON_BRIGHT
   117.86885            V.180428_2051.S  146.1212153  -31.7315136 2114.8738   5.43542    15.664     0.201    20.775   MOON_BRIGHT
   117.99187            V.180428_2348.C  146.1212383  -31.7315307 2617.8882   0.57174    15.432     1.908    20.200   MOON_BRIGHT
   118.05447            V.180429_0118.C  146.1212466  -31.7315455 2547.7919   0.22184    15.461     4.918    19.832   _
   118.11716            V.180429_0248.C  146.1213112  -31.7315863 2629.5270   0.93086    15.427     1.172    19.391   _
   118.39590            V.180429_0930.A  146.1212111  -31.7315066 2217.7427   10.2590    15.613     0.106    21.474   MOON_BRIGHT
   118.46617            V.180429_1111.A  146.1212098  -31.7315022 2628.0345   3.05555    15.427     0.357    21.500   MOON_BRIGHT
   118.73623            V.180429_1740.S  146.1212213  -31.7315017 1905.8819   29.7795    15.778     0.037    21.339   _
   118.80014            V.180429_1912.S  146.1212551  -31.7315347 1628.4568   56.1584    15.950     0.020    20.696   MOON_BRIGHT
   118.86778            V.180429_2049.S  146.1212414  -31.7315315 1755.8968   40.8667    15.867     0.027    20.880   MOON_BRIGHT
   118.99611            V.180429_2354.C  146.1212198  -31.7315085 2775.1291   3.73848    15.368     0.292    21.645   MOON_BRIGHT
   119.05741            V.180430_0122.C  146.1212073  -31.7315023 2574.7393   2.82484    15.450     0.386    21.477   MOON_BRIGHT
   119.11664            V.180430_0247.C  146.1212161  -31.7315162 2699.4621   7.43705    15.398     0.147    21.094   _
   119.38583            V.180430_0915.A  146.1212139  -31.7314931 2509.0815   7.77145    15.478     0.140    21.369   MOON_BRIGHT
   119.45057            V.180430_1048.A  146.1212349  -31.7315082 2087.1770   23.3999    15.679     0.047    21.144   MOON_BRIGHT
   119.79479            V.180430_1904.S  146.1212195  -31.7314917 1581.5070   25.6968    15.981     0.043    22.176   _
   119.99807            V.180430_2357.C  146.1212382  -31.7315759 -99.99999    -99.99   -99.999   -99.999    17.488   MOON_BRIGHT
   121.38777            V.180502_0918.A  146.1212154  -31.7314826 2393.9286   9.00456    15.529     0.121    22.524   MOON_BRIGHT
   121.44843            V.180502_1045.A  146.1212220  -31.7314783 2268.4583   8.90600    15.588     0.123    22.134   MOON_BRIGHT
   121.50781            V.180502_1211.A  146.1212310  -31.7314763 2196.4741   6.72238    15.623     0.162    21.350   MOON_BRIGHT
   121.82850            V.180502_1953.S  146.1212052  -31.7315042 2100.9052   28.0450    15.672     0.039    21.492   _
   122.05399            V.180503_0117.C  146.1212089  -31.7314950 2275.4146   10.4570    15.585     0.104    22.139   MOON_BRIGHT
   122.73257            V.180503_1734.S  146.1212197  -31.7314923 2137.2934   41.7999    15.653     0.026    22.334   _
   122.79738            V.180503_1908.S  146.1212179  -31.7315004 2360.7793   12.4564    15.544     0.088    22.278   _
   122.85927            V.180503_2037.S  -99.9999999  -99.9999999 -99.99999    -99.99   -99.999   -99.999   -99.999   PSF_ERROR_BAD_IMAGE
   122.86291            V.180503_2042.S  146.1212098  -31.7314971 1764.1737   25.4541    15.862     0.043    22.277   _
   122.98720            V.180503_2341.C  146.1212112  -31.7314974 2629.2406   2.25082    15.427     0.485    22.653   MOON_BRIGHT
   123.06138            V.180504_0128.C  146.1212132  -31.7315004 2719.1775   7.38818    15.390     0.148    22.320   MOON_BRIGHT
   123.39539            V.180504_0929.A  146.1212147  -31.7314862 1883.0792   69.5700    15.791     0.016    22.070   MOON_BRIGHT
   123.45819            V.180504_1059.A  146.1212260  -31.7315153 1733.2232   85.7347    15.881     0.013    21.301   MOON_BRIGHT
   123.73194            V.180504_1733.S  146.1212127  -31.7314982 1877.7939   19.4163    15.794     0.056    23.028   _
   123.73444            V.180504_1737.S  146.1212099  -31.7314973 2063.5016   12.4503    15.691     0.088    23.004   _
   123.79755            V.180504_1908.S  146.1212143  -31.7314983 2164.9051   13.5604    15.639     0.080    22.896   _
   123.99911            V.180504_2358.C  -99.9999999  -99.9999999 -99.99999    -99.99   -99.999   -99.999   -99.999   PSF_ERROR_BAD_IMAGE
   124.07176            V.180505_0143.C  146.1212147  -31.7314896 2309.2078   13.2408    15.568     0.082    22.555   MOON_BRIGHT
   124.39051            V.180505_0922.A  146.1212291  -31.7315000 1806.3282   105.305    15.836     0.011    21.644   MOON_BRIGHT
   124.45824            V.180505_1059.A  146.1212246  -31.7314980 2083.7569   39.0434    15.681     0.028    22.257   MOON_BRIGHT
   124.73084            V.180505_1732.S  146.1212202  -31.7314962 2428.2612   11.8833    15.514     0.092    22.610   _
   124.79333            V.180505_1902.S  146.1212193  -31.7314945 2146.1049   16.9449    15.648     0.064    22.687   _
   124.85316            V.180505_2028.S  146.1212204  -31.7314984 2060.9510   25.9861    15.693     0.042    22.385   _
   125.08766            V.180506_0206.C  146.1212308  -31.7314919 2442.4748   15.1789    15.507     0.072    22.475   MOON_BRIGHT
   125.45810            V.180506_1059.A  146.1212280  -31.7314898 2356.1565   12.3607    15.547     0.088    22.734   MOON_BRIGHT
   125.72668            V.180506_1726.S  146.1212085  -31.7315088 1869.4730   29.3551    15.799     0.037    22.101   _
   125.79387            V.180506_1903.S  146.1212277  -31.7314907 2514.3678   13.4134    15.476     0.081    22.556   _
   126.02926            V.180507_0042.C  146.1212225  -31.7314965 1896.1860   17.8626    15.783     0.061    21.036   MOON_BRIGHT
   126.39546            V.180507_0929.A  146.1212206  -31.7314854 2225.2559   18.8631    15.609     0.058    22.594   _
   126.46119            V.180507_1104.A  146.1212257  -31.7315117 1772.8962   18.0886    15.857     0.060    21.007   MOON_BRIGHT
   126.99319            V.180507_2350.C  146.1212207  -31.7315064 2217.0842   14.3574    15.613     0.076    21.941   MOON_BRIGHT
   127.05468            V.180508_0118.C  146.1212177  -31.7314924 2324.5889   18.1793    15.561     0.060    21.615   MOON_BRIGHT
   127.38563            V.180508_0915.A  146.1212583  -31.7315311 2158.5918   4.73364    15.642     0.231    20.208   _
   127.44890            V.180508_1046.A  -99.9999999  -99.9999999 -99.99999    -99.99   -99.999   -99.999   -99.999   PSF_ERROR_BAD_IMAGE
   127.99597            V.180508_2354.C  146.1212108  -31.7315059 2560.4961   11.3627    15.456     0.096    22.066   MOON_BRIGHT
   128.06059            V.180509_0127.C  146.1212272  -31.7314985 1927.5727   81.6460    15.766     0.014    21.631   MOON_BRIGHT
   128.38751            V.180509_0917.A  146.1212183  -31.7314738 2702.0102   6.88672    15.397     0.158    22.480   _
   128.45192            V.180509_1050.A  146.1212288  -31.7314793 2534.7689   14.1548    15.467     0.077    22.283   _
   128.74185            V.180509_1748.S  146.1212179  -31.7314995 2501.6789   17.2112    15.481     0.063    22.537   _
   128.81117            V.180509_1928.S  146.1212213  -31.7314923 2225.3490   10.4265    15.609     0.105    22.719   _
   129.74192            V.180510_1748.S  146.1212291  -31.7315192 1773.7000   8.72407    15.856     0.125    20.966   _
   129.80922            V.180510_1925.S  146.1212422  -31.7315182 1961.5451   8.92335    15.746     0.122    20.953   _
   129.99922            V.180510_2358.C  146.1212157  -31.7314956 2320.3292   17.8355    15.563     0.061    22.479   MOON_BRIGHT
   130.00488            V.180511_0006.C  146.1212249  -31.7314989 2231.0552   18.8197    15.606     0.058    22.632   MOON_BRIGHT
   130.07088            V.180511_0142.C  146.1212206  -31.7314951 2670.3471   6.98986    15.410     0.156    22.541   MOON_BRIGHT
   130.73322            V.180511_1735.S  146.1212123  -31.7314958 2362.1428   29.7736    15.544     0.037    22.316   _
   130.80002            V.180511_1912.S  146.1212162  -31.7315012 1927.2245   67.7691    15.766     0.016    22.406   _
   130.99696            V.180511_2355.C  146.1212178  -31.7314990 2494.3829   7.53467    15.484     0.145    22.524   MOON_BRIGHT
   131.06484            V.180512_0133.C  146.1212263  -31.7315002 2511.2170   8.23533    15.477     0.132    22.719   MOON_BRIGHT
   131.39330            V.180512_0926.A  146.1212324  -31.7314987 1854.7732   97.0220    15.808     0.011    21.842   _
   131.46009            V.180512_1102.A  146.1212410  -31.7315096 1695.9052   109.158    15.905     0.010    21.533   _
   131.80170            V.180512_1914.S  146.1212193  -31.7314995 2400.2938   16.0050    15.526     0.068    22.595   _
   131.99385            V.180512_2351.C  146.1212138  -31.7314944 2370.5292   13.6955    15.540     0.080    22.297   _
   132.05738            V.180513_0122.C  146.1212153  -31.7314952 2372.2602   14.9613    15.539     0.073    22.388   MOON_BRIGHT
   132.39280            V.180513_0925.A  146.1212225  -31.7314980 2217.8679   15.3870    15.612     0.071    22.571   _
   132.46207            V.180513_1105.A  146.1212300  -31.7314923 2413.0605   10.4407    15.520     0.105    22.592   _
   132.46374            V.180513_1107.A  146.1212284  -31.7314903 2091.5031   23.9342    15.676     0.046    22.528   _
   132.74177            V.180513_1748.S  146.1212206  -31.7314978 2164.8878   40.4847    15.639     0.027    22.380   _
   132.80712            V.180513_1922.S  146.1212201  -31.7314991 2161.7506   22.5807    15.640     0.048    22.776   _
   133.38451            V.180514_0913.A  146.1212278  -31.7315005 1782.8055   105.434    15.851     0.011    21.763   _
   133.45002            V.180514_1048.A  146.1212288  -31.7314994 1930.7611   57.6693    15.764     0.019    22.206   _
   133.73338            V.180514_1736.S  146.1212108  -31.7314988 2140.6081   29.3272    15.651     0.037    22.642   _
   133.81227            V.180514_1929.S  146.1212190  -31.7315009 2091.4808   33.5913    15.677     0.033    22.688   _
   133.98581            V.180514_2339.C  146.1212231  -31.7315145 3127.5955   26.2154    15.238     0.042    21.102   _
   134.05738            V.180515_0122.C  146.1212178  -31.7314966 2431.1318   18.9250    15.512     0.058    22.265   _
   134.38752            V.180515_0918.A  146.1212244  -31.7315009 2214.9707   19.0304    15.614     0.057    22.588   _
   134.45110            V.180515_1049.A  146.1212298  -31.7314812 2156.5104   34.3595    15.643     0.032    22.409   _
   134.73628            V.180515_1740.S  146.1212157  -31.7315010 1711.6687   33.6051    15.895     0.033    22.984   _
   134.98140            V.180515_2333.C  146.1212169  -31.7314969 1961.3000   14.3901    15.747     0.076    22.697   _
   135.04881            V.180516_0110.C  146.1212247  -31.7314911 2015.0207   19.4132    15.717     0.056    22.655   _
   135.37226            V.180516_0856.A  146.1212324  -31.7315108 1827.9718   96.4292    15.823     0.011    21.615   _
   135.43775            V.180516_1030.A  146.1212242  -31.7314908 2057.2652   43.0508    15.695     0.025    22.104   _
   135.73779            V.180516_1742.S  146.1212159  -31.7315033 2063.4829   17.3819    15.691     0.063    22.990   MOON_BRIGHT
   135.80529            V.180516_1919.S  146.1212258  -31.7314965 2276.8582   10.7664    15.584     0.101    22.890   MOON_BRIGHT
   135.99524            V.180516_2353.C  146.1212113  -31.7314961 2258.2390   16.0501    15.593     0.068    22.650   _
   136.05604            V.180517_0120.C  146.1212250  -31.7314829 2582.3190   7.40337    15.447     0.147    22.622   _
   136.44597            V.180517_1042.A  146.1212378  -31.7314775 2042.0127   57.1740    15.703     0.019    22.004   _
   136.73721            V.180517_1741.S  146.1212192  -31.7314953 1935.2750   27.8910    15.761     0.039    22.993   MOON_BRIGHT
   136.79947            V.180517_1911.S  146.1212153  -31.7314991 2234.5963   25.4095    15.604     0.043    22.731   MOON_BRIGHT
   137.38431            V.180518_0913.A  146.1212185  -31.7314885 1954.1077   66.5154    15.751     0.017    21.949   _
   137.45231            V.180518_1051.A  146.1212336  -31.7315026 2265.6087   43.7923    15.589     0.025    21.992   _
   137.73700            V.180518_1741.S  146.1212080  -31.7316068 -99.99999    -99.99   -99.999   -99.999    19.006   MOON_BRIGHT
   138.37742            V.180519_0903.A  146.1212162  -31.7314900 2017.4487   71.4729    15.716     0.015    21.862   _
   138.44995            V.180519_1047.A  146.1212316  -31.7315083 1744.0862   111.771    15.875     0.010    21.596   _
   139.37684            V.180520_0902.A  146.1212414  -31.7315023 1525.7431   108.201    16.021     0.010    21.243   _
   139.44339            V.180520_1038.A  146.1212395  -31.7315057 1369.5270   111.866    16.138     0.010    21.248   _
   140.38227            V.180521_0910.A  146.1212198  -31.7315018 2333.6402   15.5736    15.557     0.070    21.994   _
   141.40381            V.180522_0941.A  146.1212178  -31.7315081 1939.0105   49.5940    15.759     0.022    21.471   MOON_BRIGHT
   141.98108            V.180522_2332.C  146.1212142  -31.7314947 2184.2753   7.76832    15.629     0.140    22.502   _
   142.04950            V.180523_0111.C  146.1212164  -31.7314976 2486.3832   3.06125    15.488     0.356    22.475   _
   142.38197            V.180523_0910.A  146.1212309  -31.7315060 1818.9371   67.2955    15.829     0.016    21.319   MOON_BRIGHT
   142.44796            V.180523_1045.A  146.1212416  -31.7315088 1708.2157   70.7699    15.897     0.016    21.034   MOON_BRIGHT
   142.72427            V.180523_1722.S  146.1212120  -31.7315035 2192.3587   9.87425    15.625     0.111    21.766   MOON_BRIGHT
   142.79439            V.180523_1903.S  146.1212283  -31.7315008 3441.9700   0.14132    15.133     7.719    20.742   MOON_BRIGHT
   142.97608            V.180523_2325.C  146.1212059  -31.7314962 2141.0638   7.80605    15.651     0.140    22.346   _
   143.04200            V.180524_0100.C  146.1212130  -31.7315031 3079.9033   1.93836    15.254     0.563    22.065   _
   143.97375            V.180524_2322.C  146.1212092  -31.7315058 2626.8665   4.39510    15.428     0.248    21.940   _
   144.03484            V.180525_0050.C  146.1212124  -31.7315019 2801.9427   3.33848    15.357     0.327    21.875   _
   144.37836            V.180525_0904.A  146.1212100  -31.7314902 2033.5107   7.49734    15.707     0.146    22.168   MOON_BRIGHT
   144.97272            V.180525_2320.C  146.1212027  -31.7315015 2583.4495   1.79004    15.446     0.609    22.023   _
   145.03348            V.180526_0048.C  146.1212132  -31.7314945 2196.9374   10.3504    15.623     0.105    21.989   _
   145.71715            V.180526_1712.S  146.1212175  -31.7315110 2358.7163   9.14095    15.545     0.119    21.648   MOON_BRIGHT
   145.78076            V.180526_1844.S  146.1212092  -31.7315073 2351.7571   7.03973    15.549     0.155    21.796   MOON_BRIGHT
   145.97961            V.180526_2330.C  146.1212059  -31.7314987 2333.2657   10.6867    15.557     0.102    21.840   MOON_BRIGHT
   146.03998            V.180527_0057.C  146.1212162  -31.7315110 2630.0899   6.50351    15.427     0.168    21.652   _
   146.73385            V.180527_1736.S  146.1212105  -31.7315029 2240.4942   8.72331    15.601     0.125    21.912   MOON_BRIGHT
   146.79597            V.180527_1906.S  146.1212177  -31.7315061 2152.7498   14.5139    15.645     0.075    21.464   MOON_BRIGHT
   146.98279            V.180527_2335.C  146.1212110  -31.7314916 2663.5470   1.87832    15.413     0.581    22.019   MOON_BRIGHT
   147.37633            V.180528_0901.A  146.1212188  -31.7314986 2289.0139   8.57298    15.578     0.127    21.521   MOON_BRIGHT
   148.37909            V.180529_0905.A  146.1212163  -31.7314871 2282.8530   4.28084    15.581     0.255    21.932   MOON_BRIGHT
   148.39047            V.180529_0922.A  146.1212194  -31.7314928 2144.6465   7.08597    15.649     0.154    21.794   MOON_BRIGHT
   148.74341            V.180529_1750.S  146.1212178  -31.7314885 2392.5775   8.94906    15.530     0.122    21.338   _
   149.73163            V.180530_1733.S  146.1212296  -31.7315169 2794.9138   0.97062    15.360     1.124    20.593   _
   150.37398            V.180531_0858.A  146.1212433  -31.7315125 2010.8267   41.4645    15.719     0.026    21.211   MOON_BRIGHT
   150.72050            V.180531_1717.S  146.1212223  -31.7314965 2223.1617   22.4888    15.610     0.049    22.399   _
   150.97426            V.180531_2322.C  146.1212187  -31.7315021 2232.3205   28.6760    15.605     0.038    22.281   MOON_BRIGHT
   151.03619            V.180601_0052.C  146.1212115  -31.7315098 2608.5096   7.41834    15.436     0.147    21.528   MOON_BRIGHT
   151.38598            V.180601_0915.A  146.1212312  -31.7314968 2026.4291   43.9493    15.711     0.025    21.939   MOON_BRIGHT
   152.71866            V.180602_1714.S  146.1212204  -31.7314930 2022.0511   40.5837    15.713     0.027    22.571   _
   152.77561            V.180602_1836.S  -99.9999999  -99.9999999 -99.99999    -99.99   -99.999   -99.999   -99.999   PSF_ERROR_BAD_IMAGE
   152.97084            V.180602_2318.C  146.1212172  -31.7314995 1866.9474   30.4537    15.800     0.036    22.960   MOON_BRIGHT
   153.38247            V.180603_0910.A  146.1212198  -31.7314978 2182.4176   30.3817    15.630     0.036    22.208   MOON_BRIGHT
   153.97919            V.180603_2330.C  146.1212206  -31.7314984 2441.5210   9.99541    15.508     0.109    22.806   MOON_BRIGHT
   154.37166            V.180604_0855.A  146.1212265  -31.7314972 2419.1579   11.2288    15.518     0.097    22.431   _
   154.71833            V.180604_1714.S  146.1212204  -31.7315006 2306.6311   27.6547    15.570     0.040    22.506   _
   154.77510            V.180604_1836.S  146.1212242  -31.7315039 1930.6084   98.3526    15.764     0.011    21.986   _
   154.96825            V.180604_2314.C  146.1212177  -31.7314903 2078.6549   39.9524    15.683     0.027    22.326   MOON_BRIGHT
   155.37767            V.180605_0903.A  146.1212330  -31.7314951 2002.5374   54.6460    15.724     0.020    21.992   _
   155.72478            V.180605_1723.S  146.1212159  -31.7315050 2462.1941   11.7796    15.498     0.093    22.781   _
   156.37513            V.180606_0900.A  146.1212205  -31.7314902 2007.9795   50.4254    15.721     0.022    21.978   _
   156.72216            V.180606_1719.S  146.1212162  -31.7314934 2092.4298   33.6516    15.676     0.033    22.707   _
   156.97260            V.180606_2320.C  146.1212170  -31.7315011 2609.4521   9.91448    15.435     0.110    22.301   MOON_BRIGHT
   157.02654            V.180607_0038.C  146.1212130  -31.7314891 2482.3732   12.4874    15.490     0.087    22.382   MOON_BRIGHT
   157.71606            V.180607_1711.S  146.1212193  -31.7315062 2373.0145   17.7102    15.539     0.062    22.769   _
   157.96319            V.180607_2307.C  146.1212155  -31.7314974 2632.8192   10.0813    15.425     0.108    22.305   MOON_BRIGHT
   158.01650            V.180608_0023.C  146.1212289  -31.7314978 2461.2244   15.8567    15.499     0.069    22.276   MOON_BRIGHT
   158.71397            V.180608_1708.S  146.1212199  -31.7315021 2151.1700   12.9646    15.646     0.084    22.033   _
   158.95926            V.180608_2301.C  146.1212103  -31.7314988 1982.6975   16.0997    15.735     0.068    22.642   MOON_BRIGHT
   159.01142            V.180609_0016.C  146.1212099  -31.7315056 2423.9767   6.53387    15.516     0.167    21.714   MOON_BRIGHT
   160.37023            V.180610_0853.A  146.1212201  -31.7314910 2081.1470   47.0033    15.682     0.023    22.000   _
   160.71640            V.180610_1711.S  146.1212372  -31.7314926 1988.5432   77.5710    15.732     0.014    22.099   _
   161.37157            V.180611_0855.A  146.1212313  -31.7314942 2149.1817   40.6846    15.647     0.027    21.711   _
   161.70929            V.180611_1701.S  146.1212257  -31.7315062 2186.8293   26.8145    15.628     0.041    22.834   _
   162.36826            V.180612_0850.A  146.1212171  -31.7314959 2119.7597   29.0606    15.662     0.038    22.320   _
   162.71009            V.180612_1702.S  146.1212165  -31.7315034 2172.1797   29.6275    15.635     0.037    22.652   _
   162.96801            V.180612_2313.C  146.1212069  -31.7315080 2181.8581   52.2120    15.630     0.021    22.168   _
   163.37582            V.180613_0901.A  146.1212313  -31.7315113 1722.5733   103.957    15.888     0.011    21.536   _
   163.71079            V.180613_1703.S  146.1212233  -31.7315022 2139.5501   30.8048    15.652     0.035    22.597   MOON_BRIGHT
   163.96493            V.180613_2309.C  146.1212198  -31.7314994 2165.8584   12.3627    15.638     0.088    22.661   _
   164.36890            V.180614_0851.A  146.1212403  -31.7315079 1901.1676   75.0820    15.781     0.015    21.597   _
   164.96634            V.180614_2311.C  146.1212259  -31.7314966 2633.8196   10.5014    15.425     0.104    22.676   _
   166.70782            V.180616_1659.S  146.1212888  -31.7315873 1876.0673   8.64765    15.795     0.126    20.152   MOON_BRIGHT
   166.97499            V.180616_2323.C  146.1212168  -31.7314919 2386.6767   11.2686    15.532     0.097    22.636   _
   167.97282            V.180617_2320.C  146.1212140  -31.7314978 3227.1808   2.90437    15.203     0.376    22.185   _
   168.97125            V.180618_2318.C  146.1212137  -31.7314893 2354.2552   9.79179    15.547     0.111    22.236   _
   169.37258            V.180619_0856.A  146.1212438  -31.7315101 1770.4547   79.6880    15.858     0.014    21.558   _
   169.96090            V.180619_2303.C  146.1212183  -31.7314953 2910.3397   3.74466    15.316     0.291    21.995   _
   170.70894            V.180620_1700.S  146.1212242  -31.7314982 1894.7883   63.0651    15.784     0.017    21.633   MOON_BRIGHT
   170.95006            V.180620_2248.C  146.1212264  -31.7315067 2488.2152   9.84944    15.487     0.111    21.660   _
   171.37091            V.180621_0854.A  146.1212332  -31.7315231 1899.1210   53.2910    15.782     0.021    21.308   MOON_BRIGHT
   171.95087            V.180621_2249.C  146.1212324  -31.7315004 2258.7968   13.0109    15.593     0.084    21.414   _
   172.36675            V.180622_0848.A  146.1212058  -31.7315072 2086.8839   29.0586    15.679     0.038    21.174   MOON_BRIGHT
   172.70457            V.180622_1654.S  146.1212139  -31.7314976 2502.1688   3.75618    15.481     0.290    22.189   MOON_BRIGHT
   172.95470            V.180622_2254.C  146.1212101  -31.7315099 1997.0098   18.9887    15.727     0.057    21.672   _
   173.36652            V.180623_0847.A  146.1212246  -31.7315095 2140.3250   26.6636    15.651     0.041    21.168   MOON_BRIGHT
   173.95063            V.180623_2248.C  146.1212162  -31.7315016 2751.6483   2.80781    15.377     0.389    21.449   _
   174.36257            V.180624_0842.A  146.1212160  -31.7315128 2263.8136   18.6596    15.590     0.059    21.114   MOON_BRIGHT
   174.70569            V.180624_1656.S  146.1212099  -31.7314973 2388.4047   11.2513    15.532     0.097    21.628   MOON_BRIGHT
   174.95198            V.180624_2250.C  146.1212479  -31.7315228 1555.3792   52.5338    16.000     0.021    20.760   MOON_BRIGHT
   175.36105            V.180625_0839.A  146.1212160  -31.7315120 2236.6053   18.2591    15.603     0.060    21.157   MOON_BRIGHT
   175.94808            V.180625_2245.C  146.1212295  -31.7315170 2217.1190   14.9284    15.613     0.073    20.932   MOON_BRIGHT
   176.35656            V.180626_0833.A  146.1212080  -31.7315151 2387.5137   10.4529    15.532     0.104    21.158   MOON_BRIGHT
   176.70402            V.180626_1653.S  146.1212181  -31.7315030 2567.7002   3.81238    15.453     0.286    21.450   _
   176.96451            V.180626_2308.C  146.1212080  -31.7315079 2446.7089   8.77217    15.505     0.124    21.818   MOON_BRIGHT
   177.95238            V.180627_2251.C  146.1212094  -31.7314928 2286.7520   6.06373    15.579     0.180    21.600   MOON_BRIGHT