; SOURCE_NAME : oh_gal
; SOURCE_RA_DEC	[146.12331, 146.1186771, 146.1211579, 146.1252263, 146.1211737]	[-31.72825, -31.72441639, -31.7266625, -31.72913221, -31.73156611]
; NUMBER_OF_REFERENCES	11
; Nilou Afsari	180627_2251
; OBSDAY2018                     STRTXT     RA_MC(")    DEC_MC(") Flux(uJy)       SNR    MAG_MC MAGERR_MC    LIM_MC   NOTE
    37.46333            B.180207_1107.A  146.1211992  -31.7315213 867.43492   25.1803    16.808     0.045    22.459   MOON_BRIGHT
    37.50887            B.180207_1212.A  146.1212166  -31.7315149 843.33132   16.3365    16.839     0.068    22.993   MOON_BRIGHT
    37.80058            B.180207_1912.S  -99.9999999  -99.9999999 -99.99999    -99.99   -99.999   -99.999   -99.999   PSF_ERROR_BAD_IMAGE
    38.03679            B.180208_0052.C  146.1212507  -31.7315214 646.73183   51.8074    17.129     0.025    22.536   MOON_BRIGHT
    38.06370            B.180208_0131.C  146.1212238  -31.7315096 715.46760   37.3637    17.018     0.032    22.856   MOON_BRIGHT
    38.09876            B.180208_0222.C  146.1212163  -31.7314990 822.27838   9.60484    16.867     0.114    23.236   MOON_BRIGHT
    38.45348            B.180208_1053.A  146.1212432  -31.7316016 -99.99999    -99.99   -99.999   -99.999    19.486   MOON_BRIGHT
    38.47685            B.180208_1126.A  146.1212001  -31.7314935 750.76428   48.4842    16.966     0.026    22.451   MOON_BRIGHT
    38.80666            B.180208_1921.S  146.1212286  -31.7314979 753.73492   11.6218    16.962     0.095    23.515   _
    39.83674            B.180209_2004.S  -99.9999999  -99.9999999 -99.99999    -99.99   -99.999   -99.999   -99.999   PSF_ERROR_BAD_IMAGE
    39.89186            B.180209_2124.S  146.1212282  -31.7315019 693.19831   38.6019    17.053     0.031    22.631   _
    40.78906            B.180210_1856.S  146.1212140  -31.7315046 616.30897   61.9485    17.181     0.022    22.845   _
    40.87553            B.180210_2100.S  146.1212072  -31.7314884 757.21561   20.7485    16.956     0.054    23.435   _
    41.60304            B.180211_1428.A  146.1212184  -31.7314884 686.46472   21.0758    17.063     0.053    22.353   MOON_BRIGHT
    41.66407            B.180211_1556.A  146.1212282  -31.7314905 894.03504   6.35501    16.775     0.172    22.756   MOON_BRIGHT
    41.72435            B.180211_1723.A  146.1212246  -31.7315048 839.17966   7.78571    16.844     0.141    22.470   MOON_BRIGHT
    43.67481            B.180213_1611.A  146.1212100  -31.7314962 1211.6188   1.59469    16.444     0.684    22.928   MOON_BRIGHT
    43.73911            B.180213_1744.A  146.1212196  -31.7314918 856.25087   9.84061    16.822     0.112    22.854   MOON_BRIGHT
    46.43675            B.180216_1028.A  146.1212159  -31.7315044 723.73002   37.8819    17.006     0.032    22.723   _
    46.47925            B.180216_1130.A  -99.9999999  -99.9999999 -99.99999    -99.99   -99.999   -99.999   -99.999   PSF_ERROR_BAD_IMAGE
    46.53052            B.180216_1243.A  146.1212103  -31.7315242 769.42094   28.5769    16.939     0.040    22.939   _
    47.44201            B.180217_1036.A  146.1212298  -31.7315264 970.36351   18.4859    16.686     0.060    22.410   _
    47.48938            B.180217_1144.A  146.1212146  -31.7315209 743.98431   26.4374    16.976     0.043    22.734   _
    48.43181            B.180218_1021.A  146.1212264  -31.7315124 913.55283   8.24307    16.752     0.133    22.419   _
    48.48350            B.180218_1136.A  146.1212144  -31.7315097 918.48856   32.9773    16.746     0.036    22.370   _
    48.53432            B.180218_1249.A  146.1212240  -31.7314794 884.33857   14.3154    16.787     0.077    23.007   _
    48.55866            B.180218_1324.A  146.1212917  -31.7316176 1483.7805   0.07710    16.223    14.148    20.531   _
    48.80095            B.180218_1913.S  146.1211983  -31.7315127 570.64592   77.4149    17.265     0.019    22.728   MOON_BRIGHT
    48.83302            B.180218_1959.S  146.1212180  -31.7315039 667.04067   52.9341    17.095     0.024    22.896   MOON_BRIGHT
    48.89200            B.180218_2124.S  146.1212292  -31.7314976 670.81076   55.7921    17.089     0.023    23.066   _
    49.04081            B.180219_0058.C  146.1212177  -31.7315081 918.89313   8.19429    16.745     0.134    22.623   _
    49.10075            B.180219_0225.C  146.1212022  -31.7315101 941.41122   4.89185    16.719     0.223    23.097   _
    49.20450            B.180219_0454.C  146.1212098  -31.7314930 1019.2888   2.30620    16.632     0.473    23.264   _
    49.79507            B.180219_1904.S  146.1212209  -31.7314915 705.45541   25.6253    17.034     0.045    23.096   MOON_BRIGHT
    49.83058            B.180219_1956.S  146.1212157  -31.7314878 708.09349   25.2312    17.030     0.045    23.287   MOON_BRIGHT
    49.88400            B.180219_2112.S  146.1212049  -31.7314994 758.66176   23.4647    16.954     0.048    23.317   _
    49.96463            B.180219_2309.S  -99.9999999  -99.9999999 -99.99999    -99.99   -99.999   -99.999   -99.999   PSF_ERROR_BAD_IMAGE
    50.03512            B.180220_0050.C  146.1212253  -31.7315252 753.65119   26.5915    16.962     0.043    22.626   _
    50.06257            B.180220_0130.C  146.1212119  -31.7315096 785.73273   14.7843    16.916     0.075    22.782   _
    50.11730            B.180220_0248.C  146.1212146  -31.7314998 914.71597   8.43354    16.750     0.130    23.086   _
    50.23714            B.180220_0541.C  146.1212148  -31.7315020 688.65564   23.5770    17.060     0.048    23.091   _
    50.78319            B.180220_1847.S  146.1212403  -31.7315025 590.32059   63.0813    17.228     0.022    22.581   MOON_BRIGHT
    50.81003            B.180220_1926.S  146.1212139  -31.7315024 656.12804   30.0431    17.113     0.039    23.125   MOON_BRIGHT
    50.86057            B.180220_2039.S  146.1212233  -31.7315182 649.56545   30.0660    17.124     0.039    22.561   MOON_BRIGHT
    50.93032            B.180220_2219.S  146.1213573  -31.7314950 459.51214   7.66165    17.501     0.143    19.794   _
    50.93376            B.180220_2224.S  146.1213574  -31.7316416 502.30602   8.84837    17.404     0.124    20.528   _
    51.04237            B.180221_0101.C  146.1212060  -31.7315068 922.25826   5.19049    16.741     0.211    22.887   _
    51.11205            B.180221_0241.C  146.1211957  -31.7315047 1118.0770   1.64023    16.531     0.665    23.192   _
    51.19372            B.180221_0438.C  146.1212143  -31.7315040 788.32026   9.62536    16.913     0.114    23.508   _
    51.26022            B.180221_0614.C  146.1212097  -31.7314935 959.47757   3.27716    16.698     0.333    23.444   _
    51.43499            B.180221_1026.A  146.1212398  -31.7315214 718.08001   13.1434    17.014     0.084    21.940   _
    51.46617            B.180221_1111.A  146.1212342  -31.7315170 874.75546   4.05795    16.799     0.269    21.731   _
    51.47023            B.180221_1117.A  146.1212397  -31.7315222 532.89531   29.1767    17.340     0.040    21.745   _
    51.50892            B.180221_1212.A  146.1212115  -31.7314955 814.12953   7.82329    16.877     0.140    22.177   _
    51.57343            B.180221_1345.A  146.1212225  -31.7314990 885.14642   7.45766    16.786     0.147    23.087   _
    51.63488            B.180221_1514.A  146.1212151  -31.7315069 548.60233   50.0032    17.308     0.025    22.035   _
    51.78856            B.180221_1855.S  146.1212459  -31.7315100 678.28785   27.4385    17.077     0.042    22.830   MOON_BRIGHT
    51.82308            B.180221_1945.S  146.1212177  -31.7315161 652.02710   30.1902    17.120     0.038    22.999   MOON_BRIGHT
    53.04308            B.180223_0102.C  146.1212495  -31.7315216 735.45725   22.6634    16.988     0.050    22.258   _
    53.09544            B.180223_0217.C  146.1212231  -31.7315104 823.05145   10.3772    16.866     0.106    22.502   _
    53.18226            B.180223_0422.C  146.1212169  -31.7315032 815.87576   7.32890    16.875     0.149    23.481   _
    53.24464            B.180223_0552.C  146.1212103  -31.7314943 816.07412   6.31946    16.875     0.173    23.556   _
    53.82358            B.180223_1945.S  146.1212250  -31.7315199 614.20601   37.7301    17.185     0.032    22.116   MOON_BRIGHT
    53.88227            B.180223_2110.S  146.1212435  -31.7315619 677.33155   20.3310    17.078     0.055    21.793   MOON_BRIGHT
    53.96470            B.180223_2309.S  146.1212132  -31.7315141 582.83273   77.6434    17.242     0.019    22.703   MOON_BRIGHT
    54.03718            B.180224_0053.S  146.1212358  -31.7315083 670.16826   47.1394    17.090     0.027    22.678   MOON_BRIGHT
    55.04559            B.180225_0105.C  146.1212177  -31.7315115 904.68447   3.71588    16.762     0.294    22.749   _
    55.05682            B.180225_0121.C  146.1212201  -31.7315120 873.73897   5.02339    16.800     0.218    22.857   _
    55.11597            B.180225_0247.C  146.1212077  -31.7315088 1018.9406   0.63877    16.633     1.708    23.017   _
    55.19512            B.180225_0440.C  146.1212075  -31.7315019 694.60062   6.24568    17.051     0.175    23.317   _
    55.26370            B.180225_0619.C  146.1212039  -31.7314943 850.30862   5.89790    16.830     0.185    23.718   _
    55.26794            B.180225_0625.C  146.1212151  -31.7315018 950.36683   4.70138    16.709     0.232    23.657   _
    55.78030            B.180225_1843.S  146.1212279  -31.7315305 629.34842   24.8355    17.158     0.046    22.240   MOON_BRIGHT
    55.81170            B.180225_1928.S  146.1212167  -31.7315202 842.01904   4.43956    16.841     0.246    21.749   MOON_BRIGHT
    55.86668            B.180225_2048.S  146.1212175  -31.7315148 842.19757   6.33396    16.840     0.173    22.128   MOON_BRIGHT
    55.94166            B.180225_2235.S  146.1212334  -31.7315243 690.68657   17.6229    17.057     0.063    22.226   MOON_BRIGHT
    56.01422            B.180226_0020.S  146.1212241  -31.7315100 641.73309   60.2796    17.137     0.022    22.795   MOON_BRIGHT
    57.04325            B.180227_0102.C  146.1211981  -31.7315135 822.36873   7.49611    16.866     0.146    21.747   _
    57.04471            B.180227_0104.C  146.1212241  -31.7315095 650.22796   16.9007    17.123     0.066    21.834   _
    57.10113            B.180227_0225.C  146.1212120  -31.7315098 647.70539   12.8219    17.127     0.086    22.260   _
    57.17851            B.180227_0417.C  146.1212141  -31.7315020 916.92432   1.13766    16.748     0.959    22.454   _
    57.24381            B.180227_0551.C  146.1212170  -31.7315036 779.73763   5.27781    16.925     0.207    22.331   _
    57.42861            B.180227_1017.A  146.1212295  -31.7315213 798.95989   7.13944    16.898     0.153    21.860   MOON_BRIGHT
    57.49797            B.180227_1157.A  146.1212392  -31.7315029 699.32640   13.6260    17.043     0.081    21.729   MOON_BRIGHT
    57.58515            B.180227_1402.A  146.1212336  -31.7315302 669.07487   16.9573    17.091     0.066    21.567   _
    57.65891            B.180227_1548.A  146.1212639  -31.7315351 542.55483   30.3764    17.320     0.038    21.197   _
    57.78442            B.180227_1849.S  146.1212034  -31.7315033 660.02965   8.94496    17.106     0.123    22.127   MOON_BRIGHT
    57.81236            B.180227_1929.S  146.1212187  -31.7315143 603.68167   10.6004    17.204     0.104    22.251   MOON_BRIGHT
    57.86448            B.180227_2044.S  -99.9999999  -99.9999999 -99.99999    -99.99   -99.999   -99.999   -99.999   PSF_ERROR_BAD_IMAGE
    57.86765            B.180227_2049.S  146.1212072  -31.7315098 1098.3610   0.13646    16.551     7.994    22.353   MOON_BRIGHT
    57.94693            B.180227_2243.S  146.1212220  -31.7315068 749.87512   3.92800    16.967     0.278    22.456   MOON_BRIGHT
    58.02297            B.180228_0033.S  146.1212405  -31.7315323 822.43327   5.15563    16.866     0.212    21.632   MOON_BRIGHT
    59.44355            B.180301_1038.A  146.1212133  -31.7315345 718.39115   10.4025    17.014     0.106    21.302   MOON_BRIGHT
    59.44510            B.180301_1040.A  146.1212570  -31.7315178 856.44587   3.96410    16.822     0.276    21.369   MOON_BRIGHT
    59.50713            B.180301_1210.A  146.1212494  -31.7315441 711.82093   10.5440    17.024     0.104    21.283   MOON_BRIGHT
    59.58412            B.180301_1401.A  146.1212249  -31.7315223 576.52598   18.5288    17.254     0.060    21.177   MOON_BRIGHT
    59.65719            B.180301_1546.A  146.1212370  -31.7314938 569.45689   23.6218    17.267     0.048    21.063   _
    59.77347            B.180301_1833.S  146.1212670  -31.7315485 863.44025   4.25840    16.813     0.257    20.819   _
    59.82506            B.180301_1948.S  146.1212161  -31.7315555 1133.6026   0.80808    16.516     1.350    20.961   _
    61.03093            B.180303_0044.C  146.1212185  -31.7315280 700.11338   8.18111    17.042     0.134    21.854   MOON_BRIGHT
    61.08899            B.180303_0208.C  146.1212280  -31.7315228 735.67385   3.69393    16.988     0.296    21.953   MOON_BRIGHT
    61.15796            B.180303_0347.C  146.1212262  -31.7315125 907.73908   0.57294    16.759     1.904    22.123   _
    61.23045            B.180303_0531.C  146.1212101  -31.7315093 868.88716   1.19132    16.806     0.916    21.984   _
    61.77403            B.180303_1834.S  146.1212279  -31.7315034 681.19916   30.6550    17.072     0.038    22.279   _
    61.81215            B.180303_1929.S  146.1212124  -31.7315195 575.41112   24.9244    17.256     0.046    22.093   _
    61.86429            B.180303_2044.S  146.1212639  -31.7315265 802.56474   5.07113    16.893     0.216    21.491   _
    62.01027            B.180304_0014.S  146.1212335  -31.7315274 607.46200   25.0165    17.197     0.046    21.734   MOON_BRIGHT
    63.03719            B.180305_0053.C  146.1212205  -31.7314951 1172.1330   0.53097    16.480     2.055    23.469   MOON_BRIGHT
    63.10539            B.180305_0231.C  146.1212127  -31.7315056 658.72609   7.49876    17.108     0.146    22.756   MOON_BRIGHT
    63.17589            B.180305_0413.C  146.1212093  -31.7314923 1154.5864   0.16361    16.496     6.668    22.511   _
    63.25169            B.180305_0602.C  146.1211986  -31.7315059 850.55704   6.98200    16.830     0.157    22.344   _
    63.78453            B.180305_1849.S  146.1212220  -31.7314885 593.17080   65.8414    17.223     0.021    22.656   _
    63.81411            B.180305_1932.S  146.1212036  -31.7314913 766.86063   24.6439    16.943     0.046    23.065   _
    63.86958            B.180305_2052.S  146.1212279  -31.7315172 695.85730   14.8898    17.049     0.074    22.287   _
    63.94494            B.180305_2240.S  146.1212264  -31.7315123 597.84164   31.5052    17.214     0.037    22.203   MOON_BRIGHT
    64.01693            B.180306_0024.S  146.1212388  -31.7315367 572.70239   32.0765    17.261     0.036    21.776   MOON_BRIGHT
    65.02892            B.180307_0041.C  146.1212258  -31.7315007 771.52684   21.0968    16.936     0.053    23.010   MOON_BRIGHT
    65.07775            B.180307_0151.C  146.1212207  -31.7315027 865.37898   7.06425    16.811     0.155    23.361   MOON_BRIGHT
    65.17253            B.180307_0408.C  146.1212200  -31.7315007 918.88084   3.28679    16.745     0.332    22.719   MOON_BRIGHT
    65.23900            B.180307_0544.C  146.1212010  -31.7315067 772.79012   7.05792    16.934     0.155    22.687   MOON_BRIGHT
    65.76744            B.180307_1825.S  146.1212199  -31.7315108 580.70092   83.5673    17.246     0.018    22.946   _
    65.79970            B.180307_1911.S  146.1212285  -31.7315084 601.29895   81.9237    17.208     0.019    23.047   _
    65.85395            B.180307_2029.S  146.1212230  -31.7314990 650.23013   41.2743    17.123     0.029    22.639   _
    67.65010            B.180309_1536.A  146.1212054  -31.7315203 656.90353   29.9784    17.112     0.039    22.368   MOON_BRIGHT
    67.65507            B.180309_1543.A  146.1212321  -31.7315149 710.44015   18.6949    17.026     0.060    22.355   MOON_BRIGHT
    69.02166            B.180311_0031.C  146.1212120  -31.7315074 957.86918   3.93504    16.700     0.278    23.535   MOON_BRIGHT
    69.07459            B.180311_0147.C  146.1212231  -31.7315144 786.71650   13.9171    16.915     0.079    23.273   MOON_BRIGHT
    69.14815            B.180311_0333.C  146.1212140  -31.7315046 984.35801   3.48042    16.670     0.314    23.481   MOON_BRIGHT
    69.22032            B.180311_0517.C  146.1212162  -31.7314986 819.59441   13.8817    16.870     0.080    23.322   MOON_BRIGHT
    69.41931            B.180311_1003.A  146.1212121  -31.7315025 861.83665   17.5628    16.815     0.063    23.008   _
    69.46963            B.180311_1116.A  146.1212135  -31.7314927 848.22228   12.8850    16.833     0.086    23.201   _
    69.51954            B.180311_1228.A  146.1212210  -31.7314990 748.29870   19.0280    16.969     0.059    22.975   MOON_BRIGHT
    69.57032            B.180311_1341.A  146.1212110  -31.7314992 821.25443   14.1225    16.868     0.078    23.074   MOON_BRIGHT
    69.63403            B.180311_1513.A  146.1212186  -31.7314887 841.82229   8.48489    16.841     0.129    23.208   MOON_BRIGHT
    69.76895            B.180311_1827.S  146.1212075  -31.7314986 637.90047   45.4959    17.144     0.027    23.414   _
    69.80699            B.180311_1922.S  146.1212230  -31.7314948 681.24943   31.4303    17.072     0.037    23.350   _
    69.87730            B.180311_2103.S  146.1212247  -31.7315178 631.00030   65.8970    17.155     0.021    22.892   _
    69.94407            B.180311_2239.S  146.1212071  -31.7314956 741.97574   28.2243    16.979     0.041    23.286   _
    71.02431            B.180313_0034.C  146.1212204  -31.7315011 802.27492   11.5804    16.893     0.095    23.478   MOON_BRIGHT
    71.07391            B.180313_0146.C  146.1212175  -31.7315037 842.47507   8.19696    16.840     0.134    23.334   MOON_BRIGHT
    71.14281            B.180313_0325.C  146.1212171  -31.7315025 1019.7601   2.83219    16.632     0.385    23.343   MOON_BRIGHT
    71.20745            B.180313_0458.C  146.1212037  -31.7314928 971.49853   3.73512    16.685     0.292    23.355   MOON_BRIGHT
    73.02397            B.180315_0034.C  146.1212150  -31.7315040 956.55480   4.39419    16.702     0.249    23.504   MOON_BRIGHT
    73.07381            B.180315_0146.C  146.1212222  -31.7315060 770.36079   13.3577    16.938     0.083    23.526   MOON_BRIGHT
    73.14225            B.180315_0324.C  146.1212241  -31.7314969 868.77996   9.73338    16.807     0.113    23.545   MOON_BRIGHT
    73.20485            B.180315_0454.C  146.1212229  -31.7314971 1107.8978   1.34907    16.541     0.809    23.408   MOON_BRIGHT
    73.42944            B.180315_1018.A  146.1212134  -31.7315151 1047.8924   2.01696    16.602     0.541    22.984   _
    73.48285            B.180315_1135.A  146.1212175  -31.7315125 842.59280   13.1494    16.840     0.084    22.794   _
    73.53199            B.180315_1246.A  146.1212150  -31.7315057 854.95281   10.6534    16.824     0.103    23.081   _
    73.60028            B.180315_1424.A  146.1212178  -31.7314851 899.76964   10.6170    16.768     0.104    22.992   _
    73.77538            B.180315_1836.S  -99.9999999  -99.9999999 -99.99999    -99.99   -99.999   -99.999   -99.999   PSF_ERROR_BAD_IMAGE
    75.01766            B.180317_0025.C  146.1212253  -31.7314963 809.84488   12.2814    16.883     0.090    23.291   _
    75.06978            B.180317_0140.C  146.1212194  -31.7315008 954.53700   3.01509    16.704     0.362    23.483   _
    75.14069            B.180317_0322.C  146.1212140  -31.7314988 995.88198   1.64029    16.658     0.665    23.588   MOON_BRIGHT
    75.20770            B.180317_0459.C  146.1212179  -31.7314915 925.57279   4.28281    16.737     0.255    23.559   MOON_BRIGHT
    75.41247            B.180317_0953.A  146.1212218  -31.7315230 902.78149   15.0240    16.765     0.074    22.844   _
    75.46174            B.180317_1104.A  146.1212301  -31.7315324 721.25284   18.7801    17.010     0.060    22.427   _
    75.51696            B.180317_1224.A  146.1212243  -31.7314700 768.07791   40.2867    16.941     0.030    23.009   _
    75.58532            B.180317_1402.A  146.1212194  -31.7315026 897.66041   4.27447    16.771     0.256    23.101   _
    75.76591            B.180317_1822.S  146.1212152  -31.7314961 695.93712   40.5142    17.049     0.030    23.402   MOON_BRIGHT
    75.83410            B.180317_2001.S  146.1212176  -31.7315005 742.08734   25.3499    16.978     0.045    23.528   _
    75.90414            B.180317_2141.S  146.1212351  -31.7314939 585.29011   78.5138    17.237     0.019    22.936   _
    75.97269            B.180317_2320.S  146.1212523  -31.7315055 504.12759   89.1334    17.400     0.018    22.508   _
    76.40544            B.180318_0943.A  146.1212267  -31.7315058 782.71329   20.4653    16.920     0.055    22.790   _
    76.45869            B.180318_1100.A  146.1212167  -31.7315060 881.96178   12.1524    16.790     0.091    22.903   _
    76.50815            B.180318_1211.A  146.1212295  -31.7315061 830.08707   14.5882    16.856     0.076    22.841   _
    76.57984            B.180318_1354.A  146.1212196  -31.7314854 778.55743   23.3267    16.926     0.049    22.977   _
    76.76356            B.180318_1819.S  146.1212070  -31.7315002 762.85950   12.4260    16.948     0.089    23.745   MOON_BRIGHT
    76.82435            B.180318_1947.S  146.1212117  -31.7315017 770.78068   8.91661    16.937     0.123    23.748   _
    76.88903            B.180318_2120.S  146.1212205  -31.7315025 703.99593   15.6676    17.036     0.071    23.694   _
    76.95966            B.180318_2301.S  146.1212160  -31.7314957 760.76209   12.5622    16.951     0.088    23.655   _
    77.15582            B.180319_0344.C  146.1212109  -31.7315051 790.06935   7.76829    16.910     0.141    23.536   _
    77.22382            B.180319_0522.C  146.1212037  -31.7314969 880.08290   6.83762    16.792     0.160    23.437   MOON_BRIGHT
    77.41617            B.180319_0959.A  146.1212248  -31.7315092 877.68993   13.1725    16.795     0.084    22.852   _
    77.47019            B.180319_1117.A  146.1212066  -31.7314991 934.57578   6.18536    16.727     0.177    23.104   _
    77.52035            B.180319_1229.A  146.1212276  -31.7315174 520.79329   75.9250    17.365     0.019    22.157   _
    77.59203            B.180319_1412.A  146.1212236  -31.7315029 765.00635   21.6812    16.945     0.052    22.872   _
    77.76203            B.180319_1817.S  146.1212112  -31.7315069 1077.1273   1.14672    16.572     0.951    23.544   MOON_BRIGHT
    77.82822            B.180319_1952.S  146.1212149  -31.7315019 760.74544   9.13803    16.951     0.120    23.692   _
    77.90330            B.180319_2140.S  146.1212142  -31.7315035 708.64799   18.1703    17.029     0.061    23.569   _
    77.96730            B.180319_2312.S  146.1212104  -31.7314960 848.61038   6.76351    16.832     0.162    23.412   _
    78.14904            B.180320_0334.C  146.1212167  -31.7314944 846.84862   7.37221    16.834     0.149    23.536   _
    78.22117            B.180320_0518.C  146.1212201  -31.7315031 1002.9283   4.57034    16.650     0.239    23.296   MOON_BRIGHT
    78.41575            B.180320_0958.A  146.1212286  -31.7315192 603.28152   50.1604    17.204     0.025    22.199   _
    78.47034            B.180320_1117.A  146.1212232  -31.7315013 708.07491   27.9927    17.030     0.041    23.040   _
    78.51956            B.180320_1228.A  146.1212223  -31.7315007 866.62165   8.58047    16.809     0.128    22.810   _
    78.76064            B.180320_1815.S  -99.9999999  -99.9999999 -99.99999    -99.99   -99.999   -99.999   -99.999   PSF_ERROR_BAD_IMAGE
    78.81828            B.180320_1938.S  -99.9999999  -99.9999999 -99.99999    -99.99   -99.999   -99.999   -99.999   PSF_ERROR_BAD_IMAGE
    79.13939            B.180321_0320.C  146.1212136  -31.7315005 905.68403   3.76569    16.761     0.290    23.335   _
    79.21696            B.180321_0512.C  146.1212179  -31.7314932 853.29876   11.7812    16.826     0.094    23.135   _
    79.76010            B.180321_1814.S  146.1212282  -31.7314984 685.61371   38.0170    17.065     0.031    23.109   MOON_BRIGHT
    79.81742            B.180321_1937.S  146.1212161  -31.7315139 609.67167   78.0477    17.193     0.019    22.793   MOON_BRIGHT
    79.87157            B.180321_2055.S  146.1212393  -31.7315054 528.82244   90.0110    17.348     0.018    22.791   MOON_BRIGHT
    80.12591            B.180322_0301.C  146.1212132  -31.7315009 918.90568   6.11081    16.745     0.179    23.313   _
    80.18870            B.180322_0431.C  146.1212115  -31.7314945 977.47098   4.79066    16.678     0.228    23.483   _
    81.11727            B.180323_0248.C  146.1212172  -31.7314992 1055.4325   1.56578    16.594     0.697    23.439   _
    81.18190            B.180323_0421.C  146.1212112  -31.7314958 1032.9598   1.62266    16.618     0.672    23.584   _
    81.40681            B.180323_0945.A  146.1212246  -31.7315047 745.62136   17.3253    16.973     0.064    22.637   _
    81.45743            B.180323_1058.A  146.1212274  -31.7315252 737.62235   7.80091    16.985     0.140    21.993   _
    81.45890            B.180323_1100.A  146.1212088  -31.7315059 930.60163   3.84247    16.732     0.284    22.818   _
    81.50918            B.180323_1213.A  146.1212095  -31.7315063 876.99997   7.39058    16.796     0.148    22.923   _
    81.60639            B.180323_1433.A  146.1212322  -31.7315011 622.73215   46.7969    17.170     0.027    22.105   _
    81.76258            B.180323_1818.S  146.1212148  -31.7315032 783.61027   6.31219    16.919     0.173    23.387   MOON_BRIGHT
    81.82115            B.180323_1942.S  146.1212083  -31.7314977 607.33930   21.7241    17.197     0.052    23.498   MOON_BRIGHT
    83.01993            B.180325_0028.C  146.1212132  -31.7315034 750.94834   9.92243    16.966     0.111    23.000   _
    83.07194            B.180325_0143.C  146.1212189  -31.7315019 972.03382   0.90063    16.684     1.211    22.930   _
    83.14166            B.180325_0323.C  146.1212095  -31.7314979 1070.4861   1.73149    16.579     0.630    22.983   _
    83.21362            B.180325_0507.C  146.1212159  -31.7314866 858.00337   9.18291    16.820     0.120    23.385   _
    83.76019            B.180325_1814.S  146.1212194  -31.7315193 651.37472   34.1997    17.121     0.034    22.276   MOON_BRIGHT
    83.81354            B.180325_1931.S  146.1212117  -31.7315210 860.95289   6.95009    16.816     0.158    22.212   MOON_BRIGHT
    83.88168            B.180325_2109.S  146.1212353  -31.7315306 704.03070   21.5749    17.036     0.052    22.218   MOON_BRIGHT
    83.94777            B.180325_2244.S  146.1212158  -31.7314942 747.90420   13.9706    16.970     0.079    22.777   MOON_BRIGHT
    85.40000            B.180327_0936.A  146.1212203  -31.7315180 810.38070   8.97358    16.882     0.122    22.016   MOON_BRIGHT
    85.45031            B.180327_1048.A  146.1212194  -31.7315197 695.26017   16.5522    17.050     0.067    21.772   MOON_BRIGHT
    85.50509            B.180327_1207.A  146.1212182  -31.7315222 711.12994   15.4581    17.025     0.072    21.878   _
    85.76015            B.180327_1814.S  146.1212366  -31.7315214 627.15410   15.5832    17.162     0.071    21.698   MOON_BRIGHT
    85.83397            B.180327_2000.S  146.1212149  -31.7315326 604.81836   9.99362    17.202     0.110    21.814   MOON_BRIGHT
    85.92100            B.180327_2206.S  146.1212098  -31.7315090 913.96184   1.40357    16.751     0.777    22.450   MOON_BRIGHT
    87.00255            B.180329_0003.C  146.1212134  -31.7315045 758.50496   5.12517    16.955     0.213    22.393   _
    87.07177            B.180329_0143.C  146.1212118  -31.7315103 941.64049   0.63011    16.719     1.731    22.478   _
    87.07328            B.180329_0145.C  146.1212162  -31.7315109 1115.5592   0.36136    16.534     3.019    22.441   _
    87.14017            B.180329_0321.C  146.1212135  -31.7315046 1035.2960   0.19306    16.615     5.651    22.438   _
    87.20582            B.180329_0456.C  146.1212156  -31.7315232 767.73347   10.8282    16.941     0.102    21.978   _
    87.39495            B.180329_0928.A  146.1212321  -31.7315249 748.54359   9.27096    16.969     0.118    21.695   MOON_BRIGHT
    87.44534            B.180329_1041.A  146.1212364  -31.7315552 893.07611   0.55424    16.776     1.968    21.079   MOON_BRIGHT
    87.45064            B.180329_1048.A  146.1212024  -31.7315048 936.96474   2.13875    16.724     0.510    21.830   MOON_BRIGHT
    87.50481            B.180329_1206.A  146.1212332  -31.7314945 738.16783   8.91212    16.984     0.123    21.925   MOON_BRIGHT
    87.57788            B.180329_1352.A  146.1212261  -31.7314941 1269.8625   0.09761    16.392    11.176    21.832   MOON_BRIGHT
    89.00948            B.180331_0013.C  146.1211956  -31.7315186 605.07610   8.95377    17.201     0.123    21.839   MOON_BRIGHT
    89.07763            B.180331_0151.C  146.1212157  -31.7315079 1344.7147   0.01237    16.330    88.180    22.141   _
    89.15902            B.180331_0348.C  146.1212029  -31.7315135 720.24865   4.57918    17.011     0.239    21.932   _
    89.40919            B.180331_0949.A  146.1212163  -31.7315086 1020.2734   0.62087    16.631     1.757    21.526   MOON_BRIGHT
    89.46701            B.180331_1112.A  146.1212479  -31.7315147 735.72151   6.80358    16.988     0.161    21.547   MOON_BRIGHT
    89.51735            B.180331_1225.A  146.1212184  -31.7314998 1482.1818   0.02245    16.224    48.579    21.534   MOON_BRIGHT
    89.59178            B.180331_1412.A  146.1212138  -31.7315275 2410.5095   6.43075    15.693   -99.999    20.909   MOON_BRIGHT
    89.85066            B.180331_2024.S  146.1212317  -31.7315218 703.84174   7.57285    17.036     0.145    21.524   MOON_BRIGHT
    90.99839            B.180401_2357.C  146.1212105  -31.7315109 831.96400   4.80987    16.854     0.227    22.867   MOON_BRIGHT
    91.07042            B.180402_0141.C  146.1212032  -31.7315108 580.89120   14.9594    17.246     0.074    22.498   MOON_BRIGHT
    91.13799            B.180402_0318.C  146.1212304  -31.7315066 1103.0268   0.42256    16.546     2.582    22.213   _
    91.19169            B.180402_0436.C  146.1211975  -31.7315168 1510.1621   0.01305    16.203    83.545    22.125   _
    91.39932            B.180402_0935.A  146.1212246  -31.7315268 857.07352   7.54662    16.821     0.145    22.368   MOON_BRIGHT
    91.74730            B.180402_1756.S  146.1211977  -31.7315019 768.57859   13.5812    16.940     0.081    23.284   _
    91.83559            B.180402_2003.S  146.1212183  -31.7315013 737.91469   8.28578    16.985     0.132    22.212   _
    91.90138            B.180402_2137.S  146.1212305  -31.7315386 636.06935   19.1533    17.147     0.058    21.862   MOON_BRIGHT
    93.00205            B.180404_0002.C  146.1212202  -31.7314871 1118.4054   1.21458    16.531     0.898    23.240   MOON_BRIGHT
    93.07762            B.180404_0151.C  146.1212014  -31.7315007 642.77029   9.50799    17.135     0.115    22.991   MOON_BRIGHT
    93.16204            B.180404_0353.C  146.1212100  -31.7315072 862.58195   2.16009    16.814     0.505    22.810   MOON_BRIGHT
    93.39454            B.180404_0928.A  146.1212124  -31.7315013 919.37343   7.00990    16.745     0.156    23.100   MOON_BRIGHT
    93.44547            B.180404_1041.A  146.1212308  -31.7315138 700.57332   11.8044    17.041     0.093    22.587   MOON_BRIGHT
    93.47557            B.180404_1124.A  146.1212166  -31.7315107 745.69145   9.20770    16.973     0.119    22.788   MOON_BRIGHT
    93.53961            B.180404_1257.A  146.1212072  -31.7315097 839.04496   6.34911    16.845     0.172    22.200   MOON_BRIGHT
    93.59471            B.180404_1416.A  146.1212282  -31.7315034 708.42786   14.5841    17.029     0.076    22.130   MOON_BRIGHT
    93.82148            B.180404_1942.S  146.1212106  -31.7315041 1369.2273   0.00628    16.310   173.663    22.860   _
    93.89676            B.180404_2131.S  146.1211960  -31.7315045 770.81824   4.83003    16.937     0.226    22.565   _
    94.99317            B.180405_2350.C  146.1212116  -31.7315071 798.80054   16.1759    16.898     0.069    23.122   MOON_BRIGHT
    95.06561            B.180406_0134.C  146.1212394  -31.7315050 1033.8588   7.59915    16.617     0.144    23.129   MOON_BRIGHT
    95.39288            B.180406_0925.A  146.1212259  -31.7315050 839.44745   19.2301    16.844     0.058    22.805   MOON_BRIGHT
    95.46890            B.180406_1115.A  146.1212185  -31.7314934 839.64533   8.45366    16.844     0.130    23.234   MOON_BRIGHT
    95.53174            B.180406_1245.A  146.1212200  -31.7315006 648.71924   26.4456    17.125     0.043    22.712   MOON_BRIGHT
    95.75113            B.180406_1801.S  146.1212099  -31.7314985 790.07127   18.1136    16.910     0.062    23.228   _
    95.82013            B.180406_1940.S  146.1212282  -31.7315202 701.55826   17.7537    17.040     0.063    22.602   _
    95.89285            B.180406_2125.S  146.1212115  -31.7315024 849.92602   5.03866    16.830     0.217    23.231   _
    96.99395            B.180407_2351.C  146.1212139  -31.7315060 840.79506   8.48699    16.842     0.129    23.392   MOON_BRIGHT
    97.07133            B.180408_0142.C  146.1212160  -31.7314983 993.40592   2.28400    16.660     0.478    23.483   MOON_BRIGHT
    97.13718            B.180408_0317.C  146.1212131  -31.7315050 863.68062   11.2963    16.813     0.097    23.331   MOON_BRIGHT
    97.39036            B.180408_0922.A  146.1212572  -31.7315377 686.89694   62.1604    17.063     0.022    21.988   _
    97.47253            B.180408_1120.A  146.1212137  -31.7314843 834.60376   9.11688    16.850     0.120    23.124   MOON_BRIGHT
    97.53546            B.180408_1251.A  146.1212088  -31.7315054 819.71317   12.0995    16.870     0.091    23.024   MOON_BRIGHT
    97.74044            B.180408_1746.S  146.1212218  -31.7314860 850.83425   14.3214    16.829     0.077    22.830   _
    97.81139            B.180408_1928.S  146.1212319  -31.7314985 689.85777   22.2393    17.058     0.051    22.624   _
    97.87564            B.180408_2100.S  146.1212317  -31.7314735 845.47657   13.2926    16.836     0.083    22.674   _
    98.99713            B.180409_2355.C  146.1212185  -31.7315130 790.61840   11.2127    16.909     0.098    22.966   MOON_BRIGHT
    99.06840            B.180410_0138.C  146.1212189  -31.7315052 699.88200   15.9871    17.042     0.069    23.276   MOON_BRIGHT
    99.12983            B.180410_0306.C  146.1212146  -31.7315072 797.60201   8.73717    16.900     0.126    22.977   MOON_BRIGHT
    99.75414            B.180410_1805.S  146.1212209  -31.7315052 726.63346   25.7041    17.001     0.044    23.217   _
   100.99912            B.180411_2358.C  146.1212120  -31.7315193 758.21997   15.9381    16.955     0.070    22.462   MOON_BRIGHT
   101.07716            B.180412_0151.C  146.1212167  -31.7314989 757.25702   13.7134    16.956     0.081    23.583   MOON_BRIGHT
   101.38924            B.180412_0920.A  146.1212227  -31.7315087 675.39225   22.8611    17.081     0.049    22.541   _
   101.46186            B.180412_1105.A  146.1212113  -31.7314924 812.02547   12.1332    16.880     0.091    23.147   _
   101.52429            B.180412_1234.A  146.1212181  -31.7314982 993.36342   2.34637    16.660     0.465    23.362   _
   101.75488            B.180412_1807.S  146.1212177  -31.7314971 759.74138   8.34847    16.953     0.131    23.739   _
   103.01245            B.180414_0017.C  146.1212061  -31.7315071 764.65367   12.7466    16.946     0.087    23.169   _
   103.07609            B.180414_0149.C  146.1212143  -31.7315029 948.88332   1.73081    16.710     0.630    23.537   MOON_BRIGHT
   103.13891            B.180414_0320.C  146.1212099  -31.7315084 847.58233   15.7622    16.833     0.070    23.235   MOON_BRIGHT
   103.40735            B.180414_0946.A  146.1212245  -31.7315127 712.24184   33.5152    17.023     0.035    22.855   _
   103.47435            B.180414_1123.A  146.1212132  -31.7315081 682.58168   19.0272    17.070     0.059    22.918   _
   103.53900            B.180414_1256.A  146.1212296  -31.7315087 718.64443   21.7432    17.014     0.052    22.773   _
   103.75515            B.180414_1807.S  146.1212127  -31.7315036 752.77809   15.5298    16.963     0.071    23.417   _
   103.81913            B.180414_1939.S  146.1212269  -31.7315018 692.66342   28.9531    17.054     0.040    23.363   _
   103.88644            B.180414_2116.S  146.1212184  -31.7315035 719.18252   20.6378    17.013     0.054    23.425   _
   103.99045            B.180414_2346.C  146.1212169  -31.7315074 857.36116   3.99870    16.821     0.273    23.101   _
   104.06155            B.180415_0128.C  146.1212132  -31.7315097 1107.5032   1.86956    16.542     0.584    23.169   _
   104.12992            B.180415_0307.C  146.1212397  -31.7315133 725.33889   36.8096    17.003     0.032    22.873   MOON_BRIGHT
   104.40687            B.180415_0945.A  146.1212141  -31.7314999 575.79599   28.2738    17.255     0.041    22.946   _
   104.47079            B.180415_1117.A  146.1212172  -31.7314973 793.41328   8.37939    16.906     0.131    23.330   _
   104.53652            B.180415_1252.A  146.1212212  -31.7314894 813.29848   7.26724    16.879     0.151    23.434   _
   104.75317            B.180415_1804.S  -99.9999999  -99.9999999 -99.99999    -99.99   -99.999   -99.999   -99.999   PSF_ERROR_BAD_IMAGE
   104.83769            B.180415_2006.S  146.1212321  -31.7315038 740.98952   20.4237    16.980     0.055    23.341   _
   104.90014            B.180415_2136.S  146.1212066  -31.7315084 672.05624   37.6078    17.087     0.032    23.114   _
   105.01308            B.180416_0018.C  146.1212106  -31.7315122 887.84611   8.08981    16.783     0.135    22.736   _
   105.09372            B.180416_0214.C  146.1212109  -31.7315041 851.10213   10.6405    16.829     0.103    23.246   _
   106.00374            B.180417_0005.C  146.1212234  -31.7315083 818.23413   10.1394    16.872     0.108    22.696   _
   106.06786            B.180417_0137.C  146.1212122  -31.7315012 865.33292   8.88667    16.811     0.123    23.279   _
   106.13132            B.180417_0309.C  146.1212247  -31.7315165 928.61636   29.2142    16.734     0.040    22.598   _
   106.13469            B.180417_0313.C  146.1212315  -31.7315088 830.76131   23.4012    16.855     0.048    22.827   _
   106.40080            B.180417_0937.A  146.1212378  -31.7315074 779.86974   15.8908    16.924     0.070    22.376   _
   106.40228            B.180417_0939.A  146.1212104  -31.7315064 660.53525   52.2935    17.105     0.025    22.645   _
   106.46698            B.180417_1112.A  146.1212142  -31.7315006 796.79881   11.4324    16.901     0.096    23.116   _
   106.53109            B.180417_1244.A  146.1212192  -31.7315073 775.71683   15.3808    16.930     0.072    22.929   _
   106.83228            B.180417_1958.S  146.1212161  -31.7315029 675.47452   16.9563    17.081     0.066    23.382   _
   106.89917            B.180417_2134.S  146.1212162  -31.7315049 719.39828   16.5341    17.012     0.067    23.459   _
   107.01532            B.180418_0022.C  146.1212266  -31.7315294 671.72960   52.9891    17.087     0.024    22.438   _
   107.08144            B.180418_0157.C  146.1212316  -31.7315323 626.90564   68.1350    17.163     0.021    22.601   _
   107.41164            B.180418_0952.A  146.1212341  -31.7315272 877.72439   3.26824    16.795     0.334    22.433   _
   108.00417            B.180419_0006.C  146.1212157  -31.7315074 821.27809   9.41806    16.868     0.117    23.293   _
   108.00569            B.180419_0008.C  146.1212226  -31.7315093 820.39594   8.90354    16.869     0.123    23.290   _
   108.07399            B.180419_0146.C  146.1212047  -31.7314927 1002.5364   1.84363    16.650     0.592    23.248   _
   108.13487            B.180419_0314.C  146.1212139  -31.7314947 781.88616   23.1173    16.922     0.049    23.200   _
   108.74966            B.180419_1759.S  146.1212263  -31.7314994 632.96733   48.8242    17.152     0.026    22.963   MOON_BRIGHT
   108.81419            B.180419_1932.S  146.1212310  -31.7314946 647.99097   58.0663    17.126     0.023    23.238   MOON_BRIGHT
   108.88748            B.180419_2117.S  146.1212261  -31.7314956 713.73998   33.7047    17.021     0.035    23.201   MOON_BRIGHT
   109.00769            B.180420_0011.C  146.1212200  -31.7315005 985.62872   2.45993    16.669     0.444    23.137   _
   109.07471            B.180420_0147.C  146.1212123  -31.7314954 862.44707   8.32289    16.815     0.132    23.340   _
   109.13792            B.180420_0318.C  146.1212144  -31.7314949 1124.2159   4.23134    16.525     0.258    23.085   _
   109.40094            B.180420_0937.A  146.1212225  -31.7315088 750.79249   12.1653    16.966     0.091    22.808   _
   109.40242            B.180420_0939.A  146.1212233  -31.7314955 797.60165   8.45027    16.900     0.130    23.107   _
   109.47245            B.180420_1120.A  146.1212173  -31.7314928 1177.8871   0.36491    16.474     2.990    23.434   _
   109.53392            B.180420_1248.A  146.1212101  -31.7314934 862.52979   6.95648    16.814     0.157    23.043   _
   109.53662            B.180420_1252.A  146.1212153  -31.7314957 849.78382   6.10465    16.831     0.179    23.188   _
   109.74477            B.180420_1752.S  -99.9999999  -99.9999999 -99.99999    -99.99   -99.999   -99.999   -99.999   PSF_ERROR_BAD_IMAGE
   109.74792            B.180420_1756.S  146.1212158  -31.7314984 612.90752   30.0017    17.187     0.039    23.514   MOON_BRIGHT
   109.82707            B.180420_1950.S  146.1212109  -31.7315077 720.22503   29.5842    17.011     0.039    23.176   MOON_BRIGHT
   109.88543            B.180420_2115.S  146.1212175  -31.7314981 734.91333   15.6993    16.989     0.071    23.720   MOON_BRIGHT
   110.00182            B.180421_0002.C  146.1212216  -31.7315037 1029.7741   0.86120    16.621     1.267    23.352   _
   110.06935            B.180421_0139.C  146.1212147  -31.7314983 809.71371   4.40715    16.883     0.248    23.466   _
   110.13991            B.180421_0321.C  146.1212063  -31.7314994 816.50594   17.7762    16.874     0.063    23.254   _
   110.40439            B.180421_0942.A  146.1212118  -31.7315133 894.01438   5.34990    16.775     0.204    22.690   _
   110.40799            B.180421_0947.A  146.1212234  -31.7315171 730.40944   18.7639    16.996     0.060    22.626   _
   110.40953            B.180421_0949.A  146.1212219  -31.7315223 752.71721   13.4550    16.963     0.082    22.588   _
   110.47869            B.180421_1129.A  146.1212229  -31.7315137 767.02519   17.0681    16.942     0.065    22.830   _
   110.75286            B.180421_1804.S  146.1212100  -31.7314983 712.42768   12.0128    17.023     0.092    23.211   MOON_BRIGHT
   110.82611            B.180421_1949.S  146.1212111  -31.7314981 658.05583   10.2929    17.110     0.107    23.599   MOON_BRIGHT
   110.88331            B.180421_2111.S  146.1212124  -31.7315023 776.02543   9.80962    16.930     0.112    23.812   MOON_BRIGHT
   111.01292            B.180422_0018.C  146.1212128  -31.7315049 661.05999   13.0266    17.105     0.085    23.266   _
   111.07581            B.180422_0149.C  146.1212071  -31.7314990 852.33902   4.71736    16.827     0.232    23.215   _
   111.13556            B.180422_0315.C  146.1212171  -31.7315051 847.54885   11.0277    16.834     0.100    23.090   _
   111.39493            B.180422_0928.A  146.1212202  -31.7314958 746.65385   9.40396    16.972     0.117    22.909   _
   111.45928            B.180422_1101.A  146.1212296  -31.7315205 693.60292   20.8281    17.052     0.054    22.007   _
   111.74880            B.180422_1758.S  146.1212145  -31.7315089 766.58136   4.67542    16.943     0.234    22.972   MOON_BRIGHT
   111.82110            B.180422_1942.S  146.1212194  -31.7315038 654.46673   10.8665    17.116     0.101    23.224   MOON_BRIGHT
   112.01970            B.180423_0028.C  146.1212037  -31.7315050 717.37378   14.4624    17.015     0.077    22.760   _
   112.13699            B.180423_0317.C  146.1212057  -31.7315067 1073.7283   0.95727    16.575     1.140    22.169   _
   112.40296            B.180423_0940.A  146.1212152  -31.7315013 802.85816   4.67352    16.893     0.234    22.643   MOON_BRIGHT
   112.47227            B.180423_1120.A  146.1212273  -31.7314991 696.99364   15.2103    17.047     0.073    22.578   _
   112.77365            B.180423_1834.S  146.1212224  -31.7315124 640.91754   23.8215    17.138     0.048    22.283   MOON_BRIGHT
   112.84600            B.180423_2018.S  146.1212321  -31.7315161 869.00576   7.87056    16.806     0.139    22.339   MOON_BRIGHT
   113.03176            B.180424_0045.C  146.1212041  -31.7315131 860.51431   4.17618    16.817     0.262    22.456   _
   113.03648            B.180424_0052.C  146.1212141  -31.7315110 850.77055   4.83260    16.829     0.226    22.459   _
   113.09998            B.180424_0223.C  146.1212172  -31.7315209 766.03286   10.3136    16.944     0.107    22.557   _
   113.39338            B.180424_0926.A  146.1212433  -31.7315238 799.36191   4.72985    16.897     0.231    22.176   MOON_BRIGHT
   113.39487            B.180424_0928.A  146.1212144  -31.7315100 891.22639   2.35726    16.779     0.463    22.368   MOON_BRIGHT
   113.46293            B.180424_1106.A  146.1212101  -31.7315081 798.01107   5.72411    16.899     0.191    22.130   _
   113.46589            B.180424_1110.A  146.1212276  -31.7315110 920.67320   2.38752    16.743     0.457    22.055   _
   113.82904            B.180424_1953.S  146.1212093  -31.7315100 629.83169   13.1324    17.157     0.084    22.605   MOON_BRIGHT
   113.99420            B.180424_2351.C  146.1212145  -31.7315082 733.39278   6.89905    16.991     0.159    22.484   _
   113.99613            B.180424_2354.C  146.1212117  -31.7315083 1028.3914   0.90665    16.623     1.203    22.403   _
   114.05713            B.180425_0122.C  146.1212127  -31.7314949 746.86366   6.63744    16.971     0.165    22.328   _
   115.38963            B.180426_0921.A  146.1212171  -31.7315138 917.13831   1.63740    16.747     0.666    22.195   MOON_BRIGHT
   115.45749            B.180426_1058.A  146.1212306  -31.7315267 1020.8592   1.10616    16.631     0.986    21.977   MOON_BRIGHT
   115.46091            B.180426_1103.A  146.1212150  -31.7315094 733.08401   9.50755    16.992     0.115    21.976   MOON_BRIGHT
   116.01909            B.180427_0027.C  146.1212308  -31.7315123 857.70664   3.05011    16.821     0.358    22.014   _
   116.08194            B.180427_0157.C  146.1212067  -31.7315177 667.02565   8.90058    17.095     0.123    21.873   _
   116.38622            B.180427_0916.A  146.1212099  -31.7315272 737.39330   9.40372    16.985     0.117    21.061   MOON_BRIGHT
   116.45240            B.180427_1051.A  146.1212507  -31.7315227 575.42236   20.2968    17.256     0.055    21.647   MOON_BRIGHT
   116.73786            B.180427_1742.S  146.1212108  -31.7315208 963.27211   0.90429    16.694     1.206    22.238   _
   116.80079            B.180427_1913.S  146.1212179  -31.7315081 638.74591   13.0668    17.142     0.084    22.042   MOON_BRIGHT
   116.86692            B.180427_2048.S  146.1212213  -31.7315413 766.71689   6.29302    16.943     0.174    21.705   MOON_BRIGHT
   116.99997            B.180427_2359.C  146.1212223  -31.7315117 565.90189   15.3989    17.274     0.072    21.947   _
   117.06295            B.180428_0130.C  146.1212194  -31.7315022 730.84304   4.24490    16.995     0.257    21.911   _
   117.38424            B.180428_0913.A  -99.9999999  -99.9999999 -99.99999    -99.99   -99.999   -99.999   -99.999   PSF_ERROR_BAD_IMAGE
   117.38572            B.180428_0915.A  146.1212294  -31.7315007 1049.5111   0.23161    16.600     4.710    21.956   MOON_BRIGHT
   117.45416            B.180428_1053.A  146.1212448  -31.7315380 690.16335   12.9290    17.058     0.085    21.513   MOON_BRIGHT
   117.73303            B.180428_1735.S  146.1212200  -31.7315225 931.81551   2.40393    16.730     0.454    21.327   _
   117.79948            B.180428_1911.S  146.1212466  -31.7315096 758.37337   6.35834    16.955     0.172    21.204   MOON_BRIGHT
   117.86747            B.180428_2049.S  146.1212598  -31.7315271 558.63573   8.88751    17.288     0.123    21.248   MOON_BRIGHT
   117.99052            B.180428_2346.C  146.1212401  -31.7315438 1170.4330   0.05741    16.481    19.002    20.915   MOON_BRIGHT
   118.05292            B.180429_0116.C  146.1212401  -31.7315280 4288.0299   1.63297    15.065   -99.999    20.351   _
   118.11567            B.180429_0246.C  146.1212465  -31.7316143 -99.99999    -99.99   -99.999   -99.999    20.253   _
   118.39436            B.180429_0927.A  146.1212223  -31.7315161 679.13262   9.30130    17.075     0.118    21.960   MOON_BRIGHT
   118.46461            B.180429_1109.A  146.1212152  -31.7315198 606.84801   13.2690    17.198     0.083    21.966   MOON_BRIGHT
   118.73473            B.180429_1738.S  146.1212299  -31.7315346 960.43290   2.17687    16.697     0.501    21.852   _
   118.79865            B.180429_1910.S  146.1212619  -31.7315988 461.61328   34.1688    17.496     0.034    21.081   MOON_BRIGHT
   118.86642            B.180429_2047.S  146.1212522  -31.7315284 886.28895   2.24466    16.785     0.486    21.435   MOON_BRIGHT
   118.99476            B.180429_2352.C  146.1212149  -31.7315305 612.84940   16.9216    17.187     0.066    22.008   MOON_BRIGHT
   119.05603            B.180430_0120.C  146.1212004  -31.7315111 1141.9609   0.28270    16.508     3.859    21.966   MOON_BRIGHT
   119.11530            B.180430_0245.C  146.1212705  -31.7315472 680.17115   12.2390    17.074     0.090    21.410   _
   119.38449            B.180430_0913.A  146.1212294  -31.7315213 1091.0781   0.85928    16.558     1.270    21.787   MOON_BRIGHT
   119.38718            B.180430_0917.A  146.1212334  -31.7315337 629.56054   23.4855    17.158     0.048    21.575   MOON_BRIGHT
   119.44903            B.180430_1046.A  146.1212555  -31.7315259 646.64748   13.8005    17.129     0.080    21.458   MOON_BRIGHT
   119.72882            B.180430_1729.S  146.1212221  -31.7315079 724.28504   4.27936    17.005     0.255    22.642   _
   119.79072            B.180430_1858.S  146.1212180  -31.7315122 610.63498   11.5150    17.191     0.096    22.457   _
   119.99671            B.180430_2355.C  146.1212540  -31.7315253 482.32298   3.02606    17.449     0.361    20.215   MOON_BRIGHT
   121.38632            B.180502_0916.A  146.1212171  -31.7315033 683.09890   16.1890    17.069     0.069    23.155   MOON_BRIGHT
   121.44708            B.180502_1043.A  146.1212207  -31.7314884 823.84577   4.27718    16.864     0.255    22.509   MOON_BRIGHT
   121.50645            B.180502_1209.A  146.1212493  -31.7314871 2322.2098   0.00010    15.734   -99.999    21.334   MOON_BRIGHT
   121.82701            B.180502_1950.S  146.1212355  -31.7315174 610.97949   30.6889    17.191     0.038    21.887   _
   121.98478            B.180502_2338.C  146.1212150  -31.7315042 841.15588   7.48712    16.842     0.146    23.323   MOON_BRIGHT
   122.05245            B.180503_0115.C  146.1212101  -31.7315236 974.41583   2.49220    16.681     0.438    22.517   MOON_BRIGHT
   122.73104            B.180503_1732.S  146.1212273  -31.7315203 630.51898   70.9685    17.156     0.020    22.929   _
   122.79589            B.180503_1906.S  146.1212050  -31.7315077 715.72493   11.5024    17.018     0.096    22.997   _
   122.85789            B.180503_2035.S  146.1212096  -31.7315051 641.00764   12.4946    17.138     0.088    22.619   _
   122.98571            B.180503_2339.C  146.1212069  -31.7314976 963.13120   1.96811    16.694     0.554    23.295   MOON_BRIGHT
   123.06003            B.180504_0126.C  146.1212116  -31.7315111 826.41821   5.67817    16.861     0.193    22.964   MOON_BRIGHT
   123.39405            B.180504_0927.A  146.1212267  -31.7315035 561.14512   73.4805    17.283     0.020    22.349   MOON_BRIGHT
   123.45675            B.180504_1057.A  146.1212335  -31.7315382 550.62664   57.4615    17.304     0.023    22.110   MOON_BRIGHT
   123.73045            B.180504_1731.S  146.1212133  -31.7314946 766.29541   11.5175    16.943     0.096    23.684   _
   123.79615            B.180504_1906.S  146.1212095  -31.7314945 753.86280   17.4255    16.961     0.064    23.537   _
   123.99756            B.180504_2356.C  146.1212125  -31.7314996 760.63952   11.2736    16.952     0.098    23.365   MOON_BRIGHT
   124.07028            B.180505_0141.C  146.1212124  -31.7314890 1004.0718   3.35916    16.649     0.325    23.250   MOON_BRIGHT
   124.38917            B.180505_0920.A  146.1212427  -31.7315361 480.47036   78.4181    17.453     0.019    22.030   MOON_BRIGHT
   124.45690            B.180505_1057.A  146.1212221  -31.7315240 611.94990   56.4132    17.189     0.023    22.438   MOON_BRIGHT
   124.72935            B.180505_1730.S  146.1212113  -31.7314994 726.06661   28.1745    17.002     0.041    23.426   _
   124.79196            B.180505_1900.S  146.1212249  -31.7314900 743.58280   21.7045    16.976     0.052    23.372   _
   124.85168            B.180505_2026.S  146.1212285  -31.7314973 723.84162   26.8064    17.006     0.043    22.977   _
   125.08616            B.180506_0204.C  146.1212177  -31.7314888 942.54507   7.74172    16.718     0.142    23.051   MOON_BRIGHT
   125.38745            B.180506_0917.A  146.1212175  -31.7314804 920.11526   9.40278    16.744     0.117    23.237   _
   125.45672            B.180506_1057.A  146.1212154  -31.7314867 887.50038   7.39884    16.783     0.148    23.188   MOON_BRIGHT
   125.72519            B.180506_1724.S  146.1212239  -31.7314965 761.22117   12.2356    16.951     0.090    22.921   _
   125.79237            B.180506_1901.S  146.1212188  -31.7314926 830.76121   10.9248    16.855     0.101    23.371   _
   126.02792            B.180507_0040.C  146.1212347  -31.7315258 686.49956   12.9182    17.063     0.085    22.047   MOON_BRIGHT
   126.39321            B.180507_0926.A  146.1212177  -31.7314843 777.52144   18.1438    16.928     0.062    23.227   _
   126.45985            B.180507_1102.A  146.1212166  -31.7315140 643.52764   31.5224    17.134     0.037    22.794   MOON_BRIGHT
   127.05332            B.180508_0116.C  146.1212234  -31.7315063 820.75623   12.8388    16.869     0.086    22.412   MOON_BRIGHT
   127.38428            B.180508_0913.A  146.1213173  -31.7316013 962.93523   0.32968    16.694     3.309    20.731   _
   127.44755            B.180508_1044.A  -99.9999999  -99.9999999 -99.99999    -99.99   -99.999   -99.999   -99.999   PSF_ERROR_BAD_IMAGE
   127.99463            B.180508_2352.C  146.1212150  -31.7315057 823.28703   15.8177    16.865     0.070    23.042   MOON_BRIGHT
   128.05910            B.180509_0125.C  146.1212554  -31.7315172 536.62654   71.8940    17.332     0.020    22.099   MOON_BRIGHT
   128.45057            B.180509_1048.A  -99.9999999  -99.9999999 -99.99999    -99.99   -99.999   -99.999   -99.999   PSF_ERROR_BAD_IMAGE
   128.74036            B.180509_1746.S  146.1212055  -31.7314971 786.68013   15.9428    16.915     0.070    23.435   _
   128.80968            B.180509_1925.S  146.1212093  -31.7315046 721.23896   12.4215    17.010     0.089    23.402   _
   129.73478            B.180510_1738.S  146.1212351  -31.7315952 309.21949   8.46478    17.934     0.130    20.382   _
   129.80772            B.180510_1923.S  146.1212420  -31.7315314 534.08861   15.8040    17.337     0.070    21.812   _
   129.99784            B.180510_2356.C  146.1212141  -31.7315050 981.76487   2.78544    16.673     0.392    23.308   MOON_BRIGHT
   130.06936            B.180511_0139.C  146.1212097  -31.7314915 861.63692   14.6966    16.816     0.075    23.371   MOON_BRIGHT
   130.73172            B.180511_1733.S  146.1212268  -31.7314967 750.00086   38.7680    16.967     0.031    23.080   _
   130.79853            B.180511_1909.S  146.1212230  -31.7315117 625.97962   62.7572    17.164     0.022    22.901   _
   130.80619            B.180511_1920.S  146.1212271  -31.7315106 686.99693   44.0950    17.063     0.028    23.044   _
   130.99545            B.180511_2353.C  146.1212151  -31.7314992 865.52688   5.15721    16.811     0.212    23.369   MOON_BRIGHT
   131.06348            B.180512_0131.C  146.1212216  -31.7314982 988.69732   2.62135    16.665     0.416    23.495   MOON_BRIGHT
   131.45872            B.180512_1100.A  146.1212413  -31.7315124 493.05965   71.7044    17.425     0.020    22.052   _
   131.73274            B.180512_1735.S  146.1212274  -31.7314981 690.77648   41.2177    17.057     0.029    23.187   _
   131.80021            B.180512_1912.S  146.1212211  -31.7314967 751.77436   18.4370    16.964     0.061    23.373   _
   131.98980            B.180512_2345.C  146.1212057  -31.7314960 989.51220   4.94606    16.665     0.221    22.868   _
   132.05600            B.180513_0120.C  146.1212139  -31.7314981 768.62440   26.8908    16.940     0.043    23.133   MOON_BRIGHT
   132.39146            B.180513_0923.A  146.1212143  -31.7314944 829.79921   9.22896    16.857     0.119    23.172   _
   132.46073            B.180513_1103.A  146.1212259  -31.7314876 810.38010   11.7966    16.882     0.093    23.282   _
   132.74029            B.180513_1746.S  146.1212119  -31.7314937 783.95249   18.7787    16.919     0.060    23.368   _
   132.80562            B.180513_1920.S  146.1212075  -31.7315000 712.09047   31.8448    17.024     0.037    23.410   _
   133.38119            B.180514_0908.A  146.1212288  -31.7315202 631.23741   55.5463    17.155     0.024    22.611   _
   133.44858            B.180514_1045.A  146.1212316  -31.7315092 727.99398   32.2037    16.999     0.036    22.797   _
   133.73200            B.180514_1734.S  146.1212129  -31.7314995 798.34582   15.2385    16.899     0.073    23.578   _
   133.81078            B.180514_1927.S  146.1212064  -31.7314973 838.81693   12.1608    16.845     0.091    23.504   _
   133.98426            B.180514_2337.C  146.1212233  -31.7315003 669.48162   18.6740    17.091     0.060    22.183   _
   134.05603            B.180515_0120.C  146.1212220  -31.7314952 957.78511   14.1245    16.700     0.078    23.165   _
   134.44975            B.180515_1047.A  146.1212348  -31.7314991 737.10545   27.9500    16.986     0.041    22.990   _
   134.73493            B.180515_1738.S  146.1212131  -31.7315004 836.22338   7.33043    16.848     0.149    23.673   _
   134.97991            B.180515_2331.C  146.1212118  -31.7315036 874.22812   2.90285    16.800     0.376    23.254   _
   135.04736            B.180516_0108.C  146.1212148  -31.7314969 846.84188   5.37356    16.834     0.203    23.338   _
   135.37082            B.180516_0853.A  146.1212239  -31.7315157 588.94115   67.3732    17.231     0.021    22.420   _
   135.43640            B.180516_1028.A  146.1212185  -31.7315134 753.79255   23.9338    16.961     0.047    22.819   _
   135.73628            B.180516_1740.S  146.1212086  -31.7315029 888.50706   4.85229    16.782     0.225    23.684   MOON_BRIGHT
   135.80378            B.180516_1917.S  146.1212089  -31.7314969 802.61817   9.96653    16.893     0.110    23.551   MOON_BRIGHT
   135.99390            B.180516_2351.C  146.1212068  -31.7315021 860.49880   5.81715    16.817     0.188    23.273   _
   136.05469            B.180517_0118.C  146.1212193  -31.7314994 907.13143   6.00113    16.759     0.182    23.257   _
   136.38023            B.180517_0907.A  146.1212168  -31.7314917 775.77739   16.6736    16.930     0.067    23.138   _
   136.44456            B.180517_1040.A  146.1212376  -31.7314989 609.57574   50.7128    17.193     0.025    22.694   _
   136.73572            B.180517_1739.S  146.1212213  -31.7315001 872.89939   6.49548    16.801     0.168    23.644   MOON_BRIGHT
   136.79796            B.180517_1909.S  146.1212056  -31.7315005 848.03937   9.77572    16.833     0.112    23.565   MOON_BRIGHT
   137.38280            B.180518_0911.A  146.1212409  -31.7315058 617.59359   60.4816    17.179     0.022    22.511   _
   137.45097            B.180518_1049.A  146.1212351  -31.7315106 694.12976   37.6354    17.051     0.032    22.790   _
   137.73550            B.180518_1739.S  146.1212777  -31.7316538 -99.99999    -99.99   -99.999   -99.999    19.202   MOON_BRIGHT
   138.44860            B.180519_1045.A  146.1212556  -31.7314913 570.77355   64.5387    17.265     0.021    22.475   _
   139.37550            B.180520_0900.A  146.1212299  -31.7315483 466.45145   63.8807    17.485     0.021    21.730   _
   139.44204            B.180520_1036.A  146.1212686  -31.7315553 437.41686   61.1174    17.555     0.022    21.554   _
   140.38079            B.180521_0908.A  146.1212310  -31.7315110 683.47959   26.8239    17.068     0.043    22.479   _
   140.45056            B.180521_1048.A  146.1212122  -31.7315142 714.29608   24.1507    17.020     0.047    22.246   _
   141.40235            B.180522_0939.A  146.1212360  -31.7315216 649.08805   27.1195    17.125     0.042    21.945   MOON_BRIGHT
   141.97961            B.180522_2330.C  146.1212159  -31.7315009 785.14961   5.45620    16.917     0.200    22.919   _
   142.04801            B.180523_0109.C  146.1212077  -31.7314964 950.32881   1.81379    16.709     0.602    22.908   _
   142.38063            B.180523_0908.A  146.1212395  -31.7315076 487.15660   47.9643    17.438     0.026    21.601   MOON_BRIGHT
   142.44663            B.180523_1043.A  146.1212613  -31.7315194 621.16715   32.3973    17.173     0.036    21.690   MOON_BRIGHT
   142.72278            B.180523_1720.S  146.1212017  -31.7315149 673.99370   11.2841    17.083     0.098    22.417   MOON_BRIGHT
   142.78727            B.180523_1853.S  146.1212473  -31.7315123 607.81275   6.89619    17.196     0.159    21.388   MOON_BRIGHT
   142.79288            B.180523_1901.S  146.1212632  -31.7315368 624.28267   2.14512    17.167     0.509    21.229   MOON_BRIGHT
   142.97473            B.180523_2323.C  146.1211983  -31.7315031 1230.4875   0.14145    16.427     7.712    22.620   _
   143.04066            B.180524_0058.C  146.1212062  -31.7315097 776.57981   6.74191    16.929     0.162    22.572   _
   143.97226            B.180524_2320.C  146.1212056  -31.7315149 1191.6163   0.22339    16.462     4.883    22.361   _
   144.03337            B.180525_0048.C  146.1212129  -31.7315005 873.25216   2.52078    16.801     0.433    22.409   _
   144.37701            B.180525_0902.A  146.1212142  -31.7315055 813.85243   1.77160    16.878     0.616    22.549   MOON_BRIGHT
   144.97126            B.180525_2318.C  146.1212093  -31.7315068 756.70452   6.16224    16.957     0.178    22.314   _
   145.03213            B.180526_0046.C  146.1212091  -31.7315114 945.89415   1.64742    16.714     0.662    22.108   _
   145.71566            B.180526_1710.S  146.1212222  -31.7315164 679.61254   17.5380    17.074     0.064    22.121   MOON_BRIGHT
   145.77922            B.180526_1842.S  146.1212001  -31.7315039 945.86776   0.94580    16.714     1.154    22.153   MOON_BRIGHT
   146.03855            B.180527_0055.C  146.1212161  -31.7315269 839.77969   4.73929    16.844     0.231    21.951   _
   146.73234            B.180527_1734.S  146.1212202  -31.7315186 827.39385   3.17415    16.860     0.344    22.389   MOON_BRIGHT
   146.79447            B.180527_1904.S  146.1212511  -31.7315193 1364.2311   0.02275    16.314    47.943    21.472   MOON_BRIGHT
   146.80227            B.180527_1915.S  146.1212090  -31.7315128 699.21465   9.65003    17.043     0.114    21.791   MOON_BRIGHT
   146.98144            B.180527_2333.C  146.1212047  -31.7315056 1326.5455   0.07994    16.345    13.647    22.286   MOON_BRIGHT
   147.37497            B.180528_0859.A  146.1212185  -31.7315193 1645.7222   0.00435    16.110   250.279    21.951   MOON_BRIGHT
   148.37774            B.180529_0903.A  146.1212091  -31.7315025 685.30737   5.35484    17.065     0.204    22.241   MOON_BRIGHT
   148.38912            B.180529_0920.A  146.1212260  -31.7315080 923.31811   1.05051    16.740     1.039    22.162   MOON_BRIGHT
   148.74192            B.180529_1748.S  146.1212213  -31.7315103 619.46144   17.5977    17.176     0.063    21.709   _
   149.73015            B.180530_1731.S  146.1212326  -31.7315515 14201.623   2.38579    13.758   -99.999    20.612   _
   150.37245            B.180531_0856.A  146.1212490  -31.7315235 568.03191   39.0267    17.270     0.031    21.731   MOON_BRIGHT
   150.71899            B.180531_1715.S  146.1212327  -31.7315060 761.13593   24.6019    16.951     0.046    22.978   _
   150.97281            B.180531_2320.C  146.1212169  -31.7315105 777.79009   30.8826    16.927     0.038    22.997   MOON_BRIGHT
   151.03485            B.180601_0050.C  146.1212068  -31.7315116 621.09446   26.8295    17.173     0.043    22.093   MOON_BRIGHT
   151.38463            B.180601_0913.A  146.1212404  -31.7315165 726.00036   30.9117    17.002     0.038    22.602   MOON_BRIGHT
   151.97395            B.180601_2322.C  146.1212090  -31.7315010 852.76642   8.97553    16.827     0.122    23.339   MOON_BRIGHT
   152.71716            B.180602_1712.S  146.1212236  -31.7314976 758.67199   23.5719    16.954     0.048    23.115   _
   152.77412            B.180602_1834.S  146.1212863  -31.7316137 -99.99999    -99.99   -99.999   -99.999    18.568   _
   152.96925            B.180602_2315.C  146.1212112  -31.7314955 788.11534   10.6496    16.913     0.103    23.505   MOON_BRIGHT
   153.38088            B.180603_0908.A  146.1212242  -31.7315056 845.32950   14.6291    16.836     0.076    22.659   MOON_BRIGHT
   153.97784            B.180603_2328.C  146.1212135  -31.7314978 814.14527   9.17793    16.877     0.120    23.393   MOON_BRIGHT
   154.37021            B.180604_0853.A  146.1212197  -31.7315068 880.99051   7.46457    16.791     0.147    22.945   _
   154.71682            B.180604_1712.S  146.1212193  -31.7315089 796.29316   17.7723    16.902     0.063    23.283   _
   154.77358            B.180604_1833.S  146.1212301  -31.7315136 568.77132   77.3795    17.269     0.019    22.608   _
   154.96692            B.180604_2312.C  146.1212201  -31.7315041 657.01797   55.4635    17.111     0.024    23.024   MOON_BRIGHT
   155.37631            B.180605_0901.A  146.1212287  -31.7315243 651.32387   49.7802    17.121     0.025    22.483   _
   155.72341            B.180605_1721.S  146.1212148  -31.7315002 791.98589   11.4034    16.907     0.097    23.680   _
   156.37360            B.180606_0857.A  146.1212347  -31.7315232 662.41093   41.6222    17.102     0.029    22.466   _
   156.72067            B.180606_1717.S  146.1212148  -31.7315059 691.90427   37.3746    17.055     0.032    23.328   _
   156.97125            B.180606_2318.C  146.1212157  -31.7315084 808.69774   15.6985    16.885     0.071    23.203   MOON_BRIGHT
   157.02520            B.180607_0036.C  146.1212163  -31.7315065 879.23060   11.2892    16.793     0.098    23.117   MOON_BRIGHT
   157.71471            B.180607_1709.S  146.1212151  -31.7314984 684.27102   25.2519    17.067     0.045    23.605   _
   157.96171            B.180607_2304.C  146.1212124  -31.7314971 929.70953   4.96822    16.733     0.220    23.153   MOON_BRIGHT
   158.01508            B.180608_0021.C  146.1212011  -31.7314978 783.26419   20.0266    16.920     0.056    23.120   MOON_BRIGHT
   158.71244            B.180608_1705.S  146.1212283  -31.7315139 765.58181   6.72057    16.944     0.163    22.923   _
   158.95791            B.180608_2259.C  146.1212029  -31.7315067 1026.8473   1.09210    16.624     0.999    23.217   MOON_BRIGHT
   159.00999            B.180609_0014.C  146.1212080  -31.7314986 797.65776   8.89311    16.900     0.123    23.010   MOON_BRIGHT
   160.36873            B.180610_0850.A  146.1212299  -31.7315194 725.39182   33.8550    17.003     0.035    22.566   _
   160.71491            B.180610_1709.S  146.1212325  -31.7315093 635.36868   70.2287    17.148     0.020    22.893   _
   161.37021            B.180611_0853.A  146.1212462  -31.7315135 635.32754   52.4689    17.148     0.025    22.539   _
   161.70780            B.180611_1659.S  146.1212162  -31.7315006 737.18366   19.8008    16.986     0.057    23.569   _
   162.36669            B.180612_0848.A  146.1212317  -31.7314968 859.93270   8.69959    16.818     0.126    22.833   _
   162.70858            B.180612_1700.S  146.1212145  -31.7314941 751.39819   16.1446    16.965     0.069    23.288   _
   162.96356            B.180612_2307.C  146.1212100  -31.7315037 913.30712   10.1908    16.752     0.108    22.872   _
   162.96666            B.180612_2311.C  146.1212156  -31.7315205 718.90437   43.3371    17.013     0.028    22.847   _
   163.37447            B.180613_0859.A  146.1212561  -31.7315211 571.89010   64.8956    17.263     0.021    22.379   _
   163.70927            B.180613_1701.S  146.1212295  -31.7315042 698.27038   39.9147    17.045     0.030    23.103   MOON_BRIGHT
   163.96358            B.180613_2307.C  146.1212151  -31.7315046 842.24905   7.42882    16.840     0.147    23.240   _
   164.36756            B.180614_0849.A  146.1212306  -31.7315296 726.38300   26.5338    17.002     0.043    22.445   _
   164.96481            B.180614_2309.C  146.1212130  -31.7314913 892.09623   5.17912    16.778     0.211    23.505   _
   166.70630            B.180616_1657.S  146.1213443  -31.7315862 588.88284   8.01430    17.231     0.137    20.474   MOON_BRIGHT
   166.97346            B.180616_2321.C  146.1212119  -31.7314951 936.59597   6.15440    16.725     0.178    23.266   _
   167.97148            B.180617_2318.C  -99.9999999  -99.9999999 -99.99999    -99.99   -99.999   -99.999   -99.999   PSF_ERROR_BAD_IMAGE
   168.96972            B.180618_2316.C  146.1212167  -31.7314988 886.55525   5.32324    16.784     0.205    22.706   _
   169.37110            B.180619_0854.A  146.1212208  -31.7315218 567.90421   49.0840    17.270     0.026    22.085   _
   169.95944            B.180619_2301.C  146.1212155  -31.7315098 874.91037   5.35093    16.799     0.204    22.430   _
   170.70757            B.180620_1658.S  146.1212292  -31.7315137 658.45310   30.9883    17.109     0.038    22.178   MOON_BRIGHT
   170.94860            B.180620_2245.C  146.1212266  -31.7315167 696.59316   12.3612    17.048     0.089    21.870   _
   171.36954            B.180621_0852.A  146.1212470  -31.7315295 604.68461   30.7257    17.202     0.038    21.716   MOON_BRIGHT
   171.94942            B.180621_2247.C  146.1212109  -31.7315113 951.99793   2.05091    16.707     0.532    21.853   _
   172.36523            B.180622_0845.A  146.1212235  -31.7315299 675.82426   15.2358    17.081     0.073    21.596   MOON_BRIGHT
   172.70279            B.180622_1652.S  146.1211961  -31.7315064 864.08099   2.66190    16.812     0.410    22.525   MOON_BRIGHT
   172.95336            B.180622_2252.C  146.1212347  -31.7315314 688.00977   13.0440    17.061     0.085    21.904   _
   173.36501            B.180623_0845.A  146.1212269  -31.7315275 693.37612   17.6967    17.053     0.063    21.541   MOON_BRIGHT
   173.94909            B.180623_2246.C  146.1212221  -31.7315369 1775.5756   0.00190    16.027   572.391    21.798   _
   174.36096            B.180624_0839.A  146.1212572  -31.7314997 612.83536   27.7298    17.187     0.041    21.467   MOON_BRIGHT
   174.70404            B.180624_1653.S  146.1212295  -31.7315251 708.73911   12.7762    17.029     0.086    22.066   MOON_BRIGHT
   174.95042            B.180624_2248.C  146.1212782  -31.7315479 514.24321   28.0348    17.379     0.041    20.989   MOON_BRIGHT
   175.35950            B.180625_0837.A  146.1212415  -31.7315056 612.34519   21.2478    17.188     0.053    21.415   MOON_BRIGHT
   175.70118            B.180625_1649.S  146.1212960  -31.7316475 -99.99999    -99.99   -99.999   -99.999    20.049   MOON_BRIGHT
   175.94659            B.180625_2243.C  146.1212358  -31.7315625 980.76267   1.51526    16.674     0.720    21.045   MOON_BRIGHT
   176.35514            B.180626_0831.A  146.1212469  -31.7315259 1004.4433   1.71857    16.648     0.635    21.501   MOON_BRIGHT
   176.70252            B.180626_1651.S  146.1212270  -31.7315019 742.44709   5.30792    16.978     0.206    21.839   _
   176.96299            B.180626_2306.C  146.1212090  -31.7315124 787.53049   4.15293    16.914     0.263    22.228   MOON_BRIGHT
   177.95103            B.180627_2249.C  146.1212192  -31.7315228 890.77771   2.18404    16.779     0.500    21.772   MOON_BRIGHT