5.000000000000000104e-04,1.428052576383038508e+00
1.501001001001001003e-03,1.428044626000523509e+00
2.502002002002001995e-03,1.428024082541542228e+00
3.503003003003002987e-03,1.427994258588915599e+00
4.504004004004004413e-03,1.427955120567784286e+00
5.505005005005005406e-03,1.427906603765946025e+00
6.506006006006006398e-03,1.427848665175273757e+00
7.507007007007007390e-03,1.427781277054543052e+00
8.508008008008008383e-03,1.427704421086700481e+00
9.509009009009009375e-03,1.427618084902341211e+00
1.051001001001001037e-02,1.427522260047644487e+00
1.151101101101101136e-02,1.427416940759582253e+00
1.251201201201201235e-02,1.427302123199412964e+00
1.351301301301301334e-02,1.427177804955496843e+00
1.451401401401401434e-02,1.427043984710259172e+00
1.551501501501501533e-02,1.426900662010686327e+00
1.651601601601601632e-02,1.426747837106158379e+00
1.751701701701701558e-02,1.426585510831305914e+00
1.851801801801801831e-02,1.426413684519708847e+00
1.951901901901902103e-02,1.426232359939201277e+00
2.052002002002002029e-02,1.426041539242602463e+00
2.152102102102101955e-02,1.425841224929659701e+00
2.252202202202202228e-02,1.425631419817271262e+00
2.352302302302302500e-02,1.425412127015913466e+00
2.452402402402402426e-02,1.425183349910774666e+00
2.552502502502502352e-02,1.424945092146507220e+00
2.652602602602602624e-02,1.424697357614786997e+00
2.752702702702702897e-02,1.424440150444075126e+00
2.852802802802802823e-02,1.424173474991127675e+00
2.952902902902902749e-02,1.423897335833893329e+00
3.053003003003003021e-02,1.423611737765535290e+00
3.153103103103103294e-02,1.423316685789361324e+00
3.253203203203203220e-02,1.423012185114494788e+00
3.353303303303303146e-02,1.422698241152155818e+00
3.453403403403403071e-02,1.422374859512445466e+00
3.553503503503503691e-02,1.422042046001548599e+00
3.653603603603603617e-02,1.421699806619284967e+00
3.753703703703703543e-02,1.421348147556955155e+00
3.853803803803804162e-02,1.420987075195430993e+00
3.953903903903904088e-02,1.420616596103455587e+00
4.054004004004004014e-02,1.420236717036124974e+00
4.154104104104103939e-02,1.419847444933510117e+00
4.254204204204203865e-02,1.419448786919422112e+00
4.354304304304304485e-02,1.419040750300276654e+00
4.454404404404404411e-02,1.418623342564058198e+00
4.554504504504504336e-02,1.418196571379368054e+00
4.654604604604604956e-02,1.417760444594539537e+00
4.754704704704704882e-02,1.417314970236817517e+00
4.854804804804804808e-02,1.416860156511587698e+00
4.954904904904904733e-02,1.416396011801654531e+00
5.055005005005004659e-02,1.415922544666560867e+00
5.155105105105105279e-02,1.415439763841934484e+00
5.255205205205205204e-02,1.414947678238876350e+00
5.355305305305305130e-02,1.414446296943364656e+00
5.455405405405405750e-02,1.413935629215687051e+00
5.555505505505505676e-02,1.413415684489892632e+00
5.655605605605605601e-02,1.412886472373259039e+00
5.755705705705705527e-02,1.412348002645774647e+00
5.855805805805805453e-02,1.411800285259636523e+00
5.955905905905906073e-02,1.411243330338754376e+00
6.056006006006005998e-02,1.410677148178268725e+00
6.156106106106105924e-02,1.410101749244073499e+00
6.256206206206206544e-02,1.409517144172347525e+00
6.356306306306305776e-02,1.408923343769091785e+00
6.456406406406406395e-02,1.408320359009667344e+00
6.556506506506507015e-02,1.407708201038344820e+00
6.656606606606606247e-02,1.407086881167848524e+00
6.756706706706706866e-02,1.406456410878907715e+00
6.856806806806806098e-02,1.405816801819808282e+00
6.956906906906906718e-02,1.405168065805946442e+00
7.057007007007007338e-02,1.404510214819380431e+00
7.157107107107106569e-02,1.403843261008385079e+00
7.257207207207207189e-02,1.403167216687005725e+00
7.357307307307307809e-02,1.402482094334608131e+00
7.457407407407407041e-02,1.401787906595433952e+00
7.557507507507507660e-02,1.401084666278146651e+00
7.657607607607608280e-02,1.400372386355384302e+00
7.757707707707707512e-02,1.399651079963303069e+00
7.857807807807808131e-02,1.398920760401124674e+00
7.957907907907907363e-02,1.398181441130676994e+00
8.058008008008007983e-02,1.397433135775935531e+00
8.158108108108108603e-02,1.396675858122561120e+00
8.258208208208207834e-02,1.395909622117433857e+00
8.358308308308308454e-02,1.395134441868186581e+00
8.458408408408407686e-02,1.394350331642732366e+00
8.558508508508508306e-02,1.393557305868791785e+00
8.658608608608608925e-02,1.392755379133414850e+00
8.758708708708708157e-02,1.391944566182502285e+00
8.858808808808808777e-02,1.391124881920319245e+00
8.958908908908909396e-02,1.390296341409009484e+00
9.059009009009008628e-02,1.389458959868105969e+00
9.159109109109109248e-02,1.388612752674033279e+00
9.259209209209209868e-02,1.387757735359614220e+00
9.359309309309309100e-02,1.386893923613564006e+00
9.459409409409409719e-02,1.386021333279987999e+00
9.559509509509508951e-02,1.385139980357871226e+00
9.659609609609609571e-02,1.384249881000568783e+00
9.759709709709710190e-02,1.383351051515284258e+00
9.859809809809809422e-02,1.382443508362554807e+00
9.959909909909910042e-02,1.381527268155724242e+00
1.006001001001000927e-01,1.380602347660416784e+00
1.016011011011010989e-01,1.379668763794003050e+00
1.026021021021021051e-01,1.378726533625067363e+00
1.036031031031030974e-01,1.377775674372867742e+00
1.046041041041041036e-01,1.376816203406791006e+00
1.056051051051051098e-01,1.375848138245807206e+00
1.066061061061061022e-01,1.374871496557919182e+00
1.076071071071071084e-01,1.373886296159605669e+00
1.086081081081081146e-01,1.372892555015263971e+00
1.096091091091091069e-01,1.371890291236648407e+00
1.106101101101101131e-01,1.370879523082300544e+00
1.116111111111111054e-01,1.369860268956983207e+00
1.126121121121121116e-01,1.368832547411102274e+00
1.136131131131131178e-01,1.367796377140131803e+00
1.146141141141141101e-01,1.366751776984030275e+00
1.156151151151151163e-01,1.365698765926655067e+00
1.166161161161161086e-01,1.364637363095174694e+00
1.176171171171171148e-01,1.363567587759473954e+00
1.186181181181181210e-01,1.362489459331556851e+00
1.196191191191191133e-01,1.361402997364946632e+00
1.206201201201201195e-01,1.360308221554080932e+00
1.216211211211211257e-01,1.359205151733703376e+00
1.226221221221221180e-01,1.358093807878251624e+00
1.236231231231231242e-01,1.356974210101241862e+00
1.246241241241241304e-01,1.355846378654649520e+00
1.256251251251251366e-01,1.354710333928285992e+00
1.266261261261261151e-01,1.353566096449172029e+00
1.276271271271271213e-01,1.352413686880907573e+00
1.286281281281281275e-01,1.351253126023037598e+00
1.296291291291291337e-01,1.350084434810416401e+00
1.306301301301301399e-01,1.348907634312563442e+00
1.316311311311311183e-01,1.347722745733021421e+00
1.326321321321321245e-01,1.346529790408708127e+00
1.336331331331331307e-01,1.345328789809263181e+00
1.346341341341341369e-01,1.344119765536395228e+00
1.356351351351351431e-01,1.342902739323222017e+00
1.366361361361361215e-01,1.341677733033610043e+00
1.376371371371371277e-01,1.340444768661507524e+00
1.386381381381381339e-01,1.339203868330278269e+00
1.396391391391391401e-01,1.337955054292027324e+00
1.406401401401401463e-01,1.336698348926928404e+00
1.416411411411411525e-01,1.335433774742543322e+00
1.426421421421421309e-01,1.334161354373141872e+00
1.436431431431431371e-01,1.332881110579016148e+00
1.446441441441441433e-01,1.331593066245791546e+00
1.456451451451451495e-01,1.330297244383738864e+00
1.466461461461461557e-01,1.328993668127076422e+00
1.476471471471471342e-01,1.327682360733273947e+00
1.486481481481481404e-01,1.326363345582351805e+00
1.496491491491491466e-01,1.325036646176178667e+00
1.506501501501501528e-01,1.323702286137762529e+00
1.516511511511511590e-01,1.322360289210543716e+00
1.526521521521521652e-01,1.321010679257679676e+00
1.536531531531531436e-01,1.319653480261331335e+00
1.546541541541541498e-01,1.318288716321943888e+00
1.556551551551551560e-01,1.316916411657526265e+00
1.566561561561561622e-01,1.315536590602925715e+00
1.576571571571571684e-01,1.314149277609102162e+00
1.586581581581581468e-01,1.312754497242397012e+00
1.596591591591591530e-01,1.311352274183801514e+00
1.606601601601601592e-01,1.309942633228222242e+00
1.616611611611611654e-01,1.308525599283742347e+00
1.626621621621621716e-01,1.307101197370880374e+00
1.636631631631631500e-01,1.305669452621847970e+00
1.646641641641641562e-01,1.304230390279803364e+00
1.656651651651651624e-01,1.302784035698105081e+00
1.666661661661661686e-01,1.301330414339556985e+00
1.676671671671671748e-01,1.299869551775658882e+00
1.686681681681681533e-01,1.298401473685848240e+00
1.696691691691691595e-01,1.296926205856743231e+00
1.706701701701701657e-01,1.295443774181380014e+00
1.716711711711711719e-01,1.293954204658452234e+00
1.726721721721721781e-01,1.292457523391543850e+00
1.736731731731731843e-01,1.290953756588361090e+00
1.746741741741741627e-01,1.289442930559963063e+00
1.756751751751751689e-01,1.287925071719990600e+00
1.766761761761761751e-01,1.286400206583888428e+00
1.776771771771771813e-01,1.284868361768132239e+00
1.786781781781781875e-01,1.283329563989446864e+00
1.796791791791791659e-01,1.281783840064027347e+00
1.806801801801801721e-01,1.280231216906753788e+00
1.816811811811811783e-01,1.278671721530409311e+00
1.826821821821821845e-01,1.277105381044888910e+00
1.836831831831831907e-01,1.275532222656413639e+00
1.846841841841841969e-01,1.273952273666737911e+00
1.856851851851851753e-01,1.272365561472356799e+00
1.866861861861861815e-01,1.270772113563711558e+00
1.876871871871871877e-01,1.269171957524392047e+00
1.886881881881881939e-01,1.267565121030338249e+00
1.896891891891892001e-01,1.265951631849041581e+00
1.906901901901901786e-01,1.264331517838739982e+00
1.916911911911911848e-01,1.262704806947616332e+00
1.926921921921921910e-01,1.261071527212992205e+00
1.936931931931931972e-01,1.259431706760519853e+00
1.946941941941942034e-01,1.257785373803375073e+00
1.956951951951951818e-01,1.256132556641445186e+00
1.966961961961961880e-01,1.254473283660519023e+00
1.976971971971971942e-01,1.252807583331470465e+00
1.986981981981982004e-01,1.251135484209446647e+00
1.996991991991992066e-01,1.249457014933049948e+00
2.007002002002001850e-01,1.247772204223520420e+00
2.017012012012011912e-01,1.246081080883916448e+00
2.027022022022021974e-01,1.244383673798294732e+00
2.037032032032032036e-01,1.242680011930887840e+00
2.047042042042042098e-01,1.240970124325281532e+00
2.057052052052052160e-01,1.239254040103589638e+00
2.067062062062061945e-01,1.237531788465629168e+00
2.077072072072072006e-01,1.235803398688094079e+00
2.087082082082082068e-01,1.234068900123725054e+00
2.097092092092092130e-01,1.232328322200484383e+00
2.107102102102102192e-01,1.230581694420719963e+00
2.117112112112111977e-01,1.228829046360341293e+00
2.127122122122122039e-01,1.227070407667980589e+00
2.137132132132132101e-01,1.225305808064164781e+00
2.147142142142142163e-01,1.223535277340477512e+00
2.157152152152152225e-01,1.221758845358726697e+00
2.167162162162162287e-01,1.219976542050108304e+00
2.177172172172172071e-01,1.218188397414367685e+00
2.187182182182182133e-01,1.216394441518965142e+00
2.197192192192192195e-01,1.214594704498234368e+00
2.207202202202202257e-01,1.212789216552545790e+00
2.217212212212212319e-01,1.210978007947465240e+00
2.227222222222222103e-01,1.209161109012914848e+00
2.237232232232232165e-01,1.207338550142331490e+00
2.247242242242242227e-01,1.205510361791823915e+00
2.257252252252252289e-01,1.203676574479332295e+00
2.267262262262262351e-01,1.201837218783784245e+00
2.277272272272272136e-01,1.199992325344252153e+00
2.287282282282282198e-01,1.198141924859109197e+00
2.297292292292292260e-01,1.196286048085184461e+00
2.307302302302302321e-01,1.194424725836918721e+00
2.317312312312312383e-01,1.192557988985520900e+00
2.327322322322322168e-01,1.190685868458120522e+00
2.337332332332332230e-01,1.188808395236922610e+00
2.347342342342342292e-01,1.186925600358363031e+00
2.357352352352352354e-01,1.185037514912261170e+00
2.367362362362362416e-01,1.183144170040973719e+00
2.377372372372372478e-01,1.181245596938548248e+00
2.387382382382382262e-01,1.179341826849876762e+00
2.397392392392392324e-01,1.177432891069848608e+00
2.407402402402402386e-01,1.175518820942504261e+00
2.417412412412412448e-01,1.173599647860186668e+00
2.427422422422422510e-01,1.171675403262696591e+00
2.437432432432432294e-01,1.169746118636445065e+00
2.447442442442442356e-01,1.167811825513604962e+00
2.457452452452452418e-01,1.165872555471266558e+00
2.467462462462462480e-01,1.163928340130589989e+00
2.477472472472472542e-01,1.161979211155957481e+00
2.487482482482482604e-01,1.160025200254129807e+00
2.497492492492492389e-01,1.158066339173398296e+00
2.507502502502502728e-01,1.156102659702739066e+00
2.517512512512512513e-01,1.154134193670967923e+00
2.527522522522522297e-01,1.152160972945895701e+00
2.537532532532532636e-01,1.150183029433482274e+00
2.547542542542542421e-01,1.148200395076993896e+00
2.557552552552552760e-01,1.146213101856156547e+00
2.567562562562562545e-01,1.144221181786314823e+00
2.577572572572572329e-01,1.142224666917587061e+00
2.587582582582582669e-01,1.140223589334023124e+00
2.597592592592592453e-01,1.138217981152763514e+00
2.607602602602602793e-01,1.136207874523196049e+00
2.617612612612612577e-01,1.134193301626116757e+00
2.627622622622622361e-01,1.132174294672887216e+00
2.637632632632632701e-01,1.130150885904597446e+00
2.647642642642642485e-01,1.128123107591225693e+00
2.657652652652652825e-01,1.126090992030800209e+00
2.667662662662662609e-01,1.124054571548562143e+00
2.677672672672672394e-01,1.122013878496127992e+00
2.687682682682682733e-01,1.119968945250655601e+00
2.697692692692692518e-01,1.117919804214008161e+00
2.707702702702702857e-01,1.115866487811918661e+00
2.717712712712712642e-01,1.113809028493159881e+00
2.727722722722722426e-01,1.111747458728708615e+00
2.737732732732732766e-01,1.109681811010916785e+00
2.747742742742742550e-01,1.107612117852680544e+00
2.757752752752752889e-01,1.105538411786610720e+00
2.767762762762762674e-01,1.103460725364204587e+00
2.777772772772773013e-01,1.101379091155019196e+00
2.787782782782782798e-01,1.099293541745845371e+00
2.797792792792792582e-01,1.097204109739881250e+00
2.807802802802802922e-01,1.095110827755911842e+00
2.817812812812812706e-01,1.093013728427483011e+00
2.827822822822823046e-01,1.090912844402083026e+00
2.837832832832832830e-01,1.088808208340320771e+00
2.847842842842842614e-01,1.086699852915107734e+00
2.857852852852852954e-01,1.084587810810841324e+00
2.867862862862862738e-01,1.082472114722587753e+00
2.877872872872873078e-01,1.080352797355267347e+00
2.887882882882882862e-01,1.078229891422842979e+00
2.897892892892892647e-01,1.076103429647506271e+00
2.907902902902902986e-01,1.073973444758868245e+00
2.917912912912912771e-01,1.071839969493150857e+00
2.927922922922923110e-01,1.069703036592377865e+00
2.937932932932932895e-01,1.067562678803572584e+00
2.947942942942942679e-01,1.065418928877949867e+00
2.957952952952953019e-01,1.063271819570115184e+00
2.967962962962962803e-01,1.061121383637264382e+00
2.977972972972973142e-01,1.058967653838383427e+00
2.987982982982982927e-01,1.056810662933450162e+00
2.997992992992992711e-01,1.054650443682640493e+00
3.008003003003003051e-01,1.052487028845531691e+00
3.018013013013012835e-01,1.050320451180312364e+00
3.028023023023023175e-01,1.048150743442989086e+00
3.038033033033032959e-01,1.045977938386600359e+00
3.048043043043043299e-01,1.043802068760428137e+00
3.058053053053053083e-01,1.041623167309213338e+00
3.068063063063062867e-01,1.039441266772371142e+00
3.078073073073073207e-01,1.037256399883211833e+00
3.088083083083082991e-01,1.035068599368160314e+00
3.098093093093093331e-01,1.032877897945978063e+00
3.108103103103103115e-01,1.030684328326989974e+00
3.118113113113112900e-01,1.028487923212307864e+00
3.128123123123123239e-01,1.026288715293061760e+00
3.138133133133133024e-01,1.024086737249629619e+00
3.148143143143143363e-01,1.021882021750870173e+00
3.158153153153153148e-01,1.019674601453357532e+00
3.168163163163162932e-01,1.017464509000619133e+00
3.178173173173173272e-01,1.015251777022373902e+00
3.188183183183183056e-01,1.013036438133775086e+00
3.198193193193193395e-01,1.010818524934652851e+00
3.208203203203203180e-01,1.008598070008759562e+00
3.218213213213212964e-01,1.006375105923020596e+00
3.228223223223223304e-01,1.004149665226781618e+00
3.238233233233233088e-01,1.001921780451063171e+00
3.248243243243243428e-01,9.996914841078148317e-01
3.258253253253253212e-01,9.974588086891743588e-01
3.268263263263262997e-01,9.952237866667246191e-01
3.278273273273273336e-01,9.929864504907582878e-01
3.288283283283283120e-01,9.907468325895418815e-01
3.298293293293293460e-01,9.885049653685816784e-01
3.308303303303303244e-01,9.862608812098944133e-01
3.318313313313313029e-01,9.840146124712793041e-01
3.328323323323323368e-01,9.817661914855916327e-01
3.338333333333333153e-01,9.795156505600206565e-01
3.348343343343343492e-01,9.772630219753685177e-01
3.358353353353353277e-01,9.750083379853338172e-01
3.368363363363363061e-01,9.727516308157939662e-01
3.378373373373373401e-01,9.704929326640945320e-01
3.388383383383383185e-01,9.682322756983384737e-01
3.398393393393393525e-01,9.659696920566797074e-01
3.408403403403403309e-01,9.637052138466163376e-01
3.418413413413413648e-01,9.614388731442905511e-01
3.428423423423423433e-01,9.591707019937895096e-01
3.438433433433433217e-01,9.569007324064465747e-01
3.448443443443443557e-01,9.546289963601496398e-01
3.458453453453453341e-01,9.523555257986503486e-01
3.468463463463463681e-01,9.500803526308738700e-01
3.478473473473473465e-01,9.478035087302355555e-01
3.488483483483483250e-01,9.455250259339560426e-01
3.498493493493493589e-01,9.432449360423834639e-01
3.508503503503503373e-01,9.409632708183172101e-01
3.518513513513513713e-01,9.386800619863304718e-01
3.528523523523523497e-01,9.363953412321031067e-01
3.538533533533533282e-01,9.341091402017513978e-01
3.548543543543543621e-01,9.318214905011616978e-01
3.558553553553553406e-01,9.295324236953315111e-01
3.568563563563563745e-01,9.272419713077072467e-01
3.578573573573573530e-01,9.249501648195288528e-01
3.588583583583583314e-01,9.226570356691766728e-01
3.598593593593593654e-01,9.203626152515209657e-01
3.608603603603603438e-01,9.180669349172745353e-01
3.618613613613613778e-01,9.157700259723489111e-01
3.628623623623623562e-01,9.134719196772129735e-01
3.638633633633633346e-01,9.111726472462541304e-01
3.648643643643643686e-01,9.088722398471448249e-01
3.658653653653653470e-01,9.065707286002103737e-01
3.668663663663663810e-01,9.042681445777986937e-01
3.678673673673673594e-01,9.019645188036570227e-01
3.688683683683683934e-01,8.996598822523079741e-01
3.698693693693693718e-01,8.973542658484309209e-01
3.708703703703703503e-01,8.950477004662461544e-01
3.718713713713713842e-01,8.927402169289010425e-01
3.728723723723723626e-01,8.904318460078622932e-01
3.738733733733733966e-01,8.881226184223079967e-01
3.748743743743743750e-01,8.858125648385249962e-01
3.758753753753753535e-01,8.835017158693097006e-01
3.768763763763763874e-01,8.811901020733702294e-01
3.778773773773773659e-01,8.788777539547348860e-01
3.788783783783783998e-01,8.765647019621604086e-01
3.798793793793793783e-01,8.742509764885467716e-01
3.808803803803803567e-01,8.719366078703529865e-01
3.818813813813813907e-01,8.696216263870175656e-01
3.828823823823823691e-01,8.673060622603816494e-01
3.838833833833834031e-01,8.649899456541165765e-01
3.848843843843843815e-01,8.626733066731527844e-01
3.858853853853853599e-01,8.603561753631139286e-01
3.868863863863863939e-01,8.580385817097537782e-01
3.878873873873873723e-01,8.557205556383977729e-01
3.888883883883884063e-01,8.534021270133839154e-01
3.898893893893893847e-01,8.510833256375133216e-01
3.908903903903903632e-01,8.487641812514985507e-01
3.918913913913913971e-01,8.464447235334183750e-01
3.928923923923923756e-01,8.441249820981759910e-01
3.938933933933934095e-01,8.418049864969595619e-01
3.948943943943943879e-01,8.394847662167067570e-01
3.958953953953953664e-01,8.371643506795727330e-01
3.968963963963964003e-01,8.348437692424021117e-01
3.978973973973973788e-01,8.325230511962038449e-01
3.988983983983984127e-01,8.302022257656299642e-01
3.998993993993993912e-01,8.278813221084575513e-01
4.009004004004003696e-01,8.255603693150748157e-01
4.019014014014014036e-01,8.232393964079693927e-01
4.029024024024023820e-01,8.209184323412229700e-01
4.039034034034034160e-01,8.185975060000058035e-01
4.049044044044043944e-01,8.162766462000781154e-01
4.059054054054054284e-01,8.139558816872926039e-01
4.069064064064064068e-01,8.116352411371027253e-01
4.079074074074073852e-01,8.093147531540724193e-01
4.089084084084084192e-01,8.069944462713916078e-01
4.099094094094093976e-01,8.046743489503928037e-01
4.109104104104104316e-01,8.023544895800744925e-01
4.119114114114114100e-01,8.000348964766249571e-01
4.129124124124123885e-01,7.977155978829517657e-01
4.139134134134134224e-01,7.953966219682147010e-01
4.149144144144144009e-01,7.930779968273615754e-01
4.159154154154154348e-01,7.907597504806682664e-01
4.169164164164164132e-01,7.884419108732818593e-01
4.179174174174173917e-01,7.861245058747692305e-01
4.189184184184184256e-01,7.838075632786660751e-01
4.199194194194194041e-01,7.814911108020330399e-01
4.209204204204204380e-01,7.791751760850132991e-01
4.219214214214214165e-01,7.768597866903949045e-01
4.229224224224223949e-01,7.745449701031760226e-01
4.239234234234234289e-01,7.722307537301346114e-01
4.249244244244244073e-01,7.699171648994023176e-01
4.259254254254254413e-01,7.676042308600395936e-01
4.269264264264264197e-01,7.652919787816178099e-01
4.279274274274273981e-01,7.629804357538028103e-01
4.289284284284284321e-01,7.606696287859431305e-01
4.299294294294294105e-01,7.583595848066613243e-01
4.309304304304304445e-01,7.560503306634503984e-01
4.319314314314314229e-01,7.537418931222720220e-01
4.329324324324324569e-01,7.514342988671599555e-01
4.339334334334334353e-01,7.491275744998264763e-01
4.349344344344344138e-01,7.468217465392738008e-01
4.359354354354354477e-01,7.445168414214065056e-01
4.369364364364364262e-01,7.422128854986512758e-01
4.379374374374374601e-01,7.399099050395775423e-01
4.389384384384384385e-01,7.376079262285233362e-01
4.399394394394394170e-01,7.353069751652245856e-01
4.409404404404404509e-01,7.330070778644478535e-01
4.419414414414414294e-01,7.307082602556271844e-01
4.429424424424424633e-01,7.284105481825050576e-01
4.439434434434434418e-01,7.261139674027757840e-01
4.449444444444444202e-01,7.238185435877348972e-01
4.459454454454454542e-01,7.215243023219292118e-01
4.469464464464464326e-01,7.192312691028143190e-01
4.479474474474474666e-01,7.169394693404127494e-01
4.489484484484484450e-01,7.146489283569774642e-01
4.499494494494494234e-01,7.123596713866587882e-01
4.509504504504504574e-01,7.100717235751751177e-01
4.519514514514514358e-01,7.077851099794875145e-01
4.529524524524524698e-01,7.054998555674776295e-01
4.539534534534534482e-01,7.032159852176304016e-01
4.549544544544544267e-01,7.009335237187186429e-01
4.559554554554554606e-01,6.986524957694937310e-01
4.569564564564564391e-01,6.963729259783789649e-01
4.579574574574574730e-01,6.940948388631655863e-01
4.589584584584584515e-01,6.918182588507147956e-01
4.599594594594594299e-01,6.895432102766617666e-01
4.609604604604604638e-01,6.872697173851242125e-01
4.619614614614614423e-01,6.849978043284149498e-01
4.629624624624624762e-01,6.827274951667572367e-01
4.639634634634634547e-01,6.804588138680047749e-01
4.649644644644644331e-01,6.781917843073653751e-01
4.659654654654654671e-01,6.759264302671272873e-01
4.669664664664664455e-01,6.736627754363921916e-01
4.679674674674674795e-01,6.714008434108071910e-01
4.689684684684684579e-01,6.691406576923060179e-01
4.699694694694694919e-01,6.668822416888490201e-01
4.709704704704704703e-01,6.646256187141706961e-01
4.719714714714714487e-01,6.623708119875288958e-01
4.729724724724724827e-01,6.601178446334577954e-01
4.739734734734734611e-01,6.578667396815259805e-01
4.749744744744744951e-01,6.556175200660968594e-01
4.759754754754754735e-01,6.533702086260936293e-01
4.769764764764764520e-01,6.511248281047675723e-01
4.779774774774774859e-01,6.488814011494695722e-01
4.789784784784784644e-01,6.466399503114274028e-01
4.799794794794794983e-01,6.444004980455234621e-01
4.809804804804804768e-01,6.421630667100796108e-01
4.819814814814814552e-01,6.399276785666434542e-01
4.829824824824824892e-01,6.376943557797787321e-01
4.839834834834834676e-01,6.354631204168603720e-01
4.849844844844845015e-01,6.332339944478720950e-01
4.859854854854854800e-01,6.310069997452083523e-01
4.869864864864864584e-01,6.287821580834794810e-01
4.879874874874874924e-01,6.265594911393211897e-01
4.889884884884884708e-01,6.243390204912074859e-01
4.899894894894895048e-01,6.221207676192661573e-01
4.909904904904904832e-01,6.199047539051001365e-01
4.919914914914914617e-01,6.176910006316103097e-01
4.929924924924924956e-01,6.154795289828234317e-01
4.939934934934934740e-01,6.132703600437233726e-01
4.949944944944945080e-01,6.110635148000848060e-01
4.959954954954954864e-01,6.088590141383130039e-01
4.969964964964965204e-01,6.066568788452840755e-01
4.979974974974974988e-01,6.044571296081925338e-01
4.989984984984984773e-01,6.022597870143985288e-01
4.999994994994995112e-01,6.000648715512820752e-01
5.010005005005004897e-01,5.978724036060986124e-01
5.020015015015014681e-01,5.956824034658396716e-01
5.030025025025024465e-01,5.934948913170950968e-01
5.040035035035034250e-01,5.913098872459219280e-01
5.050045045045044034e-01,5.891274112377140604e-01
5.060055055055054929e-01,5.869474831770762346e-01
5.070065065065064713e-01,5.847701228477035773e-01
5.080075075075074498e-01,5.825953499322606977e-01
5.090085085085084282e-01,5.804231840122678898e-01
5.100095095095094067e-01,5.782536445679895554e-01
5.110105105105104961e-01,5.760867509783255125e-01
5.120115115115114746e-01,5.739225225207078562e-01
5.130125125125124530e-01,5.717609783709982629e-01
5.140135135135134314e-01,5.696021376033914008e-01
5.150145145145144099e-01,5.674460191903206718e-01
5.160155155155154993e-01,5.652926420023678400e-01
5.170165165165164778e-01,5.631420248081764335e-01
5.180175175175174562e-01,5.609941862743669239e-01
5.190185185185184347e-01,5.588491449654576781e-01
5.200195195195194131e-01,5.567069193437875763e-01
5.210205205205205026e-01,5.545675277694431804e-01
5.220215215215214810e-01,5.524309885001891240e-01
5.230225225225224595e-01,5.502973196914010545e-01
5.240235235235234379e-01,5.481665393960029053e-01
5.250245245245244163e-01,5.460386655644077214e-01
5.260255255255255058e-01,5.439137160444607044e-01
5.270265265265264842e-01,5.417917085813874767e-01
5.280275275275274627e-01,5.396726608177433437e-01
5.290285285285284411e-01,5.375565902933683304e-01
5.300295295295294196e-01,5.354435144453435491e-01
5.310305305305305090e-01,5.333334506079524528e-01
5.320315315315314875e-01,5.312264160126454193e-01
5.330325325325324659e-01,5.291224277880051119e-01
5.340335335335334443e-01,5.270215029597188350e-01
5.350345345345344228e-01,5.249236584505517778e-01
5.360355355355355123e-01,5.228289110803236994e-01
5.370365365365364907e-01,5.207372775658910546e-01
5.380375375375374691e-01,5.186487745211290079e-01
5.390385385385384476e-01,5.165634184569187770e-01
5.400395395395394260e-01,5.144812257811388623e-01
5.410405405405405155e-01,5.124022127986573860e-01
5.420415415415414939e-01,5.103263957113300942e-01
5.430425425425424724e-01,5.082537906179988019e-01
5.440435435435434508e-01,5.061844135144958345e-01
5.450445445445444292e-01,5.041182802936496898e-01
5.460455455455455187e-01,5.020554067452945857e-01
5.470465465465464971e-01,4.999958085562842269e-01
5.480475475475474756e-01,4.979395013105060164e-01
5.490485485485484540e-01,4.958865004889014272e-01
5.500495495495495435e-01,4.938368214694871527e-01
5.510505505505505219e-01,4.917904795273819185e-01
5.520515515515515004e-01,4.897474898348332384e-01
5.530525525525524788e-01,4.877078674612499998e-01
5.540535535535534573e-01,4.856716273732367140e-01
5.550545545545545467e-01,4.836387844346310971e-01
5.560555555555555252e-01,4.816093534065458703e-01
5.570565565565565036e-01,4.795833489474112254e-01
5.580575575575574820e-01,4.775607856130222872e-01
5.590585585585584605e-01,4.755416778565896285e-01
5.600595595595595499e-01,4.735260400287910065e-01
5.610605605605605284e-01,4.715138863778290390e-01
5.620615615615615068e-01,4.695052310494884362e-01
5.630625625625624853e-01,4.675000880871990616e-01
5.640635635635634637e-01,4.654984714321006023e-01
5.650645645645645532e-01,4.635003949231102927e-01
5.660655655655655316e-01,4.615058722969944127e-01
5.670665665665665101e-01,4.595149171884411188e-01
5.680675675675674885e-01,4.575275431301380480e-01
5.690685685685684669e-01,4.555437635528515328e-01
5.700695695695695564e-01,4.535635917855089239e-01
5.710705705705705348e-01,4.515870410552855208e-01
5.720715715715715133e-01,4.496141244876904475e-01
5.730725725725724917e-01,4.476448551066599113e-01
5.740735735735734702e-01,4.456792458346504615e-01
5.750745745745745596e-01,4.437173094927355232e-01
5.760755755755755381e-01,4.417590588007064278e-01
5.770765765765765165e-01,4.398045063771732210e-01
5.780775775775774949e-01,4.378536647396714110e-01
5.790785785785784734e-01,4.359065463047692712e-01
5.800795795795795629e-01,4.339631633881788630e-01
5.810805805805805413e-01,4.320235282048706660e-01
5.820815815815815197e-01,4.300876528691886524e-01
5.830825825825824982e-01,4.281555493949701363e-01
5.840835835835834766e-01,4.262272296956678419e-01
5.850845845845845661e-01,4.243027055844739714e-01
5.860855855855855445e-01,4.223819887744485468e-01
5.870865865865865230e-01,4.204650908786481400e-01
5.880875875875875014e-01,4.185520234102593773e-01
5.890885885885884798e-01,4.166427977827339424e-01
5.900895895895895693e-01,4.147374253099270214e-01
5.910905905905905477e-01,4.128359172062376348e-01
5.920915915915915262e-01,4.109382845867519674e-01
5.930925925925925046e-01,4.090445384673890294e-01
5.940935935935934831e-01,4.071546897650494823e-01
5.950945945945945725e-01,4.052687492977665173e-01
5.960955955955955510e-01,4.033867277848600663e-01
5.970965965965965294e-01,4.015086358470920658e-01
5.980975975975975079e-01,3.996344840068256077e-01
5.990985985985984863e-01,3.977642826881865878e-01
6.000995995995995758e-01,3.958980422172270197e-01
6.011006006006005542e-01,3.940357728220921785e-01
6.021016016016015326e-01,3.921774846331881892e-01
6.031026026026025111e-01,3.903231876833542224e-01
6.041036036036034895e-01,3.884728919080361886e-01
6.051046046046045790e-01,3.866266071454623754e-01
6.061056056056055574e-01,3.847843431368234701e-01
6.071066066066065359e-01,3.829461095264521386e-01
6.081076076076075143e-01,3.811119158620073222e-01
6.091086086086086038e-01,3.792817715946600887e-01
6.101096096096095822e-01,3.774556860792825930e-01
6.111106106106105607e-01,3.756336685746375359e-01
6.121116116116115391e-01,3.738157282435720097e-01
6.131126126126125175e-01,3.720018741532131190e-01
6.141136136136136070e-01,3.701921152751652122e-01
6.151146146146145854e-01,3.683864604857108316e-01
6.161156156156155639e-01,3.665849185660122189e-01
6.171166166166165423e-01,3.647874982023165957e-01
6.181176176176175208e-01,3.629942079861631088e-01
6.191186186186186102e-01,3.612050564145919407e-01
6.201196196196195887e-01,3.594200518903568620e-01
6.211206206206205671e-01,3.576392027221374503e-01
6.221216216216215456e-01,3.558625171247565278e-01
6.231226226226225240e-01,3.540900032193977642e-01
6.241236236236236135e-01,3.523216690338265011e-01
6.251246246246245919e-01,3.505575225026129060e-01
6.261256256256255703e-01,3.487975714673557937e-01
6.271266266266265488e-01,3.470418236769109988e-01
6.281276276276275272e-01,3.452902867876196935e-01
6.291286286286286167e-01,3.435429683635400910e-01
6.301296296296295951e-01,3.417998758766819245e-01
6.311306306306305736e-01,3.400610167072407597e-01
6.321316316316315520e-01,3.383263981438365819e-01
6.331326326326325304e-01,3.365960273837537708e-01
6.341336336336336199e-01,3.348699115331829068e-01
6.351346346346345983e-01,3.331480576074655753e-01
6.361356356356355768e-01,3.314304725313394484e-01
6.371366366366365552e-01,3.297171631391873081e-01
6.381376376376375337e-01,3.280081361752872904e-01
6.391386386386386231e-01,3.263033982940649613e-01
6.401396396396396016e-01,3.246029560603485575e-01
6.411406406406405800e-01,3.229068159496240598e-01
6.421416416416415585e-01,3.212149843482945410e-01
6.431426426426425369e-01,3.195274675539402365e-01
6.441436436436436264e-01,3.178442717755808888e-01
6.451446446446446048e-01,3.161654031339405924e-01
6.461456456456455832e-01,3.144908676617134136e-01
6.471466466466465617e-01,3.128206713038319542e-01
6.481476476476475401e-01,3.111548199177375240e-01
6.491486486486486296e-01,3.094933192736520899e-01
6.501496496496496080e-01,3.078361750548530562e-01
6.511506506506505865e-01,3.061833928579483777e-01
6.521516516516515649e-01,3.045349781931542821e-01
6.531526526526525434e-01,3.028909364845758789e-01
6.541536536536536328e-01,3.012512730704877129e-01
6.551546546546546113e-01,2.996159932036185358e-01
6.561556556556555897e-01,2.979851020514351356e-01
6.571566566566565681e-01,2.963586046964303278e-01
6.581576576576575466e-01,2.947365061364120020e-01
6.591586586586586360e-01,2.931188112847932792e-01
6.601596596596596145e-01,2.915055249708863316e-01
6.611606606606605929e-01,2.898966519401954267e-01
6.621616616616615714e-01,2.882921968547139668e-01
6.631626626626625498e-01,2.866921642932223624e-01
6.641636636636636393e-01,2.850965587515874033e-01
6.651646646646646177e-01,2.835053846430649060e-01
6.661656656656655962e-01,2.819186462986015829e-01
6.671666666666665746e-01,2.803363479671410752e-01
6.681676676676675530e-01,2.787584938159303194e-01
6.691686686686686425e-01,2.771850879308282445e-01
6.701696696696696209e-01,2.756161343166161903e-01
6.711706706706705994e-01,2.740516368973094918e-01
6.721716716716715778e-01,2.724915995164712279e-01
6.731726726726725563e-01,2.709360259375278579e-01
6.741736736736736457e-01,2.693849198440858017e-01
6.751746746746746242e-01,2.678382848402511285e-01
6.761756756756756026e-01,2.662961244509486902e-01
6.771766766766765810e-01,2.647584421222450857e-01
6.781776776776776705e-01,2.632252412216718462e-01
6.791786786786786490e-01,2.616965250385518416e-01
6.801796796796796274e-01,2.601722967843250189e-01
6.811806806806806058e-01,2.586525595928777510e-01
6.821816816816815843e-01,2.571373165208732381e-01
6.831826826826826737e-01,2.556265705480830763e-01
6.841836836836836522e-01,2.541203245777214903e-01
6.851846846846846306e-01,2.526185814367795657e-01
6.861856856856856091e-01,2.511213438763627570e-01
6.871866866866865875e-01,2.496286145720290062e-01
6.881876876876876770e-01,2.481403961241285816e-01
6.891886886886886554e-01,2.466566910581461380e-01
6.901896896896896338e-01,2.451775018250434424e-01
6.911906906906906123e-01,2.437028308016040978e-01
6.921916916916915907e-01,2.422326802907801002e-01
6.931926926926926802e-01,2.407670525220396429e-01
6.941936936936936586e-01,2.393059496517167262e-01
6.951946946946946371e-01,2.378493737633618765e-01
6.961956956956956155e-01,2.363973268680948925e-01
6.971966966966965940e-01,2.349498109049589778e-01
6.981976976976976834e-01,2.335068277412765958e-01
6.991986986986986619e-01,2.320683791730065448e-01
7.001996996996996403e-01,2.306344669251028101e-01
7.012007007007006187e-01,2.292050926518749143e-01
7.022017017017015972e-01,2.277802579373496838e-01
7.032027027027026866e-01,2.263599642956349023e-01
7.042037037037036651e-01,2.249442131712844350e-01
7.052047047047046435e-01,2.235330059396642144e-01
7.062057057057056220e-01,2.221263439073206947e-01
7.072067067067066004e-01,2.207242283123502236e-01
7.082077077077076899e-01,2.193266603247702728e-01
7.092087087087086683e-01,2.179336410468925844e-01
7.102097097097096468e-01,2.165451715136963995e-01
7.112107107107106252e-01,2.151612526932048242e-01
7.122117117117116036e-01,2.137818854868620555e-01
7.132127127127126931e-01,2.124070707299120231e-01
7.142137137137136715e-01,2.110368091917791400e-01
7.152147147147146500e-01,2.096711015764497477e-01
7.162157157157156284e-01,2.083099485228557812e-01
7.172167167167166069e-01,2.069533506052596006e-01
7.182177177177176963e-01,2.056013083336406533e-01
7.192187187187186748e-01,2.042538221540840249e-01
7.202197197197196532e-01,2.029108924491690724e-01
7.212207207207206316e-01,2.015725195383615553e-01
7.222217217217216101e-01,2.002387036784059604e-01
7.232227227227226996e-01,1.989094450637197420e-01
7.242237237237236780e-01,1.975847438267901435e-01
7.252247247247246564e-01,1.962646000385703804e-01
7.262257257257256349e-01,1.949490137088795705e-01
7.272267267267266133e-01,1.936379847868034132e-01
7.282277277277277028e-01,1.923315131610959239e-01
7.292287287287286812e-01,1.910295986605843599e-01
7.302297297297296597e-01,1.897322410545735638e-01
7.312307307307306381e-01,1.884394400532537761e-01
7.322317317317316165e-01,1.871511953081092527e-01
7.332327327327327060e-01,1.858675064123286313e-01
7.342337337337336844e-01,1.845883729012174068e-01
7.352347347347346629e-01,1.833137942526109898e-01
7.362357357357356413e-01,1.820437698872905408e-01
7.372367367367367308e-01,1.807782991694000252e-01
7.382377377377377092e-01,1.795173814068650175e-01
7.392387387387386877e-01,1.782610158518128374e-01
7.402397397397396661e-01,1.770092017009955165e-01
7.412407407407406446e-01,1.757619380962132105e-01
7.422417417417417340e-01,1.745192241247397746e-01
7.432427427427427125e-01,1.732810588197511992e-01
7.442437437437436909e-01,1.720474411607537668e-01
7.452447447447446693e-01,1.708183700740156241e-01
7.462457457457456478e-01,1.695938444329997685e-01
7.472467467467467372e-01,1.683738630587983676e-01
7.482477477477477157e-01,1.671584247205704088e-01
7.492487487487486941e-01,1.659475281359788224e-01
7.502497497497496726e-01,1.647411719716318224e-01
7.512507507507506510e-01,1.635393548435243316e-01
7.522517517517517405e-01,1.623420753174830700e-01
7.532527527527527189e-01,1.611493319096125587e-01
7.542537537537536974e-01,1.599611230867424849e-01
7.552547547547546758e-01,1.587774472668791459e-01
7.562557557557556542e-01,1.575983028196564772e-01
7.572567567567567437e-01,1.564236880667909668e-01
7.582577577577577221e-01,1.552536012825382061e-01
7.592587587587587006e-01,1.540880406941508296e-01
7.602597597597596790e-01,1.529270044823392571e-01
7.612607607607606575e-01,1.517704907817348237e-01
7.622617617617617469e-01,1.506184976813542131e-01
7.632627627627627254e-01,1.494710232250676119e-01
7.642637637637637038e-01,1.483280654120671116e-01
7.652647647647646822e-01,1.471896221973394425e-01
7.662657657657656607e-01,1.460556914921396499e-01
7.672667667667667502e-01,1.449262711644674628e-01
7.682677677677677286e-01,1.438013590395470220e-01
7.692687687687687070e-01,1.426809529003074950e-01
7.702697697697696855e-01,1.415650504878672722e-01
7.712707707707706639e-01,1.404536495020207443e-01
7.722717717717717534e-01,1.393467476017264672e-01
7.732727727727727318e-01,1.382443424056000736e-01
7.742737737737737103e-01,1.371464314924075167e-01
7.752747747747746887e-01,1.360530124015624509e-01
7.762757757757756671e-01,1.349640826336260813e-01
7.772767767767767566e-01,1.338796396508096509e-01
7.782777777777777350e-01,1.327996808774807302e-01
7.792787787787787135e-01,1.317242037006702282e-01
7.802797797797796919e-01,1.306532054705847878e-01
7.812807807807806704e-01,1.295866835011211249e-01
7.822817817817817598e-01,1.285246350703831697e-01
7.832827827827827383e-01,1.274670574212032892e-01
7.842837837837837167e-01,1.264139477616657292e-01
7.852847847847846952e-01,1.253653032656339983e-01
7.862857857857856736e-01,1.243211210732813737e-01
7.872867867867867631e-01,1.232813982916246970e-01
7.882877877877877415e-01,1.222461319950624431e-01
7.892887887887887199e-01,1.212153192259148304e-01
7.902897897897896984e-01,1.201889569949690789e-01
7.912907907907906768e-01,1.191670422820276798e-01
7.922917917917917663e-01,1.181495720364601487e-01
7.932927927927927447e-01,1.171365431777600247e-01
7.942937937937937232e-01,1.161279525961035897e-01
7.952947947947947016e-01,1.151237971529147364e-01
7.962957957957956800e-01,1.141240736814330275e-01
7.972967967967967695e-01,1.131287789872860577e-01
7.982977977977977480e-01,1.121379098490662696e-01
7.992987987987987264e-01,1.111514630189118363e-01
8.002997997997997048e-01,1.101694352230926793e-01
8.013008008008006833e-01,1.091918231626006625e-01
8.023018018018017727e-01,1.082186235137448105e-01
8.033028028028027512e-01,1.072498329287514679e-01
8.043038038038037296e-01,1.062854480363684406e-01
8.053048048048047081e-01,1.053254654424757991e-01
8.063058058058057975e-01,1.043698817307006366e-01
8.073068068068067760e-01,1.034186934630380306e-01
8.083078078078077544e-01,1.024718971804767786e-01
8.093088088088087328e-01,1.015294894036309348e-01
8.103098098098097113e-01,1.005914666333777713e-01
8.113108108108108008e-01,9.965782535150018162e-02
8.123118118118117792e-01,9.872856202133702130e-02
8.133128128128127576e-01,9.780367308843777863e-02
8.143138138138137361e-01,9.688315498122486435e-02
8.153148148148147145e-01,9.596700411166168843e-02
8.163158158158158040e-01,9.505521687592811964e-02
8.173168168168167824e-01,9.414778965510223196e-02
8.183178178178177609e-01,9.324471881584903143e-02
8.193188188188187393e-01,9.234600071111669084e-02
8.203198198198197177e-01,9.145163168084022298e-02
8.213208208208208072e-01,9.056160805265268954e-02
8.223218218218217856e-01,8.967592614260412598e-02
8.233228228228227641e-01,8.879458225588827969e-02
8.243238238238237425e-01,8.791757268757827148e-02
8.253248248248247210e-01,8.704489372336993158e-02
8.263258258258258104e-01,8.617654164033447528e-02
8.273268268268267889e-01,8.531251270767993555e-02
8.283278278278277673e-01,8.445280318752100557e-02
8.293288288288287458e-01,8.359740933565966425e-02
8.303298298298297242e-01,8.274632740237462813e-02
8.313308308308308137e-01,8.189955363322073967e-02
8.323318318318317921e-01,8.105708426983945780e-02
8.333328328328327705e-01,8.021891555077859115e-02
8.343338338338337490e-01,7.938504371232389667e-02
8.353348348348347274e-01,7.855546498934193322e-02
8.363358358358358169e-01,7.773017561613333737e-02
8.373368368368367953e-01,7.690917182729938018e-02
8.383378378378377738e-01,7.609244985861934873e-02
8.393388388388387522e-01,7.528000594794150013e-02
8.403398398398397307e-01,7.447183633608614461e-02
8.413408408408408201e-01,7.366793726776260653e-02
8.423418418418417986e-01,7.286830499249996596e-02
8.433428428428427770e-01,7.207293576559127557e-02
8.443438438438437554e-01,7.128182584905261299e-02
8.453448448448447339e-01,7.049497151259755123e-02
8.463458458458458233e-01,6.971236903462656176e-02
8.473468468468468018e-01,6.893401470323258506e-02
8.483478478478477802e-01,6.815990481722301875e-02
8.493488488488487587e-01,6.739003568715830339e-02
8.503498498498497371e-01,6.662440363640891039e-02
8.513508508508508266e-01,6.586300500222916354e-02
8.523518518518518050e-01,6.510583613685105853e-02
8.533528528528527834e-01,6.435289340859559615e-02
8.543538538538537619e-01,6.360417320300561228e-02
8.553548548548547403e-01,6.285967192399817549e-02
8.563558558558558298e-01,6.211938599503809971e-02
8.573568568568568082e-01,6.138331186033402220e-02
8.583578578578577867e-01,6.065144598605601983e-02
8.593588588588587651e-01,5.992378486157774742e-02
8.603598598598597436e-01,5.920032500074151605e-02
8.613608608608608330e-01,5.848106294314909387e-02
8.623618618618618115e-01,5.776599525547845837e-02
8.633628628628627899e-01,5.705511853282584783e-02
8.643638638638637683e-01,5.634842940007737250e-02
8.653648648648648578e-01,5.564592451330736822e-02
8.663658658658658362e-01,5.494760056120766289e-02
8.673668668668668147e-01,5.425345426654649278e-02
8.683678678678677931e-01,5.356348238765943487e-02
8.693688688688687716e-01,5.287768171997311167e-02
8.703698698698698610e-01,5.219604909756303535e-02
8.713708708708708395e-01,5.151858139474654180e-02
8.723718718718718179e-01,5.084527552771164055e-02
8.733728728728727964e-01,5.017612845618471540e-02
8.743738738738737748e-01,4.951113718513672213e-02
8.753748748748748643e-01,4.885029876653007586e-02
8.763758758758758427e-01,4.819361030110824728e-02
8.773768768768768211e-01,4.754106894022853275e-02
8.783778778778777996e-01,4.689267188774076667e-02
8.793788788788787780e-01,4.624841640191286463e-02
8.803798798798798675e-01,4.560829979740547990e-02
8.813808808808808459e-01,4.497231944729824377e-02
8.823818818818818244e-01,4.434047278516764501e-02
8.833828828828828028e-01,4.371275730722096187e-02
8.843838838838837813e-01,4.308917057448737042e-02
8.853848848848848707e-01,4.246971021506772831e-02
8.863858858858858492e-01,4.185437392644769661e-02
8.873868868868868276e-01,4.124315947787359632e-02
8.883878878878878060e-01,4.063606471279668925e-02
8.893888888888887845e-01,4.003308755138713232e-02
8.903898898898898739e-01,3.943422599312015192e-02
8.913908908908908524e-01,3.883947811943870565e-02
8.923918918918918308e-01,3.824884209649509481e-02
8.933928928928928093e-01,3.766231617797492076e-02
8.943938938938937877e-01,3.707989870800725007e-02
8.953948948948948772e-01,3.650158812416481879e-02
8.963958958958958556e-01,3.592738296055809216e-02
8.973968968968968341e-01,3.535728185102662846e-02
8.983978978978978125e-01,3.479128353243376992e-02
8.993988988988987909e-01,3.422938684806758891e-02
9.003998998998998804e-01,3.367159075115438299e-02
9.014009009009008588e-01,3.311789430848920135e-02
9.024019019019018373e-01,3.256829670418819045e-02
9.034029029029028157e-01,3.202279724357029456e-02
9.044039039039037942e-01,3.148139535717272425e-02
9.054049049049048836e-01,3.094409060490755509e-02
9.064059059059058621e-01,3.041088268036615597e-02
9.074069069069068405e-01,2.988177141527821254e-02
9.084079079079078189e-01,2.935675678413370016e-02
9.094089089089087974e-01,2.883583890897562993e-02
9.104099099099098868e-01,2.831901806437188765e-02
9.114109109109108653e-01,2.780629468257605694e-02
9.124119119119118437e-01,2.729766935888611884e-02
9.134129129129128222e-01,2.679314285721207459e-02
9.144139139139138006e-01,2.629271611586321902e-02
9.154149149149148901e-01,2.579639025356646534e-02
9.164159159159158685e-01,2.530416657572912356e-02
9.174169169169168470e-01,2.481604658095824117e-02
9.184179179179178254e-01,2.433203196785170205e-02
9.194189189189188038e-01,2.385212464207574559e-02
9.204199199199198933e-01,2.337632672374518120e-02
9.214209209209208717e-01,2.290464055512406172e-02
9.224219219219218502e-01,2.243706870866424979e-02
9.234229229229228286e-01,2.197361399540314827e-02
9.244239239239238071e-01,2.151427947374097080e-02
9.254249249249248965e-01,2.105906845862062088e-02
9.264259259259258750e-01,2.060798453113474316e-02
9.274269269269268534e-01,2.016103154858613425e-02
9.284279279279278319e-01,1.971821365503059753e-02
9.294289289289288103e-01,1.927953529233174951e-02
9.304299299299298998e-01,1.884500121176127183e-02
9.314309309309308782e-01,1.841461648618058014e-02
9.324319319319318566e-01,1.798838652284141457e-02
9.334329329329328351e-01,1.756631707684762345e-02
9.344339339339339245e-01,1.714841426532240712e-02
9.354349349349349030e-01,1.673468458233082906e-02
9.364359359359358814e-01,1.632513491460923019e-02
9.374369369369368599e-01,1.591977255815975670e-02
9.384379379379378383e-01,1.551860523577258677e-02
9.394389389389389278e-01,1.512164111554325889e-02
9.404399399399399062e-01,1.472888883046025860e-02
9.414409409409408847e-01,1.434035749914289691e-02
9.424419419419418631e-01,1.395605674781922635e-02
9.434429429429428415e-01,1.357599673364045210e-02
9.444439439439439310e-01,1.320018816943854464e-02
9.454449449449449094e-01,1.282864235004440093e-02
9.464459459459458879e-01,1.246137118029480399e-02
9.474469469469468663e-01,1.209838720487077003e-02
9.484479479479478448e-01,1.173970364012400132e-02
9.494489489489489342e-01,1.138533440806428071e-02
9.504499499499499127e-01,1.103529417270103161e-02
9.514509509509508911e-01,1.068959837895132672e-02
9.524519519519518695e-01,1.034826329435301062e-02
9.534529529529528480e-01,1.001130605384667471e-02
9.544539539539539375e-01,9.678744707922714782e-03
9.554549549549549159e-01,9.350598274465092910e-03
9.564559559559558943e-01,9.026886794662796962e-03
9.574569569569568728e-01,8.707631393408120715e-03
9.584579579579578512e-01,8.392854344653739515e-03
9.594589589589589407e-01,8.082579142262246580e-03
9.604599599599599191e-01,7.776830576953846878e-03
9.614609609609608976e-01,7.475634820041367375e-03
9.624619619619618760e-01,7.179019514739118542e-03
9.634629629629628544e-01,6.887013875945029173e-03
9.644639639639639439e-01,6.599648799530597604e-03
9.654649649649649223e-01,6.316956982330805548e-03
9.664659659659659008e-01,6.038973054212228020e-03
9.674669669669668792e-01,5.765733723822812767e-03
9.684679679679678577e-01,5.497277939891156290e-03
9.694689689689689471e-01,5.233647070265930352e-03
9.704699699699699256e-01,4.974885101272834807e-03
9.714709709709709040e-01,4.721038860438698040e-03
9.724719719719718825e-01,4.472158266209482792e-03
9.734729729729728609e-01,4.228296608999504783e-03
9.744739739739739504e-01,3.989510868789999942e-03
9.754749749749749288e-01,3.755862075596461385e-03
9.764759759759759072e-01,3.527415720507526796e-03
9.774769769769768857e-01,3.304242226759132508e-03
9.784779779779778641e-01,3.086417492558314601e-03
9.794789789789789536e-01,2.874023520287574598e-03
9.804799799799799320e-01,2.667149150530952889e-03
9.814809809809809105e-01,2.465890924406913959e-03
9.824819819819818889e-01,2.270354104448163261e-03
9.834829829829828673e-01,2.080653893447342601e-03
9.844839839839839568e-01,1.896916903347958512e-03
9.854849849849849353e-01,1.719282944022403579e-03
9.864859859859859137e-01,1.547907227172122969e-03
9.874869869869868921e-01,1.382963117660714579e-03
9.884879879879878706e-01,1.224645620025060057e-03
9.894889889889889600e-01,1.073175873065871982e-03
9.904899899899899385e-01,9.288070603581565421e-04
9.914909909909909169e-01,7.918323661882867423e-04
9.924919919919918954e-01,6.625959863304323487e-04
9.934929929929929848e-01,5.415088879985224856e-04
9.944939939939939633e-01,4.290723267566170585e-04
9.954949949949949417e-01,3.259148488485253889e-04
9.964959959959959201e-01,2.328547336149891815e-04
9.974969969969968986e-01,1.510161394666162263e-04
9.984979979979979881e-01,8.207924541315648299e-05
9.994989989989989665e-01,2.897582146553064823e-05
1.000499999999999945e+00,0.000000000000000000e+00
