wavelength,flux
6006.745456,0.0
6010.96113,3.41107e-16
6015.176803,3.18034e-16
6019.392476,3.55833e-16
6023.608149,3.23495e-16
6027.823822,3.18564e-16
6032.039495,3.40732e-16
6036.255168,3.27188e-16
6040.470841,3.22294e-16
6044.686514,3.21008e-16
6048.902187,3.09689e-16
6053.11786,3.07586e-16
6057.333533,3.18311e-16
6061.549206,3.08845e-16
6065.764879,3.02124e-16
6069.980553,3.09098e-16
6074.196226,3.08638e-16
6078.411899,2.90929e-16
6082.627572,2.93861e-16
6086.843245,3.11341e-16
6091.058918,3.03237e-16
6095.274591,2.98173e-16
6099.490264,3.08749e-16
6103.705937,3.04989e-16
6107.92161,2.94203e-16
6112.137283,2.96154e-16
6116.352956,2.65469e-16
6120.568629,2.9389e-16
6124.784303,2.9868e-16
6128.999976,2.66284e-16
6133.215649,2.80137e-16
6137.431322,2.83784e-16
6141.646995,2.88753e-16
6145.862668,2.90291e-16
6150.078341,2.71874e-16
6154.294014,2.7898e-16
6158.509687,2.89419e-16
6162.72536,2.88568e-16
6166.941033,2.86132e-16
6171.156706,2.74027e-16
6175.372379,2.58339e-16
6179.588052,2.95222e-16
6183.803726,2.91315e-16
6188.019399,2.81935e-16
6192.235072,2.6654e-16
6196.450745,2.81763e-16
6200.666418,2.89053e-16
6204.882091,2.82947e-16
6209.097764,2.84331e-16
6213.313437,2.85489e-16
6217.52911,2.87675e-16
6221.744783,2.81513e-16
6225.960456,3.02257e-16
6230.176129,3.11651e-16
6234.391802,2.83927e-16
6238.607476,3.04758e-16
6242.823149,2.97843e-16
6247.038822,3.09525e-16
6251.254495,2.78523e-16
6255.470168,2.74167e-16
6259.685841,2.64414e-16
6263.901514,2.91255e-16
6268.117187,2.70407e-16
6272.33286,2.82489e-16
6276.548533,2.77138e-16
6280.764206,2.81027e-16
6284.979879,2.72671e-16
6289.195552,2.51725e-16
6293.411225,2.64214e-16
6297.626899,2.50017e-16
6301.842572,2.7163e-16
6306.058245,2.82484e-16
6310.273918,2.91542e-16
6314.489591,2.85282e-16
6318.705264,3.08036e-16
6322.920937,2.97502e-16
6327.13661,2.94438e-16
6331.352283,2.77225e-16
6335.567956,2.97924e-16
6339.783629,3.17501e-16
6343.999302,2.91291e-16
6348.214975,3.19635e-16
6352.430649,2.83433e-16
6356.646322,2.88414e-16
6360.861995,2.73851e-16
6365.077668,3.09383e-16
6369.293341,3.20154e-16
6373.509014,3.17496e-16
6377.724687,3.007e-16
6381.94036,2.80452e-16
6386.156033,2.93071e-16
6390.371706,2.98857e-16
6394.587379,2.88588e-16
6398.803052,2.87359e-16
6403.018725,2.73045e-16
6407.234398,2.67158e-16
6411.450072,2.49451e-16
6415.665745,2.72138e-16
6419.881418,2.54723e-16
6424.097091,2.47311e-16
6428.312764,2.23313e-16
6432.528437,2.03183e-16
6436.74411,2.02922e-16
6440.959783,1.85416e-16
6445.175456,1.95906e-16
6449.391129,1.75524e-16
6453.606802,1.5293e-16
6457.822475,1.43001e-16
6462.038148,1.39896e-16
6466.253822,1.35433e-16
6470.469495,1.35863e-16
6474.685168,1.2342e-16
6478.900841,1.35793e-16
6483.116514,1.32128e-16
6487.332187,1.31175e-16
6491.54786,1.31025e-16
6495.763533,1.27723e-16
6499.979206,1.242e-16
6504.194879,1.36609e-16
6508.410552,1.34338e-16
6512.626225,1.62206e-16
6516.841898,1.70511e-16
6521.057571,1.74129e-16
6525.273245,1.82284e-16
6529.488918,1.97131e-16
6533.704591,2.31913e-16
6537.920264,2.5414e-16
6542.135937,2.80035e-16
6546.35161,3.11062e-16
6550.567283,3.30936e-16
6554.782956,3.72525e-16
6558.998629,4.07593e-16
6563.214302,4.39264e-16
6567.429975,4.69256e-16
6571.645648,5.14422e-16
6575.861321,5.48099e-16
6580.076995,5.95228e-16
6584.292668,6.29591e-16
6588.508341,6.53042e-16
6592.724014,6.91347e-16
6596.939687,7.25234e-16
6601.15536,7.36855e-16
6605.371033,7.85518e-16
6609.586706,7.95966e-16
6613.802379,8.16765e-16
6618.018052,8.19779e-16
6622.233725,8.71537e-16
6626.449398,8.58341e-16
6630.665071,9.36404e-16
6634.880744,9.69594e-16
6639.096418,9.71494e-16
6643.312091,9.50297e-16
6647.527764,8.89618e-16
6651.743437,8.67483e-16
6655.95911,8.62247e-16
6660.174783,8.41867e-16
6664.390456,8.1727e-16
6668.606129,8.03863e-16
6672.821802,7.67277e-16
6677.037475,7.5036e-16
6681.253148,7.32064e-16
6685.468821,7.06997e-16
6689.684494,6.93286e-16
6693.900167,7.01295e-16
6698.115841,6.65489e-16
6702.331514,6.51103e-16
6706.547187,6.35596e-16
6710.76286,6.05858e-16
6714.978533,6.13082e-16
6719.194206,5.89274e-16
6723.409879,5.55889e-16
6727.625552,5.68091e-16
6731.841225,5.57851e-16
6736.056898,5.39915e-16
6740.272571,5.26869e-16
6744.488244,5.06846e-16
6748.703917,4.90638e-16
6752.919591,4.99015e-16
6757.135264,4.74321e-16
6761.350937,4.78579e-16
6765.56661,4.57992e-16
6769.782283,4.61491e-16
6773.997956,4.52724e-16
6778.213629,4.3412e-16
6782.429302,4.18027e-16
6786.644975,4.3024e-16
6790.860648,4.26414e-16
6795.076321,4.04504e-16
6799.291994,3.9788e-16
6803.507667,3.83234e-16
6807.72334,3.63059e-16
6811.939014,3.6881e-16
6816.154687,3.73696e-16
6820.37036,3.50007e-16
6824.586033,3.30342e-16
6828.801706,3.0226e-16
6833.017379,3.1751e-16
6837.233052,3.07567e-16
6841.448725,2.98043e-16
6845.664398,3.06478e-16
6849.880071,3.15892e-16
6854.095744,3.1062e-16
6858.311417,2.99527e-16
6862.52709,2.60203e-16
6866.742764,2.54226e-16
6870.958437,2.52546e-16
6875.17411,2.8732e-16
6879.389783,2.90108e-16
6883.605456,2.77961e-16
6887.821129,2.84378e-16
6892.036802,2.50977e-16
6896.252475,2.81947e-16
6900.468148,2.91114e-16
6904.683821,2.68714e-16
6908.899494,2.72343e-16
6913.115167,2.80025e-16
6917.33084,2.59417e-16
6921.546513,2.79463e-16
6925.762187,2.56443e-16
6929.97786,2.59902e-16
6934.193533,2.57216e-16
6938.409206,2.53954e-16
6942.624879,2.69539e-16
6946.840552,2.61581e-16
6951.056225,2.48222e-16
6955.271898,2.65533e-16
6959.487571,2.52507e-16
6963.703244,2.40735e-16
6967.918917,2.45345e-16
6972.13459,2.5114e-16
6976.350263,2.67845e-16
6980.565937,2.39473e-16
6984.78161,2.4396e-16
6988.997283,2.47406e-16
6993.212956,2.38196e-16
6997.428629,2.41672e-16
7001.644302,2.40235e-16
7005.859975,2.50434e-16
7010.075648,2.40831e-16
7014.291321,2.34345e-16
7018.506994,2.26701e-16
7022.722667,2.32806e-16
7026.93834,2.32063e-16
7031.154013,2.3861e-16
7035.369686,2.38729e-16
7039.58536,2.48877e-16
7043.801033,2.66075e-16
7048.016706,2.30822e-16
7052.232379,2.27194e-16
7056.448052,2.26636e-16
7060.663725,2.38963e-16
7064.879398,2.57551e-16
7069.095071,2.37344e-16
7073.310744,2.30771e-16
7077.526417,2.53785e-16
7081.74209,2.42993e-16
7085.957763,2.49172e-16
7090.173436,2.55648e-16
7094.389109,2.68686e-16
7098.604783,2.5163e-16
7102.820456,2.53861e-16
7107.036129,2.58069e-16
7111.251802,2.69282e-16
7115.467475,2.66986e-16
7119.683148,2.6299e-16
7123.898821,2.63872e-16
7128.114494,2.5188e-16
7132.330167,2.66741e-16
7136.54584,2.66028e-16
7140.761513,2.54258e-16
7144.977186,2.66197e-16
7149.192859,2.67974e-16
7153.408533,2.3878e-16
7157.624206,2.53045e-16
7161.839879,2.41193e-16
7166.055552,2.23127e-16
7170.271225,2.12889e-16
7174.486898,2.30322e-16
7178.702571,2.41047e-16
7182.918244,2.2285e-16
7187.133917,2.23829e-16
7191.34959,2.32214e-16
7195.565263,2.22764e-16
7199.780936,2.43731e-16
7203.996609,2.51826e-16
7208.212282,2.54095e-16
7212.427956,2.34757e-16
7216.643629,2.30905e-16
7220.859302,2.17906e-16
7225.074975,2.12402e-16
7229.290648,2.1815e-16
7233.506321,2.29893e-16
7237.721994,2.34003e-16
7241.937667,2.34225e-16
7246.15334,2.24276e-16
7250.369013,2.16184e-16
7254.584686,2.25954e-16
7258.800359,2.15901e-16
7263.016032,2.29878e-16
7267.231706,2.4637e-16
7271.447379,2.28368e-16
7275.663052,2.29563e-16
7279.878725,2.41434e-16
7284.094398,2.1927e-16
7288.310071,2.31757e-16
7292.525744,2.57224e-16
7296.741417,2.59326e-16
7300.95709,2.54598e-16
7305.172763,2.53516e-16
7309.388436,2.5825e-16
7313.604109,2.56644e-16
7317.819782,2.71785e-16
7322.035455,2.57757e-16
7326.251129,2.79475e-16
7330.466802,3.00061e-16
7334.682475,3.09098e-16
7338.898148,2.87482e-16
7343.113821,2.7185e-16
7347.329494,2.83706e-16
7351.545167,2.94232e-16
7355.76084,2.96928e-16
7359.976513,2.92228e-16
7364.192186,3.02164e-16
7368.407859,2.97618e-16
7372.623532,2.7023e-16
7376.839205,2.7309e-16
7381.054879,2.7642e-16
7385.270552,3.28271e-16
7389.486225,3.16777e-16
7393.701898,3.05815e-16
7397.917571,3.07379e-16
7402.133244,2.82965e-16
7406.348917,2.74004e-16
7410.56459,2.87335e-16
7414.780263,3.085e-16
7418.995936,2.85164e-16
7423.211609,3.03692e-16
7427.427282,3.02299e-16
7431.642955,2.8396e-16
7435.858628,2.86243e-16
7440.074302,2.77325e-16
7444.289975,2.99231e-16
7448.505648,2.88491e-16
7452.721321,2.76998e-16
7456.936994,2.66503e-16
7461.152667,2.53503e-16
7465.36834,2.5757e-16
7469.584013,2.58605e-16
7473.799686,2.81116e-16
7478.015359,2.80795e-16
7482.231032,2.66434e-16
7486.446705,2.56686e-16
7490.662378,2.16633e-16
7494.878052,2.40774e-16
7499.093725,2.04273e-16
7503.309398,2.46953e-16
7507.525071,2.56881e-16
7511.740744,2.32352e-16
7515.956417,2.28792e-16
7520.17209,2.35352e-16
7524.387763,2.43931e-16
7528.603436,2.6226e-16
7532.819109,2.96461e-16
7537.034782,2.54866e-16
7541.250455,2.22867e-16
7545.466128,2.44839e-16
7549.681801,2.38571e-16
7553.897475,2.4552e-16
7558.113148,2.47145e-16
7562.328821,2.5346e-16
7566.544494,2.57554e-16
7570.760167,2.55116e-16
7574.97584,2.35874e-16
7579.191513,2.39893e-16
7583.407186,2.17786e-16
7587.622859,2.0959e-16
7591.838532,1.69104e-16
7596.054205,1.09326e-16
7600.269878,1.15275e-16
7604.485551,2.4e-16
7608.701225,3.4748e-16
7612.916898,3.31323e-16
7617.132571,2.86755e-16
7621.348244,2.1159e-16
7625.563917,1.99636e-16
7629.77959,1.86132e-16
7633.995263,2.3716e-16
7638.210936,2.42472e-16
7642.426609,2.40008e-16
7646.642282,2.53089e-16
7650.857955,2.17415e-16
7655.073628,2.08337e-16
7659.289301,2.04973e-16
7663.504974,2.22638e-16
7667.720648,2.14522e-16
7671.936321,2.35738e-16
7676.151994,2.36402e-16
7680.367667,2.50938e-16
7684.58334,2.3808e-16
7688.799013,2.29222e-16
7693.014686,2.16435e-16
7697.230359,2.0006e-16
7701.446032,1.96685e-16
7705.661705,1.97052e-16
7709.877378,2.00766e-16
7714.093051,2.16023e-16
7718.308724,2.42243e-16
7722.524398,2.37672e-16
7726.740071,1.95949e-16
7730.955744,1.85812e-16
7735.171417,1.9588e-16
7739.38709,2.26007e-16
7743.602763,2.58214e-16
7747.818436,2.67438e-16
7752.034109,2.51124e-16
7756.249782,2.25363e-16
7760.465455,2.02893e-16
7764.681128,1.91832e-16
7768.896801,1.77364e-16
7773.112474,1.83466e-16
7777.328147,2.32572e-16
7781.543821,2.50126e-16
7785.759494,2.81391e-16
7789.975167,2.48159e-16
7794.19084,2.41241e-16
7798.406513,2.01149e-16
7802.622186,1.6959e-16
7806.837859,2.03841e-16
7811.053532,2.54896e-16
7815.269205,2.53633e-16
7819.484878,2.62569e-16
7823.700551,2.32981e-16
7827.916224,2.15397e-16
7832.131897,1.71277e-16
7836.34757,2.18627e-16
7840.563244,2.40743e-16
7844.778917,3.32904e-16
7848.99459,2.74189e-16
7853.210263,2.70897e-16
7857.425936,2.57012e-16
7861.641609,2.35652e-16
7865.857282,2.0368e-16
7870.072955,2.02018e-16
7874.288628,2.36009e-16
7878.504301,2.38825e-16
7882.719974,2.61859e-16
7886.935647,2.70797e-16
7891.15132,2.42365e-16
7895.366994,2.17228e-16
7899.582667,1.98111e-16
7903.79834,1.95305e-16
7908.014013,2.96573e-16
7912.229686,3.02684e-16
7916.445359,2.32574e-16
7920.661032,2.33633e-16
7924.876705,1.97766e-16
7929.092378,2.0044e-16
7933.308051,2.27385e-16
7937.523724,2.44444e-16
7941.739397,2.65205e-16
7945.95507,2.45619e-16
7950.170743,2.10309e-16
7954.386417,1.53701e-16
7958.60209,1.42606e-16
7962.817763,1.83571e-16
7967.033436,2.17239e-16
7971.249109,2.22875e-16
7975.464782,2.27769e-16
7979.680455,2.00336e-16
7983.896128,1.91099e-16
7988.111801,2.12705e-16
7992.327474,2.16791e-16
7996.543147,2.25548e-16
8000.75882,2.28668e-16
8004.974493,2.35206e-16
8009.190167,2.04643e-16
8013.40584,1.96186e-16
8017.621513,2.12138e-16
8021.837186,2.13135e-16
8026.052859,2.13917e-16
8030.268532,2.20027e-16
8034.484205,2.19304e-16
8038.699878,2.10189e-16
8042.915551,2.37537e-16
8047.131224,2.23798e-16
8051.346897,1.96473e-16
8055.56257,2.07401e-16
8059.778243,2.13414e-16
8063.993916,2.09172e-16
8068.20959,2.15153e-16
8072.425263,2.09524e-16
8076.640936,2.19454e-16
8080.856609,2.35721e-16
8085.072282,2.13083e-16
8089.287955,2.38065e-16
8093.503628,2.30791e-16
8097.719301,2.43958e-16
8101.934974,2.06411e-16
8106.150647,2.13621e-16
8110.36632,1.91264e-16
8114.581993,1.69868e-16
8118.797666,1.83278e-16
8123.01334,1.57471e-16
8127.229013,1.78444e-16
8131.444686,2.20534e-16
8135.660359,1.91185e-16
8139.876032,2.11587e-16
8144.091705,2.24121e-16
8148.307378,1.91088e-16
8152.523051,1.84001e-16
8156.738724,1.7518e-16
8160.954397,1.34921e-16
8165.17007,1.85338e-16
8169.385743,1.87855e-16
8173.601416,1.90823e-16
8177.817089,2.0898e-16
8182.032763,2.0542e-16
8186.248436,2.0243e-16
8190.464109,1.89854e-16
8194.679782,1.88301e-16
8198.895455,1.73325e-16
8203.111128,2.10888e-16
8207.326801,1.80775e-16
8211.542474,1.67285e-16
8215.758147,1.92521e-16
8219.97382,1.90935e-16
8224.189493,1.78516e-16
8228.405166,1.63666e-16
8232.620839,1.83123e-16
8236.836513,1.86872e-16
8241.052186,1.73977e-16
8245.267859,1.66562e-16
8249.483532,1.72865e-16
8253.699205,1.65751e-16
8257.914878,2.03018e-16
8262.130551,2.04864e-16
8266.346224,1.7353e-16
8270.561897,1.55228e-16
8274.77757,1.52139e-16
8278.993243,1.58236e-16
8283.208916,1.60651e-16
8287.424589,1.73198e-16
8291.640262,1.77468e-16
8295.855936,1.50054e-16
8300.071609,1.56538e-16
8304.287282,1.88116e-16
8308.502955,1.9063e-16
8312.718628,1.9052e-16
8316.934301,1.85545e-16
8321.149974,1.94372e-16
8325.365647,1.89674e-16
8329.58132,1.8124e-16
8333.796993,1.74929e-16
8338.012666,1.73285e-16
8342.228339,1.66498e-16
8346.444012,1.90479e-16
8350.659686,2.05766e-16
8354.875359,2.18472e-16
8359.091032,2.05633e-16
8363.306705,1.94433e-16
8367.522378,1.98447e-16
8371.738051,1.82424e-16
8375.953724,1.54513e-16
8380.169397,1.81307e-16
8384.38507,1.74919e-16
8388.600743,1.84292e-16
8392.816416,1.69095e-16
8397.032089,1.72511e-16
8401.247762,1.957e-16
8405.463435,1.7662e-16
8409.679109,1.83845e-16
8413.894782,1.70317e-16
8418.110455,1.55784e-16
8422.326128,1.64463e-16
8426.541801,1.32492e-16
8430.757474,1.4533e-16
8434.973147,1.66268e-16
8439.18882,1.75705e-16
8443.404493,1.83304e-16
8447.620166,1.44295e-16
8451.835839,1.23949e-16
8456.051512,1.2404e-16
8460.267185,1.10389e-16
8464.482858,1.0837e-16
8468.698532,8.72942e-17
8472.914205,9.94474e-17
8477.129878,1.21559e-16
8481.345551,1.00809e-16
8485.561224,1.27885e-16
8489.776897,9.89704e-17
8493.99257,6.35402e-17
8498.208243,8.69763e-17
8502.423916,9.74265e-17
8506.639589,7.10584e-17
8510.855262,6.91451e-17
8515.070935,6.7471e-17
8519.286608,6.72544e-17
8523.502282,1.08199e-16
8527.717955,1.39143e-16
8531.933628,1.3061e-16
8536.149301,1.13107e-16
8540.364974,1.3484e-16
8544.580647,1.44378e-16
8548.79632,1.47199e-16
8553.011993,1.64569e-16
8557.227666,1.48634e-16
8561.443339,1.86935e-16
8565.659012,1.83443e-16
8569.874685,2.13513e-16
8574.090358,1.97716e-16
8578.306031,2.32072e-16
8582.521705,2.44683e-16
8586.737378,2.19594e-16
8590.953051,2.29246e-16
8595.168724,1.99559e-16
8599.384397,2.04434e-16
8603.60007,2.09725e-16
8607.815743,2.28283e-16
8612.031416,2.47594e-16
8616.247089,2.56984e-16
8620.462762,2.9789e-16
8624.678435,2.82413e-16
8628.894108,2.2323e-16
8633.109781,1.7763e-16
8637.325455,2.28841e-16
8641.541128,1.87995e-16
8645.756801,1.58337e-16
8649.972474,2.00707e-16
8654.188147,2.12109e-16
8658.40382,2.28785e-16
8662.619493,2.48691e-16
8666.835166,2.4763e-16
8671.050839,2.47896e-16
8675.266512,2.06427e-16
8679.482185,1.76956e-16
8683.697858,2.01051e-16
8687.913531,2.10034e-16
8692.129204,2.42589e-16
8696.344878,2.60781e-16
8700.560551,2.89786e-16
8704.776224,3.2217e-16
8708.991897,2.95401e-16
8713.20757,2.89225e-16
8717.423243,2.6883e-16
8721.638916,2.62948e-16
8725.854589,2.81274e-16
8730.070262,3.28023e-16
8734.285935,3.34375e-16
8738.501608,3.47727e-16
8742.717281,3.79056e-16
8746.932954,3.95199e-16
8751.148628,3.58869e-16
8755.364301,3.37692e-16
8759.579974,2.80484e-16
8763.795647,3.22716e-16
8768.01132,2.66609e-16
8772.226993,3.22083e-16
8776.442666,3.33568e-16
8780.658339,3.79827e-16
8784.874012,3.71176e-16
8789.089685,3.99929e-16
8793.305358,3.77484e-16
8797.521031,3.66408e-16
8801.736704,3.39879e-16
8805.952377,2.9153e-16
8810.168051,2.96511e-16
8814.383724,2.97526e-16
8818.599397,3.23589e-16
8822.81507,3.06943e-16
8827.030743,3.18315e-16
8831.246416,3.3337e-16
8835.462089,3.11751e-16
8839.677762,2.90357e-16
8843.893435,2.86023e-16
8848.109108,2.87822e-16
8852.324781,2.81647e-16
8856.540454,2.62101e-16
8860.756127,2.53983e-16
8864.9718,2.45937e-16
8869.187474,2.41928e-16
8873.403147,3.22715e-16
8877.61882,3.56173e-16
8881.834493,3.11413e-16
8886.050166,2.94493e-16
8890.265839,2.5391e-16
8894.481512,2.17885e-16
8898.697185,2.17408e-16
8902.912858,2.15815e-16
8907.128531,1.8916e-16
8911.344204,2.2049e-16
8915.559877,2.42534e-16
8919.77555,2.56596e-16
8923.991224,2.09006e-16
8928.206897,2.36758e-16
8932.42257,2.29805e-16
8936.638243,2.40799e-16
8940.853916,2.12711e-16
8945.069589,1.6355e-16
8949.285262,1.1883e-16
8953.500935,1.07229e-16
8957.716608,1.08032e-16
8961.932281,1.39694e-16
8966.147954,1.69955e-16
8970.363627,1.88502e-16
8974.5793,1.92798e-16
8978.794973,2.02185e-16
8983.010647,1.80384e-16
8987.22632,1.68544e-16
8991.441993,1.79076e-16
8995.657666,1.52215e-16
8999.873339,1.56584e-16
9004.089012,1.80902e-16
9008.304685,1.56355e-16
9012.520358,1.44338e-16
9016.736031,1.20141e-16
9020.951704,1.48564e-16
9025.167377,1.47786e-16
9029.38305,1.76438e-16
9033.598723,2.28524e-16
9037.814397,1.79522e-16
9042.03007,2.03853e-16
9046.245743,1.82699e-16
9050.461416,1.54311e-16
9054.677089,1.55236e-16
9058.892762,1.56168e-16
9063.108435,1.10279e-16
9067.324108,1.45716e-16
9071.539781,1.12236e-16
9075.755454,1.48692e-16
9079.971127,1.75851e-16
9084.1868,1.83658e-16
9088.402473,1.96279e-16
9092.618146,1.89655e-16
9096.83382,1.42792e-16
9101.049493,1.80599e-16
9105.265166,1.78049e-16
9109.480839,1.26344e-16
9113.696512,1.31135e-16
9117.912185,1.37213e-16
9122.127858,1.11374e-16
9126.343531,1.00954e-16
9130.559204,1.09983e-16
9134.774877,1.26919e-16
9138.99055,1.44202e-16
9143.206223,1.48096e-16
9147.421896,1.52306e-16
9151.63757,1.09216e-16
9155.853243,1.09391e-16
9160.068916,1.13022e-16
9164.284589,1.40708e-16
9168.500262,1.35166e-16
9172.715935,1.13394e-16
9176.931608,1.27953e-16
9181.147281,1.37574e-16
9185.362954,1.59093e-16
9189.578627,1.53196e-16
9193.7943,1.45238e-16
9198.009973,1.62549e-16
9202.225646,1.66421e-16
9206.441319,1.85131e-16
9210.656993,1.67393e-16
9214.872666,1.42908e-16
9219.088339,1.39143e-16
9223.304012,9.70021e-17
9227.519685,1.28996e-16
9231.735358,1.46754e-16
9235.951031,1.25935e-16
9240.166704,1.5103e-16
9244.382377,1.74869e-16
9248.59805,1.53087e-16
9252.813723,1.38277e-16
9257.029396,1.28582e-16
9261.245069,1.34471e-16
9265.460743,1.53939e-16
9269.676416,1.51546e-16
9273.892089,1.25857e-16
9278.107762,1.32068e-16
9282.323435,1.52972e-16
9286.539108,9.25653e-17
9290.754781,7.41774e-17
9294.970454,9.42352e-17
9299.186127,1.17176e-16
9303.4018,1.50317e-16
9307.617473,1.51435e-16
9311.833146,1.32273e-16
9316.048819,1.36681e-16
9320.264492,1.09237e-16
9324.480166,5.32965e-17
9328.695839,1.33305e-16
9332.911512,1.09064e-16
9337.127185,7.99691e-17
9341.342858,1.41261e-16
9345.558531,2.50541e-16
9349.774204,1.48536e-16
9353.989877,1.49678e-16
9358.20555,2.16806e-16
9362.421223,1.35264e-16
9366.636896,1.13133e-16
9370.852569,1.18095e-16
9375.068242,8.72504e-17
9379.283916,5.72177e-17
9383.499589,1.1582e-16
9387.715262,1.61614e-16
9391.930935,1.44367e-16
9396.146608,1.80673e-16
9400.362281,1.29612e-16
9404.577954,1.56249e-16
9408.793627,1.98376e-16
9413.0093,1.55421e-16
9417.224973,1.87643e-16
9421.440646,1.32726e-16
9425.656319,7.77926e-17
9429.871992,9.12216e-17
9434.087665,1.51704e-16
9438.303339,8.57028e-17
9442.519012,9.35136e-17
9446.734685,1.6177e-16
9450.950358,1.7329e-16
9455.166031,1.52414e-16
9459.381704,1.53536e-16
9463.597377,1.6014e-16
9467.81305,1.93751e-16
9472.028723,1.059e-16
9476.244396,9.34914e-17
9480.460069,1.3797e-16
9484.675742,8.87668e-17
9488.891415,7.19144e-17
9493.107089,5.86215e-17
9497.322762,4.87202e-17
9501.538435,8.15597e-17
9505.754108,1.07088e-16
9509.969781,1.42578e-16
9514.185454,1.403e-16
9518.401127,1.11126e-16
9522.6168,1.19086e-16
9526.832473,1.32261e-16
9531.048146,1.27592e-16
9535.263819,1.82329e-16
9539.479492,1.55488e-16
9543.695165,5.89012e-17
9547.910838,1.29489e-16
9552.126512,2.0434e-16
9556.342185,1.4931e-16
9560.557858,1.39679e-16
9564.773531,1.28804e-16
9568.989204,1.77384e-16
9573.204877,1.36623e-16
9577.42055,9.61022e-17
9581.636223,1.55253e-16
9585.851896,1.27846e-16
9590.067569,1.08874e-16
9594.283242,6.80734e-17
9598.498915,5.43339e-17
9602.714588,1.51975e-16
9606.930261,1.40453e-16
9611.145935,1.49894e-16
9615.361608,1.3633e-16
9619.577281,1.25766e-16
9623.792954,1.11487e-16
9628.008627,1.19405e-16
9632.2243,1.37876e-16
9636.439973,1.28951e-16
9640.655646,9.30889e-17
9644.871319,1.2805e-16
9649.086992,1.8583e-16
9653.302665,1.66069e-16
9657.518338,1.35085e-16
9661.734011,1.07601e-16
9665.949685,1.4402e-16
9670.165358,1.72113e-16
9674.381031,1.32784e-16
9678.596704,1.43164e-16
9682.812377,1.25425e-16
9687.02805,1.72069e-16
9691.243723,1.63533e-16
9695.459396,1.12279e-16
9699.675069,1.27095e-16
9703.890742,1.4321e-16
9708.106415,1.54096e-16
9712.322088,1.59473e-16
9716.537761,1.65382e-16
9720.753434,1.3956e-16
9724.969108,1.00457e-16
9729.184781,1.06545e-16
9733.400454,1.25938e-16
9737.616127,1.80426e-16
9741.8318,1.68682e-16
9746.047473,1.1784e-16
9750.263146,7.21818e-17
9754.478819,6.50827e-17
9758.694492,1.07944e-16
9762.910165,1.47112e-16
9767.125838,1.63559e-16
9771.341511,1.05676e-16
9775.557184,5.04465e-17
9779.772858,8.6423e-17
9783.988531,1.46942e-16
9788.204204,1.39834e-16
9792.419877,1.15152e-16
9796.63555,2.19173e-16
9800.851223,1.59839e-16
9805.066896,2.22917e-16
9809.282569,2.16723e-16
9813.498242,2.53833e-16
9817.713915,1.56815e-16
9821.929588,1.26582e-16
9826.145261,1.44434e-16
9830.360934,2.2452e-16
9834.576607,1.9481e-16
9838.792281,1.1988e-16
9843.007954,8.17679e-17
9847.223627,9.9088e-17
9851.4393,1.30908e-16
9855.654973,1.68637e-16
9859.870646,1.51021e-16
9864.086319,1.56348e-16
9868.301992,1.5095e-16
9872.517665,1.45998e-16
9876.733338,1.61286e-16
9880.949011,1.22808e-16
9885.164684,8.68035e-17
9889.380357,1.86717e-16
9893.596031,1.5584e-16
9897.811704,9.8164e-17
9902.027377,1.45226e-16
9906.24305,1.38557e-16
9910.458723,1.16749e-16
9914.674396,2.11634e-16
9918.890069,7.51686e-17
9923.105742,5.66468e-17
9927.321415,6.18158e-17
9931.537088,1.61302e-16
9935.752761,1.33455e-16
9939.968434,1.30967e-16
9944.184107,1.32801e-16
9948.39978,7.35909e-17
9952.615454,2.98677e-16
9956.831127,1.72689e-16
9961.0468,3.54813e-17
9965.262473,1.37212e-16
9969.478146,1.37549e-16
9973.693819,1.40106e-16
9977.909492,8.80467e-17
9982.125165,6.07733e-17
9986.340838,1.31953e-16
9990.556511,1.32726e-16
9994.772184,2.00891e-16
9998.987857,1.78485e-16
10003.20353,9.693e-17
10007.4192,9.65874e-17
