wavelength,flux
3359.607178,8.811266E-17
3363.677489,1.243715E-16
3367.747801,3.163146E-16
3371.818112,2.848272E-16
3375.888424,1.407138E-16
3379.958735,2.40098e-16
3384.029047,3.816788E-16
3388.099358,2.784915E-16
3392.16967,1.911436E-16
3396.239981,2.907449E-16
3400.310293,2.619587E-16
3404.380604,3.643611E-16
3408.450916,2.863356E-16
3412.521227,2.041014E-16
3416.591539,1.267747E-16
3420.66185,3.117852E-16
3424.732162,2.539398E-16
3428.802473,2.52816e-16
3432.872785,3.201556E-16
3436.943096,2.760982E-16
3441.013408,2.989652E-16
3445.083719,2.442308E-16
3449.154031,2.735651E-16
3453.224342,2.140015E-16
3457.294654,7.536929E-17
3461.364965,2.143385E-16
3465.435277,3.044541E-16
3469.505588,4.081019E-16
3473.5759,4.837464E-16
3477.646211,5.359914E-16
3481.716523,3.388987E-16
3485.786834,3.086347E-16
3489.857146,3.029685E-16
3493.927457,3.495655E-16
3497.997769,2.897162E-16
3502.06808,3.120153E-16
3506.138392,5.0485e-16
3510.208703,4.113605E-16
3514.279015,4.147843E-16
3518.349326,3.444835E-16
3522.419637,2.610572E-16
3526.489949,3.576929E-16
3530.56026,4.798894E-16
3534.630572,3.228138E-16
3538.700883,3.737968E-16
3542.771195,3.450888E-16
3546.841506,1.809044E-16
3550.911818,2.418755E-16
3554.982129,1.460762E-16
3559.052441,2.721562E-16
3563.122752,2.694878E-16
3567.193064,1.992699E-16
3571.263375,3.317519E-16
3575.333687,3.690164E-16
3579.403998,3.303826E-16
3583.47431,2.509731E-16
3587.544621,2.636736E-16
3591.614933,2.858379E-16
3595.685244,4.054106E-16
3599.755556,3.367479E-16
3603.825867,2.893902E-16
3607.896179,3.363406E-16
3611.96649,4.110387E-16
3616.036802,2.986466E-16
3620.107113,3.89769e-16
3624.177425,3.450023E-16
3628.247736,3.058915E-16
3632.318048,3.629026E-16
3636.388359,3.92329e-16
3640.458671,3.863034E-16
3644.528982,4.334199E-16
3648.599294,4.608037E-16
3652.669605,3.61051e-16
3656.739917,3.475492E-16
3660.810228,2.684733E-16
3664.88054,3.343484E-16
3668.950851,4.433165E-16
3673.021163,5.395831E-16
3677.091474,4.701648E-16
3681.161786,4.300015E-16
3685.232097,3.924394E-16
3689.302409,4.01601e-16
3693.37272,3.627589E-16
3697.443032,3.782585E-16
3701.513343,3.533208E-16
3705.583655,3.575945E-16
3709.653966,3.28671e-16
3713.724278,2.635545E-16
3717.794589,2.709891E-16
3721.864901,2.65749e-16
3725.935212,2.651554E-16
3730.005524,2.973599E-16
3734.075835,3.695932E-16
3738.146147,4.280285E-16
3742.216458,4.628875E-16
3746.28677,4.698279E-16
3750.357081,5.304768E-16
3754.427393,6.562366E-16
3758.497704,7.170391E-16
3762.568016,6.647511E-16
3766.638327,6.932157E-16
3770.708639,6.972502E-16
3774.77895,7.032361E-16
3778.849262,7.752438E-16
3782.919573,6.96309e-16
3786.989885,7.171575E-16
3791.060196,7.079498E-16
3795.130508,6.132735E-16
3799.200819,5.551224E-16
3803.271131,5.4424e-16
3807.341442,4.672942E-16
3811.411754,4.515461E-16
3815.482065,4.807479E-16
3819.552377,4.187644E-16
3823.622688,5.087767E-16
3827.693,5.968623E-16
3831.763311,5.668373E-16
3835.833623,6.521634E-16
3839.903934,5.939777E-16
3843.974246,5.311434E-16
3848.044557,5.711615E-16
3852.114869,5.861589E-16
3856.18518,5.701217E-16
3860.255492,5.391638E-16
3864.325803,5.069642E-16
3868.396114,4.300786E-16
3872.466426,4.15627e-16
3876.536737,3.943967E-16
3880.607049,3.339883E-16
3884.67736,2.784188E-16
3888.747672,3.334321E-16
3892.817983,3.220337E-16
3896.888295,2.466944E-16
3900.958606,2.082926E-16
3905.028918,2.58751e-16
3909.099229,3.03013e-16
3913.169541,2.973877E-16
3917.239852,2.829029E-16
3921.310164,3.275558E-16
3925.380475,3.654279E-16
3929.450787,3.575015E-16
3933.521098,4.300475E-16
3937.59141,4.636648E-16
3941.661721,4.661627E-16
3945.732033,5.52695e-16
3949.802344,6.5152e-16
3953.872656,7.294465E-16
3957.942967,9.130018E-16
3962.013279,9.433429E-16
3966.08359,1.13996e-15
3970.153902,1.271714E-15
3974.224213,1.342301E-15
3978.294525,1.442107E-15
3982.364836,1.542409E-15
3986.435148,1.570212E-15
3990.505459,1.55314e-15
3994.575771,1.578952E-15
3998.646082,1.565858E-15
4002.716394,1.463335E-15
4006.786705,1.390254E-15
4010.857017,1.370722E-15
4014.927328,1.410562E-15
4018.99764,1.342869E-15
4023.067951,1.321123E-15
4027.138263,1.269268E-15
4031.208574,1.259869E-15
4035.278886,1.369875E-15
4039.349197,1.430998E-15
4043.419509,1.360268E-15
4047.48982,1.229225E-15
4051.560132,1.134886E-15
4055.630443,1.005111E-15
4059.700755,9.117848E-16
4063.771066,8.827822E-16
4067.841378,8.609485E-16
4071.911689,9.723973E-16
4075.982001,1.129958E-15
4080.052312,1.34885e-15
4084.122624,1.657746E-15
4088.192935,2.027408E-15
4092.263247,2.376814E-15
4096.333558,2.465181E-15
4100.40387,2.544814E-15
4104.474181,2.657983E-15
4108.544493,2.771307E-15
4112.614804,2.705497E-15
4116.685116,2.505802E-15
4120.755427,2.350952E-15
4124.825739,2.210145E-15
4128.89605,2.229311E-15
4132.966362,2.288283E-15
4137.036673,2.310428E-15
4141.106985,2.281313E-15
4145.177296,2.165445E-15
4149.247608,2.041634E-15
4153.317919,1.86228e-15
4157.388231,1.702689E-15
4161.458542,1.649033E-15
4165.528854,1.644353E-15
4169.599165,1.720085E-15
4173.669477,1.87342e-15
4177.739788,2.060953E-15
4181.8101,2.079305E-15
4185.880411,1.901421E-15
4189.950723,1.61599e-15
4194.021034,1.258417E-15
4198.091346,9.551657E-16
4202.161657,8.217451E-16
4206.231969,8.136402E-16
4210.30228,9.317243E-16
4214.372592,1.023167E-15
4218.442903,1.061253E-15
4222.513214,1.173708E-15
4226.583526,1.263942E-15
4230.653837,1.34849e-15
4234.724149,1.416323E-15
4238.79446,1.524162E-15
4242.864772,1.719764E-15
4246.935083,1.83857e-15
4251.005395,1.838702E-15
4255.075706,1.891015E-15
4259.146018,1.881851E-15
4263.216329,1.811232E-15
4267.286641,1.60023e-15
4271.356952,1.416191E-15
4275.427264,1.228358E-15
4279.497575,1.045787E-15
4283.567887,9.214685E-16
4287.638198,8.601759E-16
4291.70851,8.638824E-16
4295.778821,8.264007E-16
4299.849133,7.294084E-16
4303.919444,7.015627E-16
4307.989756,7.763962E-16
4312.060067,7.96948e-16
4316.130379,8.554527E-16
4320.20069,9.904373E-16
4324.271002,1.196258E-15
4328.341313,1.413084E-15
4332.411625,1.602367E-15
4336.481936,1.807866E-15
4340.552248,1.974807E-15
4344.622559,1.998262E-15
4348.692871,1.957537E-15
4352.763182,1.891599E-15
4356.833494,1.664378E-15
4360.903805,1.454684E-15
4364.974117,1.281009E-15
4369.044428,1.130449E-15
4373.11474,1.12029e-15
4377.185051,1.148182E-15
4381.255363,1.1381e-15
4385.325674,1.229538E-15
4389.395986,1.331558E-15
4393.466297,1.444881E-15
4397.536609,1.6097e-15
4401.60692,1.704468E-15
4405.677232,1.760534E-15
4409.747543,1.882167E-15
4413.817855,1.908785E-15
4417.888166,1.960709E-15
4421.958478,1.877685E-15
4426.028789,1.718354E-15
4430.099101,1.678952E-15
4434.169412,1.627974E-15
4438.239724,1.683196E-15
4442.310035,1.633378E-15
4446.380347,1.626941E-15
4450.450658,1.693067E-15
4454.52097,1.803436E-15
4458.591281,2.014205E-15
4462.661593,2.295972E-15
4466.731904,2.511171E-15
4470.802216,2.644091E-15
4474.872527,2.677903E-15
4478.942839,2.50718e-15
4483.01315,2.233404E-15
4487.083462,2.028592E-15
4491.153773,2.002593E-15
4495.224085,2.031287E-15
4499.294396,2.00889e-15
4503.364708,1.95162e-15
4507.435019,1.848799E-15
4511.505331,1.707176E-15
4515.575642,1.558182E-15
4519.645954,1.498873E-15
4523.716265,1.391383E-15
4527.786577,1.354583E-15
4531.856888,1.328003E-15
4535.9272,1.261646E-15
4539.997511,1.255577E-15
4544.067823,1.312264E-15
4548.138134,1.327414E-15
4552.208446,1.399675E-15
4556.278757,1.576356E-15
4560.349069,1.747012E-15
4564.41938,1.893443E-15
4568.489691,2.098913E-15
4572.560003,2.387272E-15
4576.630314,2.771548E-15
4580.700626,3.102288E-15
4584.770937,3.549263E-15
4588.841249,4.201706E-15
4592.91156,4.936799E-15
4596.981872,5.612622E-15
4601.052183,5.979854E-15
4605.122495,6.084742E-15
4609.192806,5.728312E-15
4613.263118,5.138727E-15
4617.333429,4.572592E-15
4621.403741,4.002226E-15
4625.474052,3.796907E-15
4629.544364,3.984416E-15
4633.614675,4.395777E-15
4637.684987,4.901072E-15
4641.755298,5.244571E-15
4645.82561,5.259335E-15
4649.895921,5.068745E-15
4653.966233,4.768864E-15
4658.036544,4.437491E-15
4662.106856,4.26865e-15
4666.177167,4.400476E-15
4670.247479,4.814393E-15
4674.31779,5.366838E-15
4678.388102,5.912375E-15
4682.458413,6.2875e-15
4686.528725,6.345527E-15
4690.599036,6.152034E-15
4694.669348,5.839828E-15
4698.739659,5.485989E-15
4702.809971,5.218631E-15
4706.880282,5.230652E-15
4710.950594,5.315267E-15
4715.020905,5.457211E-15
4719.091217,5.605989E-15
4723.161528,5.568752E-15
4727.23184,5.414609E-15
4731.302151,5.275353E-15
4735.372463,5.283325E-15
4739.442774,5.379744E-15
4743.513086,5.320515E-15
4747.583397,5.065525E-15
4751.653709,4.773149E-15
4755.72402,4.543004E-15
4759.794332,4.347091E-15
4763.864643,4.199847E-15
4767.934955,4.202152E-15
4772.005266,4.318952E-15
4776.075578,4.260063E-15
4780.145889,4.225831E-15
4784.216201,4.270703E-15
4788.286512,4.067878E-15
4792.356824,3.673066E-15
4796.427135,3.129118E-15
4800.497447,2.537532E-15
4804.567758,2.08821e-15
4808.63807,1.75232e-15
4812.708381,1.466785E-15
4816.778693,1.264947E-15
4820.849004,1.111257E-15
4824.919316,1.043774E-15
4828.989627,1.095474E-15
4833.059939,1.225217E-15
4837.13025,1.518625E-15
4841.200562,1.861617E-15
4845.270873,2.231474E-15
4849.341185,2.588804E-15
4853.411496,3.001016E-15
4857.481808,3.691243E-15
4861.552119,4.509984E-15
4865.622431,5.18132e-15
4869.692742,5.521649E-15
4873.763054,5.570156E-15
4877.833365,5.508107E-15
4881.903677,5.40525e-15
4885.973988,5.241309E-15
4890.0443,5.154057E-15
4894.114611,4.847933E-15
4898.184923,4.21988e-15
4902.255234,3.576701E-15
4906.325546,3.094111E-15
4910.395857,2.753935E-15
4914.466168,2.694569E-15
4918.53648,2.908285E-15
4922.606791,3.329029E-15
4926.677103,3.985118E-15
4930.747414,4.910651E-15
4934.817726,5.974308E-15
4938.888037,6.918286E-15
4942.958349,7.601036E-15
4947.02866,8.065771E-15
4951.098972,8.170498E-15
4955.169283,8.053369E-15
4959.239595,7.87157e-15
4963.309906,7.597498E-15
4967.380218,7.234195E-15
4971.450529,6.88896e-15
4975.520841,6.318833E-15
4979.591152,5.611227E-15
4983.661464,4.86767e-15
4987.731775,4.071262E-15
4991.802087,3.317286E-15
4995.872398,2.702198E-15
4999.94271,2.310228E-15
5004.013021,2.261945E-15
5008.083333,2.533295E-15
5012.153644,2.963609E-15
5016.223956,3.591252E-15
5020.294267,4.347668E-15
5024.364579,4.988991E-15
5028.43489,5.647091E-15
5032.505202,6.409908E-15
5036.575513,7.21781e-15
5040.645825,7.840043E-15
5044.716136,8.138858E-15
5048.786448,8.140369E-15
5052.856759,7.981741E-15
5056.927071,7.703728E-15
5060.997382,7.209446E-15
5065.067694,6.605209E-15
5069.138005,6.070843E-15
5073.208317,5.627632E-15
5077.278628,5.256584E-15
5081.34894,5.088886E-15
5085.419251,5.173248E-15
5089.489563,5.311075E-15
5093.559874,5.387676E-15
5097.630186,5.404061E-15
5101.700497,5.35917e-15
5105.770809,5.241295E-15
5109.84112,5.024556E-15
5113.911432,4.793675E-15
5117.981743,4.297428E-15
5122.052055,3.888189E-15
5126.122366,3.600779E-15
5130.192678,3.479835E-15
5134.262989,3.186618E-15
5138.333301,2.704649E-15
5142.403612,2.280023E-15
5146.473924,1.868659E-15
5150.544235,1.697647E-15
5154.614547,1.621725E-15
5158.684858,1.668855E-15
5162.75517,1.825467E-15
5166.825481,2.11164e-15
5170.895793,2.433655E-15
5174.966104,2.720911E-15
5179.036416,2.995907E-15
5183.106727,3.276395E-15
5187.177039,3.656401E-15
5191.24735,4.045168E-15
5195.317662,4.333344E-15
5199.387973,4.609359E-15
5203.458285,4.817164E-15
5207.528596,4.911673E-15
5211.598908,4.817409E-15
5215.669219,4.537891E-15
5219.739531,4.299193E-15
5223.809842,4.112502E-15
5227.880154,4.143532E-15
5231.950465,4.26404e-15
5236.020777,4.378248E-15
5240.091088,4.470617E-15
5244.1614,4.408611E-15
5248.231711,4.342615E-15
5252.302023,4.264767E-15
5256.372334,4.169608E-15
5260.442645,4.038648E-15
5264.512957,4.029267E-15
5268.583268,4.071444E-15
5272.65358,4.359537E-15
5276.723891,4.802309E-15
5280.794203,5.143924E-15
5284.864514,5.555604E-15
5288.934826,5.845439E-15
5293.005137,5.768764E-15
5297.075449,5.315201E-15
5301.14576,4.602775E-15
5305.216072,3.930484E-15
5309.286383,3.56431e-15
5313.356695,3.548778E-15
5317.427006,3.755701E-15
5321.497318,4.06744e-15
5325.567629,4.44134e-15
5329.637941,4.815337E-15
5333.708252,5.229389E-15
5337.778564,5.701397E-15
5341.848875,5.988185E-15
5345.919187,6.056721E-15
5349.989498,6.041427E-15
5354.05981,5.806906E-15
5358.130121,5.522819E-15
5362.200433,5.276842E-15
5366.270744,5.331456E-15
5370.341056,5.383888E-15
5374.411367,5.404525E-15
5378.481679,5.39357e-15
5382.55199,5.430594E-15
5386.622302,5.550999E-15
5390.692613,5.775378E-15
5394.762925,5.799724E-15
5398.833236,5.690716E-15
5402.903548,5.602436E-15
5406.973859,5.411344E-15
5411.044171,5.24384e-15
5415.114482,5.11738e-15
5419.184794,4.975291E-15
5423.255105,5.045595E-15
5427.325417,5.30956e-15
5431.395728,5.676011E-15
5435.46604,6.093694E-15
5439.536351,6.442442E-15
5443.606663,6.794229E-15
5447.676974,7.028637E-15
5451.747286,7.169845E-15
5455.817597,7.206338E-15
5459.887909,7.162672E-15
5463.95822,7.038198E-15
5468.028532,6.788479E-15
5472.098843,6.521562E-15
5476.169155,6.270801E-15
5480.239466,6.112331E-15
5484.309778,5.90047e-15
5488.380089,5.798832E-15
5492.450401,5.758623E-15
5496.520712,5.68216e-15
5500.591024,5.562e-15
5504.661335,5.356295E-15
5508.731647,5.168946E-15
5512.801958,4.913442E-15
5516.87227,4.59105e-15
5520.942581,4.390215E-15
5525.012893,4.377622E-15
5529.083204,4.689069E-15
5533.153516,5.220137E-15
5537.223827,5.908434E-15
5541.294139,6.687115E-15
5545.36445,7.262853E-15
5549.434762,7.72346e-15
5553.505073,7.844899E-15
5557.575385,7.76428e-15
5561.645696,7.723932E-15
5565.716008,7.473846E-15
5569.786319,7.150265E-15
5573.856631,6.961594E-15
5577.926942,6.813795E-15
5581.997254,6.477495E-15
5586.067565,6.1801e-15
5590.137877,6.098823E-15
5594.208188,6.014936E-15
5598.2785,6.024596E-15
5602.348811,6.038278E-15
5606.419122,5.976737E-15
5610.489434,5.846404E-15
5614.559745,5.723513E-15
5618.630057,5.495136E-15
5622.700368,5.331852E-15
5626.77068,5.154066E-15
5630.840991,4.845228E-15
5634.911303,4.524681E-15
5638.981614,4.08988e-15
5643.051926,3.756849E-15
5647.122237,3.584902E-15
5651.192549,3.429592E-15
5655.26286,3.380341E-15
5659.333172,3.548833E-15
5663.403483,3.914556E-15
5667.473795,4.45391e-15
5671.544106,5.022459E-15
5675.614418,5.405364E-15
5679.684729,5.707462E-15
5683.755041,6.04731e-15
5687.825352,6.282739E-15
5691.895664,6.519699E-15
5695.965975,6.581338E-15
5700.036287,6.683443E-15
5704.106598,6.689312E-15
5708.17691,6.616321E-15
5712.247221,6.458067E-15
5716.317533,6.272898E-15
5720.387844,6.151781E-15
5724.458156,6.041599E-15
5728.528467,5.872249E-15
5732.598779,5.869879E-15
5736.66909,5.880234E-15
5740.739402,5.70555e-15
5744.809713,5.639376E-15
5748.880025,5.639673E-15
5752.950336,5.639209E-15
5757.020648,5.6112e-15
5761.090959,5.550881E-15
5765.161271,5.613622E-15
5769.231582,5.498565E-15
5773.301894,5.471087E-15
5777.372205,5.467178E-15
5781.442517,5.395715E-15
5785.512828,5.40026e-15
5789.58314,5.334819E-15
5793.653451,5.191859E-15
5797.723763,5.074954E-15
5801.794074,4.882934E-15
5805.864386,4.674659E-15
5809.934697,4.477259E-15
5814.005009,4.086604E-15
5818.07532,3.59689e-15
5822.145632,3.157673E-15
5826.215943,2.618056E-15
5830.286255,2.101595E-15
5834.356566,1.774411E-15
5838.426878,1.462097E-15
5842.497189,1.269456E-15
5846.567501,1.19784e-15
5850.637812,1.276939E-15
5854.708124,1.307682E-15
5858.778435,1.389601E-15
5862.848747,1.620909E-15
5866.919058,1.86372e-15
5870.98937,2.078544E-15
5875.059681,2.384729E-15
5879.129993,2.744845E-15
5883.200304,3.102646E-15
5887.270616,3.573337E-15
5891.340927,4.18482e-15
5895.411239,5.024991E-15
5899.48155,6.017377E-15
5903.551862,7.163042E-15
5907.622173,7.955073E-15
5911.692485,8.308073E-15
5915.762796,8.375596E-15
5919.833108,8.539947E-15
5923.903419,8.799724E-15
5927.973731,8.843421E-15
5932.044042,8.793172E-15
5936.114354,8.61204e-15
5940.184665,8.195764E-15
5944.254977,7.764648E-15
5948.325288,7.542266E-15
5952.395599,7.414685E-15
5956.465911,7.064273E-15
5960.536222,6.755567E-15
5964.606534,6.509012E-15
5968.676845,6.350124E-15
5972.747157,6.195331E-15
5976.817468,6.167974E-15
5980.88778,6.007681E-15
5984.958091,5.866952E-15
5989.028403,5.756358E-15
5993.098714,5.747017E-15
5997.169026,5.97359e-15
6001.239337,6.104998E-15
6005.309649,6.217044E-15
6009.37996,6.202835E-15
6013.450272,6.212273E-15
6017.520583,6.161464E-15
6021.590895,6.037597E-15
6025.661206,5.948961E-15
6029.731518,5.906224E-15
6033.801829,5.845803E-15
6037.872141,5.812126E-15
6041.942452,5.801289E-15
6046.012764,5.800395E-15
6050.083075,5.761767E-15
6054.153387,5.711821E-15
6058.223698,5.633522E-15
6062.29401,5.643101E-15
6066.364321,5.698371E-15
6070.434633,5.660205E-15
6074.504944,5.597393E-15
6078.575256,5.593322E-15
6082.645567,5.551155E-15
6086.715879,5.553275E-15
6090.78619,5.647505E-15
6094.856502,5.737888E-15
6098.926813,5.704722E-15
6102.997125,5.664211E-15
6107.067436,5.546436E-15
6111.137748,5.261935E-15
6115.208059,4.894767E-15
6119.278371,4.520952E-15
6123.348682,4.1639e-15
6127.418994,3.856247E-15
6131.489305,3.700286E-15
6135.559617,3.800728E-15
6139.629928,4.057638E-15
6143.70024,4.371323E-15
6147.770551,4.85313e-15
6151.840863,5.4673e-15
6155.911174,6.02739e-15
6159.981486,6.467691E-15
6164.051797,6.80316e-15
6168.122109,7.073155E-15
6172.19242,7.265747E-15
6176.262732,7.206529E-15
6180.333043,7.077253E-15
6184.403355,6.944994E-15
6188.473666,6.751544E-15
6192.543978,6.547256E-15
6196.614289,6.310301E-15
6200.684601,6.133045E-15
6204.754912,5.93352e-15
6208.825224,5.728194E-15
6212.895535,5.632413E-15
6216.965847,5.403609E-15
6221.036158,5.165318E-15
6225.10647,4.975395E-15
6229.176781,4.661088E-15
6233.247093,4.38313e-15
6237.317404,4.23374e-15
6241.387716,4.220916E-15
6245.458027,4.457826E-15
6249.528339,4.950805E-15
6253.59865,5.513343E-15
6257.668962,6.027001E-15
6261.739273,6.42416e-15
6265.809585,6.549002E-15
6269.879896,6.496122E-15
6273.950208,6.313394E-15
6278.020519,6.152145E-15
6282.090831,6.063372E-15
6286.161142,6.074396E-15
6290.231454,6.121684E-15
6294.301765,6.028688E-15
6298.372076,5.915431E-15
6302.442388,5.790438E-15
6306.512699,5.704602E-15
6310.583011,5.789172E-15
6314.653322,5.845866E-15
6318.723634,5.837347E-15
6322.793945,5.909865E-15
6326.864257,5.990239E-15
6330.934568,5.996703E-15
6335.00488,5.928608E-15
6339.075191,5.876856E-15
6343.145503,5.696664E-15
6347.215814,5.506992E-15
6351.286126,5.423671E-15
6355.356437,5.484597E-15
6359.426749,5.546236E-15
6363.49706,5.525015E-15
6367.567372,5.470131E-15
6371.637683,5.451562E-15
6375.707995,5.420359E-15
6379.778306,5.452933E-15
6383.848618,5.508929E-15
6387.918929,5.581593E-15
6391.989241,5.543623E-15
6396.059552,5.401134E-15
6400.129864,5.173539E-15
6404.200175,4.797138E-15
6408.270487,4.368014E-15
6412.340798,4.004005E-15
6416.41111,3.77471e-15
6420.481421,3.712769E-15
6424.551733,3.816393E-15
6428.622044,4.035748E-15
6432.692356,4.298245E-15
6436.762667,4.508486E-15
6440.832979,4.532411E-15
6444.90329,4.358772E-15
6448.973602,4.047113E-15
6453.043913,3.765615E-15
6457.114225,3.482831E-15
6461.184536,3.155938E-15
6465.254848,2.87088e-15
6469.325159,2.544494E-15
6473.395471,2.15405e-15
6477.465782,1.783917E-15
6481.536094,1.491038E-15
6485.606405,1.382448E-15
6489.676717,1.374799E-15
6493.747028,1.416125E-15
6497.81734,1.544928E-15
6501.887651,1.674737E-15
6505.957963,1.872083E-15
6510.028274,2.126746E-15
6514.098586,2.403626E-15
6518.168897,2.819303E-15
6522.239209,3.323967E-15
6526.30952,3.926694E-15
6530.379832,4.598483E-15
6534.450143,5.251638E-15
6538.520455,5.954323E-15
6542.590766,6.736333E-15
6546.661078,7.606618E-15
6550.731389,8.728758E-15
6554.801701,1.019193E-14
6558.872012,1.204855E-14
6562.942324,1.407886E-14
6567.012635,1.587369E-14
6571.082947,1.722076E-14
6575.153258,1.811853E-14
6579.22357,1.84393e-14
6583.293881,1.8194e-14
6587.364193,1.751948E-14
6591.434504,1.652588E-14
6595.504816,1.545394E-14
6599.575127,1.47703e-14
6603.645439,1.392116E-14
6607.71575,1.313718E-14
6611.786062,1.247616E-14
6615.856373,1.184869E-14
6619.926685,1.145538E-14
6623.996996,1.103911E-14
6628.067308,1.055559E-14
6632.137619,1.006801E-14
6636.207931,9.494879E-15
6640.278242,8.965558E-15
6644.348553,8.586985E-15
6648.418865,8.199008E-15
6652.489176,7.824997E-15
6656.559488,7.51305e-15
6660.629799,7.19032e-15
6664.700111,6.93246e-15
6668.770422,6.704129E-15
6672.840734,6.447694E-15
6676.911045,6.289151E-15
6680.981357,6.164375E-15
6685.051668,6.04944e-15
6689.12198,6.047721E-15
6693.192291,6.072619E-15
6697.262603,6.030053E-15
6701.332914,5.954077E-15
6705.403226,5.833778E-15
6709.473537,5.748082E-15
6713.543849,5.69433e-15
6717.61416,5.570675E-15
6721.684472,5.39347e-15
6725.754783,5.321053E-15
6729.825095,5.36075e-15
6733.895406,5.398898E-15
6737.965718,5.429405E-15
6742.036029,5.366874E-15
6746.106341,5.240664E-15
6750.176652,5.218833E-15
6754.246964,5.226921E-15
6758.317275,5.177038E-15
6762.387587,5.12681e-15
6766.457898,5.136953E-15
6770.52821,5.109965E-15
6774.598521,5.081072E-15
6778.668833,5.032181E-15
6782.739144,5.029164E-15
6786.809456,4.999446E-15
6790.879767,4.983307E-15
6794.950079,4.981544E-15
6799.02039,4.975658E-15
6803.090702,4.984597E-15
6807.161013,4.989014E-15
6811.231325,5.01051e-15
6815.301636,4.990236E-15
6819.371948,4.990712E-15
6823.442259,5.025611E-15
6827.512571,4.991052E-15
6831.582882,4.987177E-15
6835.653194,4.996345E-15
6839.723505,5.021552E-15
6843.793817,5.002721E-15
6847.864128,4.995748E-15
6851.93444,5.017539E-15
6856.004751,5.10096e-15
6860.075063,5.229963E-15
6864.145374,5.271248E-15
6868.215686,5.096949E-15
6872.285997,4.773363E-15
6876.356309,4.774221E-15
6880.42662,4.856964E-15
6884.496932,4.934092E-15
6888.567243,5.002466E-15
6892.637555,4.958635E-15
6896.707866,4.911194E-15
6900.778178,4.853101E-15
6904.848489,4.808078E-15
6908.918801,4.865899E-15
6912.989112,4.951692E-15
6917.059424,5.015883E-15
6921.129735,5.029467E-15
6925.200047,4.950598E-15
6929.270358,4.908038E-15
6933.34067,4.871921E-15
6937.410981,4.926248E-15
6941.481293,5.083104E-15
6945.551604,5.136159E-15
6949.621916,4.868613E-15
6953.692227,4.836502E-15
6957.762539,4.999908E-15
6961.83285,4.871994E-15
6965.903162,4.757758E-15
6969.973473,4.873404E-15
6974.043785,4.968866E-15
6978.114096,4.922626E-15
6982.184408,4.867723E-15
6986.254719,4.73124e-15
6990.32503,4.637268E-15
6994.395342,4.554236E-15
6998.465653,4.467488E-15
7002.535965,4.606921E-15
7006.606276,4.804494E-15
7010.676588,4.988432E-15
7014.746899,5.044523E-15
7018.817211,5.121108E-15
7022.887522,5.403819E-15
7026.957834,5.537314E-15
7031.028145,5.404534E-15
7035.098457,5.324679E-15
7039.168768,5.374511E-15
7043.23908,5.296683E-15
7047.309391,5.131326E-15
7051.379703,5.063336E-15
7055.450014,5.096297E-15
7059.520326,5.065315E-15
7063.590637,4.981893E-15
7067.660949,5.022381E-15
7071.73126,5.121242E-15
7075.801572,5.076961E-15
7079.871883,4.988888E-15
7083.942195,4.991419E-15
7088.012506,5.030831E-15
7092.082818,5.025372E-15
7096.153129,4.982348E-15
7100.223441,4.929179E-15
7104.293752,4.867814E-15
7108.364064,4.862629E-15
7112.434375,4.84392e-15
7116.504687,4.761314E-15
7120.574998,4.660605E-15
7124.64531,4.654414E-15
7128.715621,4.740221E-15
7132.785933,4.818035E-15
7136.856244,4.856004E-15
7140.926556,4.788472E-15
7144.996867,4.721159E-15
7149.067179,4.743708E-15
7153.13749,4.832521E-15
7157.207802,4.842683E-15
7161.278113,4.720402E-15
7165.348425,4.744122E-15
7169.418736,4.657333E-15
7173.489048,4.550034E-15
7177.559359,4.653015E-15
7181.629671,4.684414E-15
7185.699982,4.536399E-15
7189.770294,4.553646E-15
7193.840605,4.713264E-15
7197.910917,4.752122E-15
7201.981228,4.587916E-15
7206.05154,4.558808E-15
7210.121851,4.653153E-15
7214.192163,4.627804E-15
7218.262474,4.587687E-15
7222.332786,4.671563E-15
7226.403097,4.740333E-15
7230.473409,4.851256E-15
7234.54372,5.029532E-15
7238.614032,5.253217E-15
7242.684343,5.388985E-15
7246.754655,5.220883E-15
7250.824966,5.174782E-15
7254.895278,5.111066E-15
7258.965589,5.064064E-15
7263.035901,5.108825E-15
7267.106212,5.082218E-15
7271.176524,4.911552E-15
7275.246835,4.782558E-15
7279.317147,4.796884E-15
7283.387458,4.904703E-15
7287.45777,4.955255E-15
7291.528081,5.009233E-15
7295.598393,5.15499e-15
7299.668704,5.116355E-15
7303.739016,5.058457E-15
7307.809327,5.137741E-15
7311.879639,5.126396E-15
7315.94995,5.23437e-15
7320.020262,5.614897E-15
7324.090573,5.994317E-15
7328.160885,6.023425E-15
7332.231196,5.884877E-15
7336.301507,5.885661E-15
7340.371819,5.967914E-15
7344.44213,5.86475e-15
7348.512442,5.539309E-15
7352.582753,5.407944E-15
7356.653065,5.556999E-15
7360.723376,5.529829E-15
7364.793688,5.497867E-15
7368.863999,5.495549E-15
7372.934311,5.510004E-15
7377.004622,5.498054E-15
7381.074934,5.395315E-15
7385.145245,5.311903E-15
7389.215557,5.207228E-15
7393.285868,5.128209E-15
7397.35618,5.074172E-15
7401.426491,4.868209E-15
7405.496803,4.753806E-15
7409.567114,4.716848E-15
7413.637426,4.776699E-15
7417.707737,4.789207E-15
7421.778049,4.684579E-15
7425.84836,4.687102E-15
7429.918672,4.738198E-15
7433.988983,4.66753e-15
7438.059295,4.568524E-15
7442.129606,4.503803E-15
7446.199918,4.483125E-15
7450.270229,4.524125E-15
7454.340541,4.558448E-15
7458.410852,4.554352E-15
7462.481164,4.603552E-15
7466.551475,4.688626E-15
7470.621787,2.888103E-15
7474.692098,2.321788E-15
7478.76241,5.253976E-15
7482.832721,5.336692E-15
7486.903033,5.372346E-15
7490.973344,5.326438E-15
7495.043656,5.253467E-15
7499.113967,5.198749E-15
7503.184279,5.15925e-15
7507.25459,5.117699E-15
7511.324902,5.027062E-15
7515.395213,4.983581E-15
7519.465525,4.89912e-15
7523.535836,4.826504E-15
7527.606148,4.895782E-15
7531.676459,4.856228E-15
7535.746771,4.831274E-15
7539.817082,4.926713E-15
7543.887394,5.001359E-15
7547.957705,4.989575E-15
7552.028017,4.925405E-15
7556.098328,4.88725e-15
7560.16864,4.863699E-15
7564.238951,4.807011E-15
7568.309263,4.778149E-15
7572.379574,4.709912E-15
7576.449886,4.712713E-15
7580.520197,4.610463E-15
7584.590509,4.504012E-15
7588.66082,4.386341E-15
7592.731132,3.962734E-15
7596.801443,3.574788E-15
7600.871755,3.48286e-15
7604.942066,3.613134E-15
7609.012378,3.759905E-15
7613.082689,3.767293E-15
7617.153001,3.591941E-15
7621.223312,3.376993E-15
7625.293624,3.280853E-15
7629.363935,3.374754E-15
7633.434247,3.550018E-15
7637.504558,3.575689E-15
7641.57487,3.601705E-15
7645.645181,3.732349E-15
7649.715493,3.766459E-15
7653.785804,3.768025E-15
7657.856116,3.76837e-15
7661.926427,3.804499E-15
7665.996739,3.88045e-15
7670.06705,4.012522E-15
7674.137362,4.193767E-15
7678.207673,4.32369e-15
7682.277984,4.478281E-15
7686.348296,4.581691E-15
7690.418607,4.555007E-15
7694.488919,4.342471E-15
7698.55923,4.170971E-15
7702.629542,4.197164E-15
7706.699853,4.302692E-15
7710.770165,4.412841E-15
7714.840476,4.607161E-15
7718.910788,4.67253e-15
7722.981099,4.637896E-15
7727.051411,4.549834E-15
7731.121722,4.338724E-15
7735.192034,4.306224E-15
7739.262345,4.335455E-15
7743.332657,4.193737E-15
7747.402968,4.049177E-15
7751.47328,3.938317E-15
7755.543591,3.697264E-15
7759.613903,3.34205e-15
7763.684214,3.016651E-15
7767.754526,2.808159E-15
7771.824837,2.80979e-15
7775.895149,3.068144E-15
7779.96546,3.495111E-15
7784.035772,3.962976E-15
7788.106083,4.382795E-15
7792.176395,4.746156E-15
7796.246706,5.031503E-15
7800.317018,5.187553E-15
7804.387329,5.204909E-15
7808.457641,5.172419E-15
7812.527952,5.089022E-15
7816.598264,4.993271E-15
7820.668575,4.926134E-15
7824.738887,4.929642E-15
7828.809198,4.843826E-15
7832.87951,4.708401E-15
7836.949821,4.578266E-15
7841.020133,4.507713E-15
7845.090444,4.477727E-15
7849.160756,4.501155E-15
7853.231067,4.569492E-15
7857.301379,4.548565E-15
7861.37169,4.492371E-15
7865.442002,4.359524E-15
7869.512313,4.325208E-15
7873.582625,4.307824E-15
7877.652936,4.235095E-15
7881.723248,4.311998E-15
7885.793559,4.349452E-15
7889.863871,4.297716E-15
7893.934182,4.237702E-15
7898.004494,4.157535E-15
7902.074805,4.181233E-15
7906.145117,4.305589E-15
7910.215428,4.387209E-15
7914.28574,4.511795E-15
7918.356051,4.566828E-15
7922.426363,4.327506E-15
7926.496674,4.206198E-15
7930.566986,4.303018E-15
7934.637297,4.343236E-15
7938.707609,4.349263E-15
7942.77792,4.423946E-15
7946.848232,4.45833e-15
7950.918543,4.270699E-15
7954.988855,4.127736E-15
7959.059166,4.108664E-15
7963.129478,4.098492E-15
7967.199789,4.173319E-15
7971.270101,4.312851E-15
7975.340412,4.337198E-15
7979.410724,4.316396E-15
7983.481035,4.313199E-15
7987.551347,4.261172E-15
7991.621658,4.132584E-15
7995.69197,4.169183E-15
7999.762281,4.277379E-15
8003.832593,4.306518E-15
8007.902904,4.263162E-15
8011.973216,4.139068E-15
8016.043527,4.082211E-15
8020.113839,4.136897E-15
8024.18415,4.126118E-15
8028.254461,4.035154E-15
8032.324773,4.026012E-15
8036.395084,4.079601E-15
8040.465396,4.188286E-15
8044.535707,4.322416E-15
8048.606019,4.304842E-15
8052.67633,4.252053E-15
8056.746642,4.289399E-15
8060.816953,4.227964E-15
8064.887265,4.06549e-15
8068.957576,4.018885E-15
8073.027888,4.07444e-15
8077.098199,4.066046E-15
8081.168511,4.044161E-15
8085.238822,4.099102E-15
8089.309134,4.176152E-15
8093.379445,4.176828E-15
8097.449757,4.218023E-15
8101.520068,4.290514E-15
8105.59038,4.242891E-15
8109.660691,4.053834E-15
8113.731003,3.84688e-15
8117.801314,3.865723E-15
8121.871626,3.983782E-15
8125.941937,3.974755E-15
8130.012249,3.89752e-15
8134.08256,3.844078E-15
8138.152872,3.876084E-15
8142.223183,3.860531E-15
8146.293495,3.834593E-15
8150.363806,3.810819E-15
8154.434118,3.757083E-15
8158.504429,3.69711e-15
8162.574741,3.655306E-15
8166.645052,3.619439E-15
8170.715364,3.566137E-15
8174.785675,3.626282E-15
8178.855987,3.67371e-15
8182.926298,3.626468E-15
8186.99661,3.672211E-15
8191.066921,3.675815E-15
8195.137233,3.601115E-15
8199.207544,3.654105E-15
8203.277856,3.83496e-15
8207.348167,3.827954E-15
8211.418479,3.879734E-15
8215.48879,4.00811e-15
8219.559102,3.929945E-15
8223.629413,3.840516E-15
8227.699725,3.939782E-15
8231.770036,4.033855E-15
8235.840348,3.940235E-15
8239.910659,3.781386E-15
8243.980971,3.823511E-15
8248.051282,3.862722E-15
8252.121594,3.818383E-15
8256.191905,3.762841E-15
8260.262217,3.758928E-15
8264.332528,3.89763e-15
8268.40284,3.982941E-15
8272.473151,4.006255E-15
8276.543463,3.965364E-15
8280.613774,3.875383E-15
8284.684086,3.859243E-15
8288.754397,3.767887E-15
8292.824709,3.740039E-15
8296.89502,3.84323e-15
8300.965332,3.877009E-15
8305.035643,3.833855E-15
8309.105955,3.816866E-15
8313.176266,3.82809e-15
8317.246578,3.766465E-15
8321.316889,3.6701e-15
8325.387201,3.67473e-15
8329.457512,3.667967E-15
8333.527824,3.508105E-15
8337.598135,3.42457e-15
8341.668447,3.536622E-15
8345.738758,3.63779e-15
8349.80907,3.82455e-15
8353.879381,3.805483E-15
8357.949693,3.809367E-15
8362.020004,3.919245E-15
8366.090316,3.875699E-15
8370.160627,3.700715E-15
8374.230938,3.565567E-15
8378.30125,3.384503E-15
8382.371561,3.259829E-15
8386.441873,3.124017E-15
8390.512184,2.955226E-15
8394.582496,2.727541E-15
8398.652807,2.612965E-15
8402.723119,2.514826E-15
8406.79343,2.429757E-15
8410.863742,2.416008E-15
8414.934053,2.375072E-15
8419.004365,2.222393E-15
8423.074676,2.016396E-15
8427.144988,1.794802E-15
8431.215299,1.477157E-15
8435.285611,1.133825E-15
8439.355922,9.062656E-16
8443.426234,8.127321E-16
8447.496545,7.824593E-16
8451.566857,7.747183E-16
8455.637168,8.321433E-16
8459.70748,9.036095E-16
8463.777791,9.062431E-16
8467.848103,9.252036E-16
8471.918414,9.804768E-16
8475.988726,1.013667E-15
8480.059037,1.111028E-15
8484.129349,1.214912E-15
8488.19966,1.281477E-15
8492.269972,1.39439e-15
8496.340283,1.638758E-15
8500.410595,1.862712E-15
8504.480906,2.106306E-15
8508.551218,2.383289E-15
8512.621529,2.647263E-15
8516.691841,3.045632E-15
8520.762152,3.496426E-15
8524.832464,3.942603E-15
8528.902775,4.426473E-15
8532.973087,4.968848E-15
8537.043398,5.567746E-15
8541.11371,6.208757E-15
8545.184021,6.836143E-15
8549.254333,7.607665E-15
8553.324644,8.210873E-15
8557.394956,8.538592E-15
8561.465267,8.732893E-15
8565.535579,8.722678E-15
8569.60589,8.460206E-15
8573.676202,7.88592e-15
8577.746513,7.149739E-15
8581.816825,6.388e-15
8585.887136,5.526693E-15
8589.957448,4.691953E-15
8594.027759,4.010492E-15
8598.098071,3.443587E-15
8602.168382,3.009632E-15
8606.238694,2.750226E-15
8610.309005,2.611595E-15
8614.379317,2.545856E-15
8618.449628,2.57614e-15
8622.51994,2.698153E-15
8626.590251,2.868203E-15
8630.660563,3.010823E-15
8634.730874,3.200558E-15
8638.801186,3.453772E-15
8642.871497,3.770875E-15
8646.941809,4.19087e-15
8651.01212,4.613531E-15
8655.082432,5.1201e-15
8659.152743,5.690559E-15
8663.223055,6.334514E-15
8667.293366,6.907716E-15
8671.363678,7.484578E-15
8675.433989,8.0445e-15
8679.504301,8.50118e-15
8683.574612,8.954556E-15
8687.644924,9.164659E-15
8691.715235,9.239666E-15
8695.785547,9.307173E-15
8699.855858,9.372339E-15
8703.92617,9.444183E-15
8707.996481,9.398475E-15
8712.066793,9.298933E-15
8716.137104,9.170404E-15
8720.207415,8.93984e-15
8724.277727,8.677152E-15
8728.348038,8.440749E-15
8732.41835,8.191407E-15
8736.488661,7.817207E-15
8740.558973,7.482735E-15
8744.629284,7.329057E-15
8748.699596,7.090713E-15
8752.769907,6.80141e-15
8756.840219,6.619421E-15
8760.91053,6.508932E-15
8764.980842,6.38318e-15
8769.051153,6.100136E-15
8773.121465,5.90047e-15
8777.191776,5.798645E-15
8781.262088,5.562788E-15
8785.332399,5.248001E-15
8789.402711,4.989986E-15
8793.473022,4.738828E-15
8797.543334,4.534288E-15
8801.613645,4.364419E-15
8805.683957,4.231064E-15
8809.754268,4.141376E-15
8813.82458,4.05702e-15
8817.894891,3.96496e-15
8821.965203,3.850245E-15
8826.035514,3.902697E-15
8830.105826,3.924238E-15
8834.176137,3.799701E-15
8838.246449,3.860168E-15
8842.31676,3.912671E-15
8846.387072,3.834353E-15
8850.457383,3.812904E-15
8854.527695,3.762835E-15
8858.598006,3.665221E-15
8862.668318,3.606748E-15
8866.738629,3.568903E-15
8870.808941,3.562574E-15
8874.879252,3.61125e-15
8878.949564,3.67104e-15
8883.019875,3.755667E-15
8887.090187,3.828805E-15
8891.160498,3.771333E-15
8895.23081,3.685785E-15
8899.301121,3.614635E-15
8903.371433,3.451291E-15
8907.441744,3.294783E-15
8911.512056,3.150269E-15
8915.582367,2.921375E-15
8919.652679,2.782216E-15
8923.72299,2.769087E-15
8927.793302,2.749642E-15
8931.863613,2.815747E-15
8935.933925,2.875551E-15
8940.004236,2.989897E-15
8944.074548,3.1164e-15
8948.144859,3.259431E-15
8952.215171,3.295211E-15
8956.285482,3.212273E-15
8960.355794,3.227833E-15
8964.426105,3.355774E-15
8968.496417,3.242901E-15
8972.566728,3.082459E-15
8976.63704,3.082046E-15
8980.707351,3.092962E-15
8984.777663,3.168981E-15
8988.847974,3.208332E-15
8992.918286,3.384315E-15
8996.988597,3.545715E-15
9001.058909,3.388768E-15
9005.12922,3.330712E-15
9009.199532,3.343203E-15
9013.269843,3.33542e-15
9017.340155,3.209274E-15
9021.410466,3.155318E-15
9025.480778,3.171125E-15
9029.551089,3.262186E-15
9033.621401,3.374198E-15
9037.691712,3.388376E-15
9041.762024,3.400767E-15
9045.832335,3.305776E-15
9049.902647,2.939468E-15
9053.972958,2.694535E-15
9058.04327,2.48752e-15
9062.113581,2.309152E-15
9066.183892,2.25761e-15
9070.254204,2.217524E-15
9074.324515,2.195953E-15
9078.394827,2.097452E-15
9082.465138,1.886587E-15
9086.53545,1.811314E-15
9090.605761,1.836014E-15
9094.676073,1.902405E-15
9098.746384,2.068489E-15
9102.816696,2.227754E-15
9106.887007,2.372828E-15
9110.957319,2.386865E-15
9115.02763,2.440828E-15
9119.097942,2.701212E-15
9123.168253,2.846767E-15
9127.238565,2.932368E-15
9131.308876,3.056473E-15
9135.379188,3.198909E-15
9139.449499,3.498888E-15
9143.519811,3.618357E-15
9147.590122,3.468802E-15
9151.660434,3.361542E-15
9155.730745,3.30504e-15
9159.801057,3.134779E-15
9163.871368,2.914508E-15
9167.94168,2.839013E-15
9172.011991,2.807513E-15
9176.082303,2.726974E-15
9180.152614,2.683749E-15
9184.222926,2.663863E-15
9188.293237,2.62364e-15
9192.363549,2.580627E-15
9196.43386,2.558668E-15
9200.504172,2.434885E-15
9204.574483,2.25834e-15
9208.644795,2.151094E-15
9212.715106,1.998425E-15
9216.785418,1.938082E-15
9220.855729,1.982833E-15
9224.926041,1.972774E-15
9228.996352,2.015939E-15
9233.066664,2.141174E-15
9237.136975,2.299229E-15
9241.207287,2.462928E-15
9245.277598,2.550381E-15
9249.34791,2.61052e-15
9253.418221,2.707478E-15
9257.488533,2.76816e-15
9261.558844,2.779145E-15
9265.629156,2.838419E-15
9269.699467,2.887824E-15
9273.769779,2.803122E-15
9277.84009,2.678456E-15
9281.910402,2.742561E-15
9285.980713,2.871201E-15
9290.051025,2.767867E-15
9294.121336,2.822328E-15
9298.191648,2.908141E-15
9302.261959,2.76253e-15
9306.332271,2.676109E-15
9310.402582,2.683804E-15
9314.472894,2.674852E-15
9318.543205,2.531615E-15
9322.613517,2.378696E-15
9326.683828,2.637494E-15
9330.75414,2.603674E-15
9334.824451,2.439392E-15
9338.894763,2.616816E-15
9342.965074,2.911535E-15
9347.035386,2.75033e-15
9351.105697,2.71823e-15
9355.176009,2.679299E-15
9359.24632,2.635117E-15
9363.316632,2.650785E-15
9367.386943,2.60392e-15
9371.457255,2.503557E-15
9375.527566,2.43656e-15
9379.597878,2.507458E-15
9383.668189,2.522269E-15
9387.738501,2.487876E-15
9391.808812,2.540932E-15
9395.879124,2.444428E-15
9399.949435,2.22006e-15
9404.019747,2.093317E-15
9408.090058,2.070176E-15
9412.160369,2.195499E-15
9416.230681,2.32593e-15
9420.300992,2.318948E-15
9424.371304,2.403966E-15
9428.441615,2.514546E-15
9432.511927,2.42518e-15
9436.582238,2.360062E-15
9440.65255,2.410307E-15
9444.722861,2.600168E-15
9448.793173,2.495231E-15
9452.863484,2.43686e-15
9456.933796,2.60235e-15
9461.004107,2.822359E-15
9465.074419,2.684325E-15
9469.14473,2.501839E-15
9473.215042,2.483927E-15
9477.285353,2.52758e-15
9481.355665,2.640608E-15
9485.425976,2.655133E-15
9489.496288,2.610669E-15
9493.566599,2.729252E-15
9497.636911,3.15807e-15
9501.707222,3.390169E-15
9505.777534,3.158063E-15
9509.847845,2.749646E-15
9513.918157,2.648617E-15
9517.988468,2.732303E-15
9522.05878,2.861619E-15
9526.129091,2.993004E-15
9530.199403,2.960475E-15
9534.269714,2.84788e-15
9538.340026,2.874962E-15
9542.410337,2.957257E-15
9546.480649,2.974925E-15
9550.55096,3.132469E-15
9554.621272,3.271296E-15
9558.691583,3.250352E-15
9562.761895,3.292477E-15
9566.832206,3.252115E-15
9570.902518,3.217083E-15
9574.972829,3.254317E-15
9579.043141,3.247983E-15
9583.113452,3.061251E-15
9587.183764,2.677591E-15
9591.254075,2.649499E-15
9595.324387,2.649124E-15
9599.394698,2.398856E-15
9603.46501,2.124271E-15
9607.535321,2.035621E-15
9611.605633,2.005672E-15
9615.675944,1.832287E-15
9619.746256,1.817335E-15
9623.816567,1.738103E-15
9627.886879,1.670217E-15
9631.95719,1.691801E-15
9636.027502,1.795555E-15
9640.097813,1.829203E-15
9644.168125,1.829526E-15
9648.238436,1.741747E-15
9652.308748,1.800887E-15
9656.379059,1.973787E-15
9660.449371,2.087428E-15
9664.519682,2.22061e-15
9668.589994,2.349643E-15
9672.660305,2.381673E-15
9676.730617,2.533871E-15
9680.800928,2.758585E-15
9684.87124,2.770737E-15
9688.941551,2.828532E-15
9693.011863,2.893224E-15
9697.082174,2.91936e-15
9701.152486,3.015665E-15
9705.222797,3.261505E-15
9709.293109,3.628265E-15
9713.36342,3.607091E-15
9717.433732,3.395694E-15
9721.504043,3.297837E-15
9725.574355,3.391345E-15
9729.644666,3.474457E-15
9733.714978,3.470132E-15
9737.785289,3.424021E-15
9741.855601,3.191355E-15
9745.925912,3.198257E-15
9749.996224,3.306583E-15
9754.066535,3.261309E-15
9758.136846,3.253255E-15
9762.207158,3.024971E-15
9766.277469,2.752446E-15
9770.347781,2.663801E-15
9774.418092,2.6143e-15
9778.488404,2.58189e-15
9782.558715,2.539328E-15
9786.629027,2.51509e-15
9790.699338,2.47131e-15
9794.76965,2.519687E-15
9798.839961,2.685835E-15
9802.910273,2.659044E-15
9806.980584,2.527141E-15
9811.050896,2.44967e-15
9815.121207,2.363777E-15
9819.191519,2.396486E-15
9823.26183,2.477935E-15
9827.332142,2.547701E-15
9831.402453,2.625051E-15
9835.472765,2.617149E-15
9839.543076,2.578471E-15
9843.613388,2.542485E-15
9847.683699,2.682662E-15
9851.754011,2.677216E-15
9855.824322,2.56308e-15
9859.894634,2.525233E-15
9863.964945,2.614597E-15
9868.035257,2.39174e-15
9872.105568,2.188469E-15
9876.17588,2.073381E-15
9880.246191,1.99788e-15
9884.316503,1.992884E-15
9888.386814,1.989791E-15
9892.457126,1.976306E-15
9896.527437,1.93047e-15
9900.597749,1.925794E-15
9904.66806,1.954407E-15
9908.738372,1.878451E-15
9912.808683,1.775271E-15
9916.878995,1.758228E-15
9920.949306,1.694766E-15
9925.019618,1.547385E-15
9929.089929,1.489234E-15
9933.160241,1.43336e-15
9937.230552,1.374214E-15
9941.300864,1.350018E-15
9945.371175,1.340541E-15
9949.441487,1.319497E-15
9953.511798,1.264956E-15
9957.58211,1.296641E-15
9961.652421,1.31741e-15
9965.722733,1.342552E-15
9969.793044,1.391605E-15
9973.863356,1.418778E-15
9977.933667,1.40524e-15
9982.003979,1.392927E-15
9986.07429,1.475981E-15
9990.144602,1.468969E-15
9994.214913,1.477325E-15
9998.285225,1.425403E-15
10002.35554,1.486946E-15
10006.42585,1.54693e-15
10010.49616,1.592056E-15
10014.56647,1.692999E-15
10018.63678,1.762641E-15
10022.70709,1.797967E-15
10026.77741,1.859124E-15
10030.84772,1.950812E-15
10034.91803,2.02342e-15
10038.98834,2.091979E-15
10043.05865,2.146258E-15
10047.12896,2.256485E-15
10051.19927,2.370806E-15
10055.26959,2.428443E-15
10059.3399,2.358954E-15
10063.41021,2.240125E-15
10067.48052,2.190132E-15
10071.55083,2.194706E-15
10075.62114,2.169342E-15
10079.69145,2.089956E-15
10083.76177,1.982194E-15
10087.83208,1.906015E-15
10091.90239,1.898212E-15
10095.9727,1.86316e-15
10100.04301,1.805532E-15
10104.11332,1.816109E-15
10108.18363,1.862423E-15
10112.25395,1.802151E-15
10116.32426,1.844004E-15
10120.39457,1.980823E-15
10124.46488,2.019203E-15
10128.53519,1.918713E-15
10132.6055,1.87136e-15
10136.67582,1.921053E-15
10140.74613,1.858573E-15
10144.81644,1.912864E-15
10148.88675,1.846826E-15
10152.95706,1.769406E-15
10157.02737,1.716196E-15
10161.09768,1.680714E-15
10165.168,1.686501E-15
10169.23831,1.725589E-15
10173.30862,1.685173E-15
10177.37893,1.700642E-15
10181.44924,1.719708E-15
10185.51955,1.732912E-15
10189.58986,1.708565E-15
10193.66018,1.689144E-15
10197.73049,1.818288E-15
10201.8008,1.935894E-15
10205.87111,1.968493E-15
10209.94142,1.990636E-15
10214.01173,2.042288E-15
10218.08205,2.181607E-15
10222.15236,2.297598E-15
10226.22267,2.327619E-15
10230.29298,2.301958E-15
10234.36329,2.277375E-15
10238.4336,2.23348e-15
10242.50391,1.995047E-15
10246.57423,1.847458E-15
10250.64454,1.702715E-15
10254.71485,1.483152E-15
10258.78516,1.242158E-15
10262.85547,1.075314E-15
10266.92578,9.360875E-16
10270.99609,6.185592E-16
10275.06641,2.960272E-16
